id,type,opponent,elapsedTime,event,teamScore,opponentScore,pointDifference
200810290OKC,RS,MIL,0.0,,0,0,0
200810290OKC,RS,MIL,40.0,,0,2,-2
200810290OKC,RS,MIL,53.0,T,2,2,0
200810290OKC,RS,MIL,79.0,,2,4,-2
200810290OKC,RS,MIL,88.0,,3,4,-1
200810290OKC,RS,MIL,88.0,T,4,4,0
200810290OKC,RS,MIL,107.0,,4,6,-2
200810290OKC,RS,MIL,133.0,,4,8,-4
200810290OKC,RS,MIL,163.0,,4,10,-6
200810290OKC,RS,MIL,163.0,,4,11,-7
200810290OKC,RS,MIL,197.0,,5,11,-6
200810290OKC,RS,MIL,250.0,,5,13,-8
200810290OKC,RS,MIL,284.0,,6,13,-7
200810290OKC,RS,MIL,284.0,,7,13,-6
200810290OKC,RS,MIL,303.0,,7,15,-8
200810290OKC,RS,MIL,331.0,,7,18,-11
200810290OKC,RS,MIL,396.0,,9,18,-9
200810290OKC,RS,MIL,467.0,,9,19,-10
200810290OKC,RS,MIL,467.0,,9,20,-11
200810290OKC,RS,MIL,571.0,,11,20,-9
200810290OKC,RS,MIL,594.0,,13,20,-7
200810290OKC,RS,MIL,639.0,,13,22,-9
200810290OKC,RS,MIL,664.6,,14,22,-8
200810290OKC,RS,MIL,676.3,,14,24,-10
200810290OKC,RS,MIL,772.0,,15,24,-9
200810290OKC,RS,MIL,772.0,,16,24,-8
200810290OKC,RS,MIL,792.0,,18,24,-6
200810290OKC,RS,MIL,818.0,,18,26,-8
200810290OKC,RS,MIL,851.0,,18,28,-10
200810290OKC,RS,MIL,876.0,,18,29,-11
200810290OKC,RS,MIL,1002.0,,19,29,-10
200810290OKC,RS,MIL,1019.0,,20,29,-9
200810290OKC,RS,MIL,1038.0,,20,31,-11
200810290OKC,RS,MIL,1079.0,,20,32,-12
200810290OKC,RS,MIL,1079.0,,20,33,-13
200810290OKC,RS,MIL,1110.0,,20,36,-16
200810290OKC,RS,MIL,1123.0,,21,36,-15
200810290OKC,RS,MIL,1156.0,,21,38,-17
200810290OKC,RS,MIL,1175.0,,21,39,-18
200810290OKC,RS,MIL,1186.0,,23,39,-16
200810290OKC,RS,MIL,1198.0,,23,40,-17
200810290OKC,RS,MIL,1213.0,,25,40,-15
200810290OKC,RS,MIL,1229.0,,25,41,-16
200810290OKC,RS,MIL,1229.0,,25,42,-17
200810290OKC,RS,MIL,1243.0,,27,42,-15
200810290OKC,RS,MIL,1257.0,,27,45,-18
200810290OKC,RS,MIL,1272.0,,29,45,-16
200810290OKC,RS,MIL,1285.0,,29,47,-18
200810290OKC,RS,MIL,1299.0,,31,47,-16
200810290OKC,RS,MIL,1316.0,,32,47,-15
200810290OKC,RS,MIL,1316.0,,33,47,-14
200810290OKC,RS,MIL,1322.0,,33,48,-15
200810290OKC,RS,MIL,1322.0,,33,49,-16
200810290OKC,RS,MIL,1338.0,,35,49,-14
200810290OKC,RS,MIL,1350.0,,35,50,-15
200810290OKC,RS,MIL,1472.0,,35,53,-18
200810290OKC,RS,MIL,1487.0,,37,53,-16
200810290OKC,RS,MIL,1505.0,,37,56,-19
200810290OKC,RS,MIL,1549.0,,39,56,-17
200810290OKC,RS,MIL,1572.0,,39,58,-19
200810290OKC,RS,MIL,1615.0,,41,58,-17
200810290OKC,RS,MIL,1683.0,,41,60,-19
200810290OKC,RS,MIL,1697.0,,43,60,-17
200810290OKC,RS,MIL,1715.0,,43,63,-20
200810290OKC,RS,MIL,1772.0,,43,65,-22
200810290OKC,RS,MIL,1790.0,,45,65,-20
200810290OKC,RS,MIL,1821.0,,47,65,-18
200810290OKC,RS,MIL,1887.0,,47,67,-20
200810290OKC,RS,MIL,1915.0,,47,68,-21
200810290OKC,RS,MIL,1915.0,,47,69,-22
200810290OKC,RS,MIL,1949.0,,47,70,-23
200810290OKC,RS,MIL,1949.0,,47,71,-24
200810290OKC,RS,MIL,2001.0,,49,71,-22
200810290OKC,RS,MIL,2018.0,,49,73,-24
200810290OKC,RS,MIL,2035.0,,51,73,-22
200810290OKC,RS,MIL,2049.0,,51,75,-24
200810290OKC,RS,MIL,2063.0,,53,75,-22
200810290OKC,RS,MIL,2084.0,,55,75,-20
200810290OKC,RS,MIL,2096.0,,55,77,-22
200810290OKC,RS,MIL,2113.3,,56,77,-21
200810290OKC,RS,MIL,2113.3,,57,77,-20
200810290OKC,RS,MIL,2124.6,,57,79,-22
200810290OKC,RS,MIL,2159.0,,58,79,-21
200810290OKC,RS,MIL,2159.0,,59,79,-20
200810290OKC,RS,MIL,2198.0,,59,81,-22
200810290OKC,RS,MIL,2198.0,,59,82,-23
200810290OKC,RS,MIL,2215.0,,61,82,-21
200810290OKC,RS,MIL,2231.0,,63,82,-19
200810290OKC,RS,MIL,2251.0,,63,84,-21
200810290OKC,RS,MIL,2275.0,,64,84,-20
200810290OKC,RS,MIL,2306.0,,66,84,-18
200810290OKC,RS,MIL,2333.0,,66,86,-20
200810290OKC,RS,MIL,2352.0,,68,86,-18
200810290OKC,RS,MIL,2376.0,,68,88,-20
200810290OKC,RS,MIL,2396.0,,70,88,-18
200810290OKC,RS,MIL,2432.0,,72,88,-16
200810290OKC,RS,MIL,2448.0,,72,89,-17
200810290OKC,RS,MIL,2448.0,,72,90,-18
200810290OKC,RS,MIL,2462.0,,74,90,-16
200810290OKC,RS,MIL,2499.0,,76,90,-14
200810290OKC,RS,MIL,2569.0,,79,90,-11
200810290OKC,RS,MIL,2643.0,,79,92,-13
200810290OKC,RS,MIL,2696.0,,79,94,-15
200810290OKC,RS,MIL,2727.0,,79,97,-18
200810290OKC,RS,MIL,2744.0,,80,97,-17
200810290OKC,RS,MIL,2746.0,,81,97,-16
200810290OKC,RS,MIL,2786.0,,82,97,-15
200810290OKC,RS,MIL,2786.0,,83,97,-14
200810290OKC,RS,MIL,2793.0,,85,97,-12
200810290OKC,RS,MIL,2815.0,,85,98,-13
200810290OKC,RS,MIL,2874.2,F,87,98,-11
200810290OKC,RS,MIL,2880.0,,87,98,-11
200811010HOU,RS,HOU,0.0,,0,0,0
200811010HOU,RS,HOU,96.0,,0,2,-2
200811010HOU,RS,HOU,96.0,,0,3,-3
200811010HOU,RS,HOU,125.0,,0,5,-5
200811010HOU,RS,HOU,224.0,,2,5,-3
200811010HOU,RS,HOU,245.0,,4,5,-1
200811010HOU,RS,HOU,265.0,,4,7,-3
200811010HOU,RS,HOU,290.0,,6,7,-1
200811010HOU,RS,HOU,310.0,,6,9,-3
200811010HOU,RS,HOU,347.0,,8,9,-1
200811010HOU,RS,HOU,347.0,T,9,9,0
200811010HOU,RS,HOU,398.0,,9,11,-2
200811010HOU,RS,HOU,443.0,,9,13,-4
200811010HOU,RS,HOU,448.0,,11,13,-2
200811010HOU,RS,HOU,474.0,T,13,13,0
200811010HOU,RS,HOU,481.0,,13,14,-1
200811010HOU,RS,HOU,481.0,,13,15,-2
200811010HOU,RS,HOU,501.0,T,15,15,0
200811010HOU,RS,HOU,519.0,,15,16,-1
200811010HOU,RS,HOU,519.0,,15,17,-2
200811010HOU,RS,HOU,581.0,,15,18,-3
200811010HOU,RS,HOU,608.0,,15,19,-4
200811010HOU,RS,HOU,608.0,,15,20,-5
200811010HOU,RS,HOU,645.0,,17,20,-3
200811010HOU,RS,HOU,735.0,,19,20,-1
200811010HOU,RS,HOU,814.0,,19,22,-3
200811010HOU,RS,HOU,828.0,,21,22,-1
200811010HOU,RS,HOU,861.0,,21,23,-2
200811010HOU,RS,HOU,861.0,,21,24,-3
200811010HOU,RS,HOU,878.0,,22,24,-2
200811010HOU,RS,HOU,911.0,,22,26,-4
200811010HOU,RS,HOU,942.0,,22,28,-6
200811010HOU,RS,HOU,957.0,,24,28,-4
200811010HOU,RS,HOU,1047.0,,24,31,-7
200811010HOU,RS,HOU,1114.0,,24,34,-10
200811010HOU,RS,HOU,1138.0,,26,34,-8
200811010HOU,RS,HOU,1194.0,,28,34,-6
200811010HOU,RS,HOU,1210.0,,30,34,-4
200811010HOU,RS,HOU,1246.0,,32,34,-2
200811010HOU,RS,HOU,1269.0,,32,36,-4
200811010HOU,RS,HOU,1269.0,,32,37,-5
200811010HOU,RS,HOU,1279.0,,34,37,-3
200811010HOU,RS,HOU,1318.0,,36,37,-1
200811010HOU,RS,HOU,1332.0,,36,38,-2
200811010HOU,RS,HOU,1332.0,,36,39,-3
200811010HOU,RS,HOU,1365.0,,36,40,-4
200811010HOU,RS,HOU,1376.0,,38,40,-2
200811010HOU,RS,HOU,1376.0,,39,40,-1
200811010HOU,RS,HOU,1392.9,LC,41,40,1
200811010HOU,RS,HOU,1438.7,LC,41,42,-1
200811010HOU,RS,HOU,1450.0,LC,43,42,1
200811010HOU,RS,HOU,1488.0,LC,43,44,-1
200811010HOU,RS,HOU,1569.0,LC,45,44,1
200811010HOU,RS,HOU,1589.0,LC,45,46,-1
200811010HOU,RS,HOU,1595.0,LC,47,46,1
200811010HOU,RS,HOU,1612.0,T,47,47,0
200811010HOU,RS,HOU,1612.0,LC,47,48,-1
200811010HOU,RS,HOU,1645.0,,47,50,-3
200811010HOU,RS,HOU,1680.0,,47,53,-6
200811010HOU,RS,HOU,1744.0,,49,53,-4
200811010HOU,RS,HOU,1773.0,,51,53,-2
200811010HOU,RS,HOU,1813.0,,51,56,-5
200811010HOU,RS,HOU,1845.0,,51,57,-6
200811010HOU,RS,HOU,1845.0,,51,58,-7
200811010HOU,RS,HOU,1885.0,,53,58,-5
200811010HOU,RS,HOU,1917.0,,53,59,-6
200811010HOU,RS,HOU,1917.0,,53,60,-7
200811010HOU,RS,HOU,1925.0,,54,60,-6
200811010HOU,RS,HOU,1925.0,,55,60,-5
200811010HOU,RS,HOU,1974.0,,55,62,-7
200811010HOU,RS,HOU,2064.0,,55,65,-10
200811010HOU,RS,HOU,2077.0,,57,65,-8
200811010HOU,RS,HOU,2110.6,,59,65,-6
200811010HOU,RS,HOU,2173.0,,59,67,-8
200811010HOU,RS,HOU,2204.0,,59,68,-9
200811010HOU,RS,HOU,2204.0,,59,69,-10
200811010HOU,RS,HOU,2241.0,,59,71,-12
200811010HOU,RS,HOU,2283.0,,59,73,-14
200811010HOU,RS,HOU,2283.0,,59,74,-15
200811010HOU,RS,HOU,2294.0,,61,74,-13
200811010HOU,RS,HOU,2322.0,,61,75,-14
200811010HOU,RS,HOU,2343.0,,61,77,-16
200811010HOU,RS,HOU,2389.0,,63,77,-14
200811010HOU,RS,HOU,2410.0,,63,79,-16
200811010HOU,RS,HOU,2467.0,,64,79,-15
200811010HOU,RS,HOU,2467.0,,65,79,-14
200811010HOU,RS,HOU,2503.0,,67,79,-12
200811010HOU,RS,HOU,2513.0,,67,80,-13
200811010HOU,RS,HOU,2513.0,,67,81,-14
200811010HOU,RS,HOU,2563.0,,69,81,-12
200811010HOU,RS,HOU,2584.0,,69,83,-14
200811010HOU,RS,HOU,2627.0,,71,83,-12
200811010HOU,RS,HOU,2649.0,,71,85,-14
200811010HOU,RS,HOU,2690.0,,73,85,-12
200811010HOU,RS,HOU,2776.0,,73,86,-13
200811010HOU,RS,HOU,2817.0,,74,86,-12
200811010HOU,RS,HOU,2834.0,,74,89,-15
200811010HOU,RS,HOU,2842.9,,75,89,-14
200811010HOU,RS,HOU,2873.2,F,77,89,-12
200811010HOU,RS,HOU,2880.0,,77,89,-12
200811020OKC,RS,MIN,0.0,,0,0,0
200811020OKC,RS,MIN,63.0,,0,2,-2
200811020OKC,RS,MIN,77.0,T,2,2,0
200811020OKC,RS,MIN,115.0,,2,4,-2
200811020OKC,RS,MIN,162.0,,2,6,-4
200811020OKC,RS,MIN,178.0,,4,6,-2
200811020OKC,RS,MIN,219.0,,4,8,-4
200811020OKC,RS,MIN,262.0,,6,8,-2
200811020OKC,RS,MIN,328.0,,6,9,-3
200811020OKC,RS,MIN,328.0,,6,10,-4
200811020OKC,RS,MIN,358.0,,8,10,-2
200811020OKC,RS,MIN,383.0,,8,12,-4
200811020OKC,RS,MIN,400.0,,8,14,-6
200811020OKC,RS,MIN,420.0,,10,14,-4
200811020OKC,RS,MIN,480.0,,12,14,-2
200811020OKC,RS,MIN,496.0,,12,16,-4
200811020OKC,RS,MIN,527.0,,13,16,-3
200811020OKC,RS,MIN,569.0,,13,18,-5
200811020OKC,RS,MIN,586.0,,15,18,-3
200811020OKC,RS,MIN,611.0,,16,18,-2
200811020OKC,RS,MIN,634.0,,16,20,-4
200811020OKC,RS,MIN,651.0,,18,20,-2
200811020OKC,RS,MIN,680.6,T,20,20,0
200811020OKC,RS,MIN,735.0,,20,22,-2
200811020OKC,RS,MIN,823.0,,20,24,-4
200811020OKC,RS,MIN,823.0,,20,25,-5
200811020OKC,RS,MIN,850.0,,20,27,-7
200811020OKC,RS,MIN,908.0,,20,29,-9
200811020OKC,RS,MIN,939.0,,21,29,-8
200811020OKC,RS,MIN,939.0,,22,29,-7
200811020OKC,RS,MIN,967.0,,24,29,-5
200811020OKC,RS,MIN,993.0,,24,31,-7
200811020OKC,RS,MIN,1006.0,,26,31,-5
200811020OKC,RS,MIN,1026.0,,26,33,-7
200811020OKC,RS,MIN,1047.0,,28,33,-5
200811020OKC,RS,MIN,1064.0,,28,35,-7
200811020OKC,RS,MIN,1064.0,,28,36,-8
200811020OKC,RS,MIN,1073.0,,30,36,-6
200811020OKC,RS,MIN,1097.0,,31,36,-5
200811020OKC,RS,MIN,1097.0,,32,36,-4
200811020OKC,RS,MIN,1113.0,,32,37,-5
200811020OKC,RS,MIN,1113.0,,32,38,-6
200811020OKC,RS,MIN,1142.0,,32,41,-9
200811020OKC,RS,MIN,1155.0,,34,41,-7
200811020OKC,RS,MIN,1197.0,,36,41,-5
200811020OKC,RS,MIN,1218.0,,36,43,-7
200811020OKC,RS,MIN,1236.0,,38,43,-5
200811020OKC,RS,MIN,1264.0,,39,43,-4
200811020OKC,RS,MIN,1264.0,,40,43,-3
200811020OKC,RS,MIN,1298.0,,42,43,-1
200811020OKC,RS,MIN,1318.0,LC,44,43,1
200811020OKC,RS,MIN,1345.0,LC,44,45,-1
200811020OKC,RS,MIN,1358.0,T,45,45,0
200811020OKC,RS,MIN,1358.0,LC,46,45,1
200811020OKC,RS,MIN,1419.3,T,46,46,0
200811020OKC,RS,MIN,1419.3,LC,46,47,-1
200811020OKC,RS,MIN,1454.0,,46,49,-3
200811020OKC,RS,MIN,1480.0,,46,51,-5
200811020OKC,RS,MIN,1510.0,,46,54,-8
200811020OKC,RS,MIN,1527.0,,49,54,-5
200811020OKC,RS,MIN,1605.0,,49,57,-8
200811020OKC,RS,MIN,1624.0,,50,57,-7
200811020OKC,RS,MIN,1624.0,,51,57,-6
200811020OKC,RS,MIN,1642.0,,51,59,-8
200811020OKC,RS,MIN,1675.0,,51,61,-10
200811020OKC,RS,MIN,1697.0,,53,61,-8
200811020OKC,RS,MIN,1705.0,,53,63,-10
200811020OKC,RS,MIN,1790.0,,53,64,-11
200811020OKC,RS,MIN,1790.0,,53,65,-12
200811020OKC,RS,MIN,1812.0,,55,65,-10
200811020OKC,RS,MIN,1846.0,,57,65,-8
200811020OKC,RS,MIN,1868.0,,57,67,-10
200811020OKC,RS,MIN,1884.0,,59,67,-8
200811020OKC,RS,MIN,1936.0,,59,69,-10
200811020OKC,RS,MIN,1961.0,,61,69,-8
200811020OKC,RS,MIN,1978.0,,61,71,-10
200811020OKC,RS,MIN,2035.0,,63,71,-8
200811020OKC,RS,MIN,2081.0,,63,72,-9
200811020OKC,RS,MIN,2081.0,,63,73,-10
200811020OKC,RS,MIN,2099.0,,65,73,-8
200811020OKC,RS,MIN,2099.0,,66,73,-7
200811020OKC,RS,MIN,2117.2,,68,73,-5
200811020OKC,RS,MIN,2159.4,,70,73,-3
200811020OKC,RS,MIN,2179.0,,72,73,-1
200811020OKC,RS,MIN,2235.0,LC,74,73,1
200811020OKC,RS,MIN,2271.0,,76,73,3
200811020OKC,RS,MIN,2299.0,,76,75,1
200811020OKC,RS,MIN,2352.0,,78,75,3
200811020OKC,RS,MIN,2367.0,,78,76,2
200811020OKC,RS,MIN,2367.0,,78,77,1
200811020OKC,RS,MIN,2399.0,LC,78,79,-1
200811020OKC,RS,MIN,2446.0,LC,80,79,1
200811020OKC,RS,MIN,2470.0,,82,79,3
200811020OKC,RS,MIN,2492.0,,82,81,1
200811020OKC,RS,MIN,2514.0,,84,81,3
200811020OKC,RS,MIN,2536.0,,84,82,2
200811020OKC,RS,MIN,2536.0,,84,83,1
200811020OKC,RS,MIN,2719.0,LC,84,85,-1
200811020OKC,RS,MIN,2741.0,LC,86,85,1
200811020OKC,RS,MIN,2863.6,F,88,85,3
200811020OKC,RS,MIN,2880.0,,88,85,3
200811050OKC,RS,BOS,0.0,,0,0,0
200811050OKC,RS,BOS,28.0,,2,0,2
200811050OKC,RS,BOS,51.0,,4,0,4
200811050OKC,RS,BOS,86.0,,6,0,6
200811050OKC,RS,BOS,103.0,,6,2,4
200811050OKC,RS,BOS,150.0,,6,4,2
200811050OKC,RS,BOS,171.0,T,6,6,0
200811050OKC,RS,BOS,184.0,,8,6,2
200811050OKC,RS,BOS,198.0,T,8,8,0
200811050OKC,RS,BOS,224.0,,10,8,2
200811050OKC,RS,BOS,267.0,,11,8,3
200811050OKC,RS,BOS,267.0,,12,8,4
200811050OKC,RS,BOS,291.0,,12,11,1
200811050OKC,RS,BOS,318.0,T,12,12,0
200811050OKC,RS,BOS,355.0,,15,12,3
200811050OKC,RS,BOS,391.0,,18,12,6
200811050OKC,RS,BOS,412.0,,18,14,4
200811050OKC,RS,BOS,433.0,,18,17,1
200811050OKC,RS,BOS,486.0,,20,17,3
200811050OKC,RS,BOS,534.0,,21,17,4
200811050OKC,RS,BOS,568.0,,21,19,2
200811050OKC,RS,BOS,599.0,,22,19,3
200811050OKC,RS,BOS,599.0,,23,19,4
200811050OKC,RS,BOS,622.0,,23,20,3
200811050OKC,RS,BOS,622.0,,23,21,2
200811050OKC,RS,BOS,669.0,,25,21,4
200811050OKC,RS,BOS,699.2,,27,21,6
200811050OKC,RS,BOS,702.2,,29,21,8
200811050OKC,RS,BOS,744.0,,29,24,5
200811050OKC,RS,BOS,801.0,,29,25,4
200811050OKC,RS,BOS,823.0,,29,27,2
200811050OKC,RS,BOS,875.0,T,29,29,0
200811050OKC,RS,BOS,875.0,LC,29,30,-1
200811050OKC,RS,BOS,903.0,LC,31,30,1
200811050OKC,RS,BOS,912.0,T,31,31,0
200811050OKC,RS,BOS,912.0,LC,31,32,-1
200811050OKC,RS,BOS,973.0,,31,33,-2
200811050OKC,RS,BOS,973.0,,31,34,-3
200811050OKC,RS,BOS,1002.0,,31,36,-5
200811050OKC,RS,BOS,1008.0,,32,36,-4
200811050OKC,RS,BOS,1008.0,,33,36,-3
200811050OKC,RS,BOS,1046.0,,33,37,-4
200811050OKC,RS,BOS,1046.0,,33,38,-5
200811050OKC,RS,BOS,1078.0,,33,40,-7
200811050OKC,RS,BOS,1082.0,,34,40,-6
200811050OKC,RS,BOS,1082.0,,35,40,-5
200811050OKC,RS,BOS,1115.0,,36,40,-4
200811050OKC,RS,BOS,1127.0,,36,42,-6
200811050OKC,RS,BOS,1208.0,,36,43,-7
200811050OKC,RS,BOS,1208.0,,36,44,-8
200811050OKC,RS,BOS,1266.0,,36,46,-10
200811050OKC,RS,BOS,1287.0,,38,46,-8
200811050OKC,RS,BOS,1313.0,,40,46,-6
200811050OKC,RS,BOS,1333.0,,40,48,-8
200811050OKC,RS,BOS,1351.0,,42,48,-6
200811050OKC,RS,BOS,1369.0,,42,50,-8
200811050OKC,RS,BOS,1382.1,,44,50,-6
200811050OKC,RS,BOS,1413.0,,44,51,-7
200811050OKC,RS,BOS,1456.0,,44,53,-9
200811050OKC,RS,BOS,1474.0,,46,53,-7
200811050OKC,RS,BOS,1504.0,,48,53,-5
200811050OKC,RS,BOS,1568.0,,48,55,-7
200811050OKC,RS,BOS,1668.0,,48,58,-10
200811050OKC,RS,BOS,1787.0,,50,58,-8
200811050OKC,RS,BOS,1827.0,,50,60,-10
200811050OKC,RS,BOS,1857.0,,50,62,-12
200811050OKC,RS,BOS,1876.0,,53,62,-9
200811050OKC,RS,BOS,1906.0,,53,64,-11
200811050OKC,RS,BOS,1930.0,,53,66,-13
200811050OKC,RS,BOS,1930.0,,53,67,-14
200811050OKC,RS,BOS,1984.0,,53,70,-17
200811050OKC,RS,BOS,1997.0,,55,70,-15
200811050OKC,RS,BOS,2212.0,,57,70,-13
200811050OKC,RS,BOS,2237.0,,57,72,-15
200811050OKC,RS,BOS,2309.0,,59,72,-13
200811050OKC,RS,BOS,2318.0,,59,74,-15
200811050OKC,RS,BOS,2340.0,,61,74,-13
200811050OKC,RS,BOS,2366.0,,61,77,-16
200811050OKC,RS,BOS,2382.0,,63,77,-14
200811050OKC,RS,BOS,2434.0,,63,79,-16
200811050OKC,RS,BOS,2548.0,,65,79,-14
200811050OKC,RS,BOS,2548.0,,66,79,-13
200811050OKC,RS,BOS,2603.0,,66,81,-15
200811050OKC,RS,BOS,2624.0,,67,81,-14
200811050OKC,RS,BOS,2624.0,,68,81,-13
200811050OKC,RS,BOS,2650.0,,68,82,-14
200811050OKC,RS,BOS,2666.0,,70,82,-12
200811050OKC,RS,BOS,2680.0,,70,84,-14
200811050OKC,RS,BOS,2693.0,,72,84,-12
200811050OKC,RS,BOS,2711.0,,72,86,-14
200811050OKC,RS,BOS,2725.0,,73,86,-13
200811050OKC,RS,BOS,2725.0,,74,86,-12
200811050OKC,RS,BOS,2737.0,,74,88,-14
200811050OKC,RS,BOS,2737.0,,74,89,-15
200811050OKC,RS,BOS,2752.0,,77,89,-12
200811050OKC,RS,BOS,2803.0,,77,91,-14
200811050OKC,RS,BOS,2837.4,,77,94,-17
200811050OKC,RS,BOS,2844.2,,80,94,-14
200811050OKC,RS,BOS,2865.2,,80,96,-16
200811050OKC,RS,BOS,2869.7,F,83,96,-13
200811050OKC,RS,BOS,2880.0,,83,96,-13
200811070UTA,RS,UTA,0.0,,0,0,0
200811070UTA,RS,UTA,20.0,,2,0,2
200811070UTA,RS,UTA,61.0,,3,0,3
200811070UTA,RS,UTA,61.0,,4,0,4
200811070UTA,RS,UTA,123.0,,6,0,6
200811070UTA,RS,UTA,154.0,,8,0,8
200811070UTA,RS,UTA,179.0,,8,3,5
200811070UTA,RS,UTA,236.0,,10,3,7
200811070UTA,RS,UTA,254.0,,10,5,5
200811070UTA,RS,UTA,282.0,,10,7,3
200811070UTA,RS,UTA,324.0,,10,9,1
200811070UTA,RS,UTA,358.0,LC,10,12,-2
200811070UTA,RS,UTA,394.0,,10,14,-4
200811070UTA,RS,UTA,450.0,,10,15,-5
200811070UTA,RS,UTA,479.0,,10,18,-8
200811070UTA,RS,UTA,508.0,,10,19,-9
200811070UTA,RS,UTA,508.0,,10,20,-10
200811070UTA,RS,UTA,524.0,,10,22,-12
200811070UTA,RS,UTA,555.0,,10,24,-14
200811070UTA,RS,UTA,641.0,,11,24,-13
200811070UTA,RS,UTA,641.0,,12,24,-12
200811070UTA,RS,UTA,659.0,,12,26,-14
200811070UTA,RS,UTA,678.5,,13,26,-13
200811070UTA,RS,UTA,687.2,,13,27,-14
200811070UTA,RS,UTA,691.5,,14,27,-13
200811070UTA,RS,UTA,691.5,,15,27,-12
200811070UTA,RS,UTA,713.5,,15,29,-14
200811070UTA,RS,UTA,766.0,,15,31,-16
200811070UTA,RS,UTA,792.0,,15,33,-18
200811070UTA,RS,UTA,817.0,,17,33,-16
200811070UTA,RS,UTA,843.0,,17,34,-17
200811070UTA,RS,UTA,854.0,,18,34,-16
200811070UTA,RS,UTA,854.0,,19,34,-15
200811070UTA,RS,UTA,910.0,,21,34,-13
200811070UTA,RS,UTA,928.0,,21,36,-15
200811070UTA,RS,UTA,1043.0,,21,38,-17
200811070UTA,RS,UTA,1064.0,,21,40,-19
200811070UTA,RS,UTA,1098.0,,23,40,-17
200811070UTA,RS,UTA,1124.0,,23,42,-19
200811070UTA,RS,UTA,1124.0,,23,43,-20
200811070UTA,RS,UTA,1163.0,,23,45,-22
200811070UTA,RS,UTA,1246.0,,23,47,-24
200811070UTA,RS,UTA,1262.0,,26,47,-21
200811070UTA,RS,UTA,1275.0,,26,49,-23
200811070UTA,RS,UTA,1314.0,,26,50,-24
200811070UTA,RS,UTA,1314.0,,26,51,-25
200811070UTA,RS,UTA,1340.0,,27,51,-24
200811070UTA,RS,UTA,1340.0,,28,51,-23
200811070UTA,RS,UTA,1358.0,,28,52,-24
200811070UTA,RS,UTA,1358.0,,28,53,-25
200811070UTA,RS,UTA,1380.5,,28,54,-26
200811070UTA,RS,UTA,1380.5,,28,55,-27
200811070UTA,RS,UTA,1406.6,,29,55,-26
200811070UTA,RS,UTA,1413.9,,29,58,-29
200811070UTA,RS,UTA,1461.0,,29,60,-31
200811070UTA,RS,UTA,1480.0,,32,60,-28
200811070UTA,RS,UTA,1502.0,,34,60,-26
200811070UTA,RS,UTA,1534.0,,36,60,-24
200811070UTA,RS,UTA,1546.0,,36,61,-25
200811070UTA,RS,UTA,1546.0,,36,62,-26
200811070UTA,RS,UTA,1559.0,,38,62,-24
200811070UTA,RS,UTA,1628.0,,41,62,-21
200811070UTA,RS,UTA,1677.0,,42,62,-20
200811070UTA,RS,UTA,1677.0,,43,62,-19
200811070UTA,RS,UTA,1696.0,,43,65,-22
200811070UTA,RS,UTA,1707.0,,45,65,-20
200811070UTA,RS,UTA,1707.0,,46,65,-19
200811070UTA,RS,UTA,1740.0,,48,65,-17
200811070UTA,RS,UTA,1764.0,,50,65,-15
200811070UTA,RS,UTA,1781.0,,50,67,-17
200811070UTA,RS,UTA,1811.0,,50,69,-19
200811070UTA,RS,UTA,1830.0,,52,69,-17
200811070UTA,RS,UTA,1867.0,,53,69,-16
200811070UTA,RS,UTA,1867.0,,54,69,-15
200811070UTA,RS,UTA,1905.0,,54,71,-17
200811070UTA,RS,UTA,1926.0,,55,71,-16
200811070UTA,RS,UTA,1926.0,,56,71,-15
200811070UTA,RS,UTA,1951.0,,56,73,-17
200811070UTA,RS,UTA,2057.0,,56,75,-19
200811070UTA,RS,UTA,2078.0,,57,75,-18
200811070UTA,RS,UTA,2089.0,,57,76,-19
200811070UTA,RS,UTA,2089.0,,57,77,-20
200811070UTA,RS,UTA,2104.0,,59,77,-18
200811070UTA,RS,UTA,2121.9,,59,78,-19
200811070UTA,RS,UTA,2131.7,,61,78,-17
200811070UTA,RS,UTA,2159.2,,63,78,-15
200811070UTA,RS,UTA,2178.0,,65,78,-13
200811070UTA,RS,UTA,2219.0,,67,78,-11
200811070UTA,RS,UTA,2236.0,,67,79,-12
200811070UTA,RS,UTA,2250.0,,69,79,-10
200811070UTA,RS,UTA,2264.0,,69,81,-12
200811070UTA,RS,UTA,2276.0,,71,81,-10
200811070UTA,RS,UTA,2303.0,,71,83,-12
200811070UTA,RS,UTA,2382.0,,72,83,-11
200811070UTA,RS,UTA,2429.0,,74,83,-9
200811070UTA,RS,UTA,2459.0,,74,84,-10
200811070UTA,RS,UTA,2471.0,,76,84,-8
200811070UTA,RS,UTA,2490.0,,76,86,-10
200811070UTA,RS,UTA,2513.0,,78,86,-8
200811070UTA,RS,UTA,2530.0,,78,87,-9
200811070UTA,RS,UTA,2530.0,,78,88,-10
200811070UTA,RS,UTA,2556.0,,78,90,-12
200811070UTA,RS,UTA,2576.0,,80,90,-10
200811070UTA,RS,UTA,2591.0,,80,92,-12
200811070UTA,RS,UTA,2614.0,,80,95,-15
200811070UTA,RS,UTA,2630.0,,80,96,-16
200811070UTA,RS,UTA,2630.0,,80,97,-17
200811070UTA,RS,UTA,2684.0,,80,99,-19
200811070UTA,RS,UTA,2703.0,,83,99,-16
200811070UTA,RS,UTA,2759.0,,86,99,-13
200811070UTA,RS,UTA,2774.0,,86,101,-15
200811070UTA,RS,UTA,2781.0,,88,101,-13
200811070UTA,RS,UTA,2781.0,,89,101,-12
200811070UTA,RS,UTA,2797.0,,89,102,-13
200811070UTA,RS,UTA,2797.0,,89,103,-14
200811070UTA,RS,UTA,2818.0,,91,103,-12
200811070UTA,RS,UTA,2843.7,,93,103,-10
200811070UTA,RS,UTA,2862.9,,95,103,-8
200811070UTA,RS,UTA,2867.4,,95,104,-9
200811070UTA,RS,UTA,2877.5,F,97,104,-7
200811070UTA,RS,UTA,2880.0,,97,104,-7
200811090OKC,RS,ATL,0.0,,0,0,0
200811090OKC,RS,ATL,17.0,,0,2,-2
200811090OKC,RS,ATL,44.0,,0,5,-5
200811090OKC,RS,ATL,108.0,,0,7,-7
200811090OKC,RS,ATL,160.0,,1,7,-6
200811090OKC,RS,ATL,204.0,,1,9,-8
200811090OKC,RS,ATL,262.0,,3,9,-6
200811090OKC,RS,ATL,276.0,,3,11,-8
200811090OKC,RS,ATL,298.0,,3,12,-9
200811090OKC,RS,ATL,422.0,,5,12,-7
200811090OKC,RS,ATL,444.0,,5,14,-9
200811090OKC,RS,ATL,495.0,,5,16,-11
200811090OKC,RS,ATL,513.0,,7,16,-9
200811090OKC,RS,ATL,531.0,,7,17,-10
200811090OKC,RS,ATL,574.0,,9,17,-8
200811090OKC,RS,ATL,626.0,,11,17,-6
200811090OKC,RS,ATL,649.0,,12,17,-5
200811090OKC,RS,ATL,665.1,,12,19,-7
200811090OKC,RS,ATL,682.5,,14,19,-5
200811090OKC,RS,ATL,691.1,,14,20,-6
200811090OKC,RS,ATL,714.5,,14,22,-8
200811090OKC,RS,ATL,807.0,,16,22,-6
200811090OKC,RS,ATL,840.0,,18,22,-4
200811090OKC,RS,ATL,840.0,,19,22,-3
200811090OKC,RS,ATL,856.0,,19,24,-5
200811090OKC,RS,ATL,876.0,,21,24,-3
200811090OKC,RS,ATL,890.0,,21,26,-5
200811090OKC,RS,ATL,914.0,,23,26,-3
200811090OKC,RS,ATL,930.0,,23,27,-4
200811090OKC,RS,ATL,930.0,,23,28,-5
200811090OKC,RS,ATL,967.0,,25,28,-3
200811090OKC,RS,ATL,991.0,,25,30,-5
200811090OKC,RS,ATL,1059.0,,27,30,-3
200811090OKC,RS,ATL,1094.0,,28,30,-2
200811090OKC,RS,ATL,1104.0,T,30,30,0
200811090OKC,RS,ATL,1134.0,,30,33,-3
200811090OKC,RS,ATL,1186.0,,32,33,-1
200811090OKC,RS,ATL,1205.0,,32,34,-2
200811090OKC,RS,ATL,1205.0,,32,35,-3
200811090OKC,RS,ATL,1222.0,T,35,35,0
200811090OKC,RS,ATL,1327.0,,35,38,-3
200811090OKC,RS,ATL,1334.0,,37,38,-1
200811090OKC,RS,ATL,1369.0,LC,39,38,1
200811090OKC,RS,ATL,1392.3,,41,38,3
200811090OKC,RS,ATL,1490.0,T,41,41,0
200811090OKC,RS,ATL,1517.0,,43,41,2
200811090OKC,RS,ATL,1574.0,T,43,43,0
200811090OKC,RS,ATL,1584.0,,45,43,2
200811090OKC,RS,ATL,1614.0,,47,43,4
200811090OKC,RS,ATL,1651.0,,47,45,2
200811090OKC,RS,ATL,1670.0,LC,47,48,-1
200811090OKC,RS,ATL,1710.0,,47,50,-3
200811090OKC,RS,ATL,1720.0,T,50,50,0
200811090OKC,RS,ATL,1749.0,LC,52,50,2
200811090OKC,RS,ATL,1773.0,,52,51,1
200811090OKC,RS,ATL,1773.0,T,52,52,0
200811090OKC,RS,ATL,1821.0,,54,52,2
200811090OKC,RS,ATL,1838.0,,54,53,1
200811090OKC,RS,ATL,1873.0,,56,53,3
200811090OKC,RS,ATL,2071.0,,58,53,5
200811090OKC,RS,ATL,2091.0,,58,55,3
200811090OKC,RS,ATL,2101.9,,59,55,4
200811090OKC,RS,ATL,2101.9,,60,55,5
200811090OKC,RS,ATL,2117.9,,60,57,3
200811090OKC,RS,ATL,2136.6,,60,58,2
200811090OKC,RS,ATL,2159.6,,62,58,4
200811090OKC,RS,ATL,2179.0,,62,60,2
200811090OKC,RS,ATL,2225.0,,64,60,4
200811090OKC,RS,ATL,2269.0,,64,61,3
200811090OKC,RS,ATL,2269.0,,64,62,2
200811090OKC,RS,ATL,2301.0,T,64,64,0
200811090OKC,RS,ATL,2322.0,LC,64,65,-1
200811090OKC,RS,ATL,2322.0,,64,66,-2
200811090OKC,RS,ATL,2336.0,T,66,66,0
200811090OKC,RS,ATL,2371.0,LC,68,66,2
200811090OKC,RS,ATL,2394.0,,68,67,1
200811090OKC,RS,ATL,2394.0,T,68,68,0
200811090OKC,RS,ATL,2425.0,,70,68,2
200811090OKC,RS,ATL,2455.0,,71,68,3
200811090OKC,RS,ATL,2455.0,,72,68,4
200811090OKC,RS,ATL,2475.0,,74,68,6
200811090OKC,RS,ATL,2475.0,,75,68,7
200811090OKC,RS,ATL,2496.0,,75,69,6
200811090OKC,RS,ATL,2496.0,,75,70,5
200811090OKC,RS,ATL,2512.0,,75,72,3
200811090OKC,RS,ATL,2533.0,,77,72,5
200811090OKC,RS,ATL,2555.0,,77,75,2
200811090OKC,RS,ATL,2581.0,T,77,77,0
200811090OKC,RS,ATL,2653.0,LC,77,80,-3
200811090OKC,RS,ATL,2696.0,,78,80,-2
200811090OKC,RS,ATL,2725.0,,79,80,-1
200811090OKC,RS,ATL,2725.0,T,80,80,0
200811090OKC,RS,ATL,2742.0,,80,82,-2
200811090OKC,RS,ATL,2790.0,,80,84,-4
200811090OKC,RS,ATL,2845.7,,80,85,-5
200811090OKC,RS,ATL,2845.7,,80,86,-6
200811090OKC,RS,ATL,2851.1,,81,86,-5
200811090OKC,RS,ATL,2852.7,,81,87,-6
200811090OKC,RS,ATL,2863.3,,82,87,-5
200811090OKC,RS,ATL,2863.3,,83,87,-4
200811090OKC,RS,ATL,2864.1,,83,88,-5
200811090OKC,RS,ATL,2869.9,,85,88,-3
200811090OKC,RS,ATL,2870.2,F,85,89,-4
200811090OKC,RS,ATL,2880.0,,85,89,-4
200811100IND,RS,IND,0.0,,0,0,0
200811100IND,RS,IND,19.0,,0,2,-2
200811100IND,RS,IND,37.0,T,2,2,0
200811100IND,RS,IND,51.0,,2,3,-1
200811100IND,RS,IND,51.0,,2,4,-2
200811100IND,RS,IND,65.0,T,4,4,0
200811100IND,RS,IND,85.0,,4,5,-1
200811100IND,RS,IND,85.0,,4,6,-2
200811100IND,RS,IND,131.0,,4,8,-4
200811100IND,RS,IND,145.0,,6,8,-2
200811100IND,RS,IND,166.0,,6,10,-4
200811100IND,RS,IND,173.0,,8,10,-2
200811100IND,RS,IND,197.0,T,10,10,0
200811100IND,RS,IND,226.0,LC,11,10,1
200811100IND,RS,IND,226.0,,12,10,2
200811100IND,RS,IND,251.0,,14,10,4
200811100IND,RS,IND,265.0,,14,12,2
200811100IND,RS,IND,274.0,,16,12,4
200811100IND,RS,IND,296.0,,19,12,7
200811100IND,RS,IND,315.0,,19,14,5
200811100IND,RS,IND,338.0,,20,14,6
200811100IND,RS,IND,347.0,,23,14,9
200811100IND,RS,IND,391.0,,23,16,7
200811100IND,RS,IND,417.0,,23,18,5
200811100IND,RS,IND,432.0,,25,18,7
200811100IND,RS,IND,524.0,,25,20,5
200811100IND,RS,IND,559.0,,27,20,7
200811100IND,RS,IND,581.0,,28,20,8
200811100IND,RS,IND,601.0,,29,20,9
200811100IND,RS,IND,601.0,,30,20,10
200811100IND,RS,IND,613.0,,30,22,8
200811100IND,RS,IND,635.0,,32,22,10
200811100IND,RS,IND,659.0,,34,22,12
200811100IND,RS,IND,671.7,,34,23,11
200811100IND,RS,IND,671.7,,34,24,10
200811100IND,RS,IND,741.0,,36,24,12
200811100IND,RS,IND,764.0,,37,24,13
200811100IND,RS,IND,799.0,,39,24,15
200811100IND,RS,IND,857.0,,39,27,12
200811100IND,RS,IND,892.0,,39,29,10
200811100IND,RS,IND,953.0,,39,31,8
200811100IND,RS,IND,983.0,,39,33,6
200811100IND,RS,IND,1013.0,,39,34,5
200811100IND,RS,IND,1013.0,,39,35,4
200811100IND,RS,IND,1075.0,,39,36,3
200811100IND,RS,IND,1075.0,,39,37,2
200811100IND,RS,IND,1100.0,,41,37,4
200811100IND,RS,IND,1122.0,,41,39,2
200811100IND,RS,IND,1171.0,,43,39,4
200811100IND,RS,IND,1195.0,,46,39,7
200811100IND,RS,IND,1228.0,,46,41,5
200811100IND,RS,IND,1255.0,,47,41,6
200811100IND,RS,IND,1255.0,,48,41,7
200811100IND,RS,IND,1276.0,,48,44,4
200811100IND,RS,IND,1327.0,,49,44,5
200811100IND,RS,IND,1355.0,,49,46,3
200811100IND,RS,IND,1363.0,,51,46,5
200811100IND,RS,IND,1371.0,,51,48,3
200811100IND,RS,IND,1462.0,,54,48,6
200811100IND,RS,IND,1488.0,,56,48,8
200811100IND,RS,IND,1509.0,,56,50,6
200811100IND,RS,IND,1523.0,,56,52,4
200811100IND,RS,IND,1565.0,,58,52,6
200811100IND,RS,IND,1574.0,,58,54,4
200811100IND,RS,IND,1585.0,,58,56,2
200811100IND,RS,IND,1636.0,,58,57,1
200811100IND,RS,IND,1636.0,T,58,58,0
200811100IND,RS,IND,1681.0,LC,58,60,-2
200811100IND,RS,IND,1725.0,,58,63,-5
200811100IND,RS,IND,1742.0,,60,63,-3
200811100IND,RS,IND,1787.0,,60,65,-5
200811100IND,RS,IND,1820.0,,60,67,-7
200811100IND,RS,IND,1880.0,,62,67,-5
200811100IND,RS,IND,1894.0,,62,68,-6
200811100IND,RS,IND,1894.0,,62,69,-7
200811100IND,RS,IND,1912.0,,64,69,-5
200811100IND,RS,IND,1912.0,,65,69,-4
200811100IND,RS,IND,1934.0,,65,71,-6
200811100IND,RS,IND,1948.0,,67,71,-4
200811100IND,RS,IND,1980.0,,69,71,-2
200811100IND,RS,IND,1980.0,,70,71,-1
200811100IND,RS,IND,1991.0,,70,73,-3
200811100IND,RS,IND,2025.0,,70,75,-5
200811100IND,RS,IND,2066.0,,71,75,-4
200811100IND,RS,IND,2066.0,,72,75,-3
200811100IND,RS,IND,2082.0,,72,77,-5
200811100IND,RS,IND,2097.0,,75,77,-2
200811100IND,RS,IND,2124.6,T,77,77,0
200811100IND,RS,IND,2124.6,LC,78,77,1
200811100IND,RS,IND,2140.0,T,78,78,0
200811100IND,RS,IND,2199.0,LC,78,80,-2
200811100IND,RS,IND,2199.0,,78,81,-3
200811100IND,RS,IND,2214.0,,80,81,-1
200811100IND,RS,IND,2309.0,LC,82,81,1
200811100IND,RS,IND,2323.0,LC,82,83,-1
200811100IND,RS,IND,2343.0,LC,84,83,1
200811100IND,RS,IND,2361.0,LC,84,85,-1
200811100IND,RS,IND,2381.0,LC,86,85,1
200811100IND,RS,IND,2398.0,LC,86,87,-1
200811100IND,RS,IND,2415.0,T,87,87,0
200811100IND,RS,IND,2468.0,LC,88,87,1
200811100IND,RS,IND,2468.0,,89,87,2
200811100IND,RS,IND,2486.0,T,89,89,0
200811100IND,RS,IND,2529.0,LC,89,91,-2
200811100IND,RS,IND,2554.0,,89,93,-4
200811100IND,RS,IND,2587.0,,89,94,-5
200811100IND,RS,IND,2595.0,,91,94,-3
200811100IND,RS,IND,2607.0,,91,95,-4
200811100IND,RS,IND,2616.0,,92,95,-3
200811100IND,RS,IND,2616.0,,93,95,-2
200811100IND,RS,IND,2651.0,,94,95,-1
200811100IND,RS,IND,2651.0,T,95,95,0
200811100IND,RS,IND,2717.0,,95,96,-1
200811100IND,RS,IND,2747.0,,95,98,-3
200811100IND,RS,IND,2769.0,,95,100,-5
200811100IND,RS,IND,2783.0,,97,100,-3
200811100IND,RS,IND,2806.0,,97,103,-6
200811100IND,RS,IND,2821.4,,99,103,-4
200811100IND,RS,IND,2842.6,,99,105,-6
200811100IND,RS,IND,2851.4,,99,106,-7
200811100IND,RS,IND,2851.4,F,99,107,-8
200811100IND,RS,IND,2880.0,,99,107,-8
200811120OKC,RS,ORL,0.0,,0,0,0
200811120OKC,RS,ORL,62.0,,0,3,-3
200811120OKC,RS,ORL,82.0,,0,5,-5
200811120OKC,RS,ORL,102.0,,2,5,-3
200811120OKC,RS,ORL,129.0,,4,5,-1
200811120OKC,RS,ORL,145.0,,4,8,-4
200811120OKC,RS,ORL,158.0,,4,10,-6
200811120OKC,RS,ORL,174.0,,6,10,-4
200811120OKC,RS,ORL,196.0,,8,10,-2
200811120OKC,RS,ORL,215.0,,8,12,-4
200811120OKC,RS,ORL,246.0,,8,14,-6
200811120OKC,RS,ORL,246.0,,8,15,-7
200811120OKC,RS,ORL,261.0,,10,15,-5
200811120OKC,RS,ORL,276.0,,10,17,-7
200811120OKC,RS,ORL,310.0,,10,19,-9
200811120OKC,RS,ORL,317.0,,12,19,-7
200811120OKC,RS,ORL,341.0,,12,21,-9
200811120OKC,RS,ORL,358.0,,14,21,-7
200811120OKC,RS,ORL,387.0,,14,22,-8
200811120OKC,RS,ORL,387.0,,14,23,-9
200811120OKC,RS,ORL,421.0,,14,26,-12
200811120OKC,RS,ORL,437.0,,16,26,-10
200811120OKC,RS,ORL,453.0,,16,28,-12
200811120OKC,RS,ORL,463.0,,17,28,-11
200811120OKC,RS,ORL,477.0,,17,30,-13
200811120OKC,RS,ORL,537.0,,17,33,-16
200811120OKC,RS,ORL,537.0,,17,34,-17
200811120OKC,RS,ORL,644.0,,19,34,-15
200811120OKC,RS,ORL,669.0,,19,36,-17
200811120OKC,RS,ORL,669.0,,19,37,-18
200811120OKC,RS,ORL,719.5,,19,39,-20
200811120OKC,RS,ORL,743.0,,20,39,-19
200811120OKC,RS,ORL,743.0,,21,39,-18
200811120OKC,RS,ORL,768.0,,21,42,-21
200811120OKC,RS,ORL,796.0,,21,44,-23
200811120OKC,RS,ORL,823.0,,21,45,-24
200811120OKC,RS,ORL,823.0,,21,46,-25
200811120OKC,RS,ORL,842.0,,23,46,-23
200811120OKC,RS,ORL,905.0,,23,48,-25
200811120OKC,RS,ORL,915.0,,24,48,-24
200811120OKC,RS,ORL,915.0,,25,48,-23
200811120OKC,RS,ORL,965.0,,25,50,-25
200811120OKC,RS,ORL,992.0,,27,50,-23
200811120OKC,RS,ORL,1015.0,,29,50,-21
200811120OKC,RS,ORL,1030.0,,29,52,-23
200811120OKC,RS,ORL,1040.0,,29,54,-25
200811120OKC,RS,ORL,1056.0,,31,54,-23
200811120OKC,RS,ORL,1089.0,,34,54,-20
200811120OKC,RS,ORL,1118.0,,34,56,-22
200811120OKC,RS,ORL,1144.0,,36,56,-20
200811120OKC,RS,ORL,1166.0,,36,59,-23
200811120OKC,RS,ORL,1195.0,,36,61,-25
200811120OKC,RS,ORL,1300.0,,37,61,-24
200811120OKC,RS,ORL,1320.0,,37,62,-25
200811120OKC,RS,ORL,1320.0,,37,63,-26
200811120OKC,RS,ORL,1334.0,,38,63,-25
200811120OKC,RS,ORL,1334.0,,39,63,-24
200811120OKC,RS,ORL,1348.0,,39,65,-26
200811120OKC,RS,ORL,1357.0,,42,65,-23
200811120OKC,RS,ORL,1401.5,,42,66,-24
200811120OKC,RS,ORL,1401.5,,42,67,-25
200811120OKC,RS,ORL,1411.2,,42,68,-26
200811120OKC,RS,ORL,1411.2,,42,69,-27
200811120OKC,RS,ORL,1439.7,,42,71,-29
200811120OKC,RS,ORL,1463.0,,42,73,-31
200811120OKC,RS,ORL,1519.0,,42,74,-32
200811120OKC,RS,ORL,1536.0,,44,74,-30
200811120OKC,RS,ORL,1566.0,,46,74,-28
200811120OKC,RS,ORL,1584.0,,48,74,-26
200811120OKC,RS,ORL,1642.0,,48,76,-28
200811120OKC,RS,ORL,1706.0,,48,78,-30
200811120OKC,RS,ORL,1725.0,,50,78,-28
200811120OKC,RS,ORL,1746.0,,50,80,-30
200811120OKC,RS,ORL,1784.0,,52,80,-28
200811120OKC,RS,ORL,1819.0,,52,81,-29
200811120OKC,RS,ORL,1830.0,,54,81,-27
200811120OKC,RS,ORL,1874.0,,57,81,-24
200811120OKC,RS,ORL,1890.0,,57,82,-25
200811120OKC,RS,ORL,1932.0,,59,82,-23
200811120OKC,RS,ORL,1958.0,,61,82,-21
200811120OKC,RS,ORL,1979.0,,61,85,-24
200811120OKC,RS,ORL,1999.0,,63,85,-22
200811120OKC,RS,ORL,2033.0,,65,85,-20
200811120OKC,RS,ORL,2045.0,,65,87,-22
200811120OKC,RS,ORL,2102.7,,67,87,-20
200811120OKC,RS,ORL,2133.3,,69,87,-18
200811120OKC,RS,ORL,2157.9,,70,87,-17
200811120OKC,RS,ORL,2157.9,,71,87,-16
200811120OKC,RS,ORL,2187.0,,72,87,-15
200811120OKC,RS,ORL,2187.0,,73,87,-14
200811120OKC,RS,ORL,2226.0,,73,89,-16
200811120OKC,RS,ORL,2257.0,,73,91,-18
200811120OKC,RS,ORL,2280.0,,74,91,-17
200811120OKC,RS,ORL,2280.0,,75,91,-16
200811120OKC,RS,ORL,2354.0,,75,92,-17
200811120OKC,RS,ORL,2354.0,,75,93,-18
200811120OKC,RS,ORL,2385.0,,76,93,-17
200811120OKC,RS,ORL,2401.0,,76,95,-19
200811120OKC,RS,ORL,2425.0,,76,96,-20
200811120OKC,RS,ORL,2425.0,,76,97,-21
200811120OKC,RS,ORL,2442.0,,78,97,-19
200811120OKC,RS,ORL,2505.0,,78,99,-21
200811120OKC,RS,ORL,2532.0,,80,99,-19
200811120OKC,RS,ORL,2558.0,,80,101,-21
200811120OKC,RS,ORL,2589.0,,80,103,-23
200811120OKC,RS,ORL,2602.0,,81,103,-22
200811120OKC,RS,ORL,2626.0,,81,105,-24
200811120OKC,RS,ORL,2635.0,,82,105,-23
200811120OKC,RS,ORL,2635.0,,83,105,-22
200811120OKC,RS,ORL,2644.0,,83,107,-24
200811120OKC,RS,ORL,2679.0,,84,107,-23
200811120OKC,RS,ORL,2679.0,,85,107,-22
200811120OKC,RS,ORL,2750.0,,87,107,-20
200811120OKC,RS,ORL,2802.0,,89,107,-18
200811120OKC,RS,ORL,2816.0,,89,109,-20
200811120OKC,RS,ORL,2825.7,,90,109,-19
200811120OKC,RS,ORL,2843.9,F,92,109,-17
200811120OKC,RS,ORL,2880.0,,92,109,-17
200811140NYK,RS,NYK,0.0,,0,0,0
200811140NYK,RS,NYK,25.0,,2,0,2
200811140NYK,RS,NYK,48.0,,4,0,4
200811140NYK,RS,NYK,56.0,,4,1,3
200811140NYK,RS,NYK,56.0,,4,2,2
200811140NYK,RS,NYK,113.0,T,4,4,0
200811140NYK,RS,NYK,151.0,LC,4,6,-2
200811140NYK,RS,NYK,167.0,T,6,6,0
200811140NYK,RS,NYK,182.0,,6,8,-2
200811140NYK,RS,NYK,198.0,T,8,8,0
200811140NYK,RS,NYK,214.0,,8,11,-3
200811140NYK,RS,NYK,306.0,,8,13,-5
200811140NYK,RS,NYK,358.0,,8,15,-7
200811140NYK,RS,NYK,374.0,,10,15,-5
200811140NYK,RS,NYK,396.0,,10,18,-8
200811140NYK,RS,NYK,409.0,,11,18,-7
200811140NYK,RS,NYK,420.0,,11,20,-9
200811140NYK,RS,NYK,430.0,,13,20,-7
200811140NYK,RS,NYK,443.0,,13,22,-9
200811140NYK,RS,NYK,462.0,,13,25,-12
200811140NYK,RS,NYK,482.0,,15,25,-10
200811140NYK,RS,NYK,505.0,,17,25,-8
200811140NYK,RS,NYK,515.0,,17,27,-10
200811140NYK,RS,NYK,543.0,,18,27,-9
200811140NYK,RS,NYK,561.0,,18,28,-10
200811140NYK,RS,NYK,574.0,,20,28,-8
200811140NYK,RS,NYK,597.0,,20,29,-9
200811140NYK,RS,NYK,597.0,,20,30,-10
200811140NYK,RS,NYK,615.0,,20,32,-12
200811140NYK,RS,NYK,638.0,,20,34,-14
200811140NYK,RS,NYK,663.7,,20,35,-15
200811140NYK,RS,NYK,712.1,,20,37,-17
200811140NYK,RS,NYK,736.0,,20,39,-19
200811140NYK,RS,NYK,762.0,,20,41,-21
200811140NYK,RS,NYK,787.0,,20,44,-24
200811140NYK,RS,NYK,819.0,,22,44,-22
200811140NYK,RS,NYK,839.0,,24,44,-20
200811140NYK,RS,NYK,839.0,,25,44,-19
200811140NYK,RS,NYK,853.0,,25,46,-21
200811140NYK,RS,NYK,860.0,,27,46,-19
200811140NYK,RS,NYK,892.0,,29,46,-17
200811140NYK,RS,NYK,898.0,,29,48,-19
200811140NYK,RS,NYK,913.0,,32,48,-16
200811140NYK,RS,NYK,941.0,,34,48,-14
200811140NYK,RS,NYK,977.0,,34,50,-16
200811140NYK,RS,NYK,1054.0,,34,52,-18
200811140NYK,RS,NYK,1071.0,,36,52,-16
200811140NYK,RS,NYK,1089.0,,36,53,-17
200811140NYK,RS,NYK,1166.0,,36,55,-19
200811140NYK,RS,NYK,1175.0,,38,55,-17
200811140NYK,RS,NYK,1195.0,,38,57,-19
200811140NYK,RS,NYK,1220.0,,38,58,-20
200811140NYK,RS,NYK,1220.0,,38,59,-21
200811140NYK,RS,NYK,1253.0,,40,59,-19
200811140NYK,RS,NYK,1269.0,,40,61,-21
200811140NYK,RS,NYK,1269.0,,40,62,-22
200811140NYK,RS,NYK,1345.0,,40,64,-24
200811140NYK,RS,NYK,1367.0,,40,65,-25
200811140NYK,RS,NYK,1367.0,,40,66,-26
200811140NYK,RS,NYK,1377.0,,41,66,-25
200811140NYK,RS,NYK,1377.0,,42,66,-24
200811140NYK,RS,NYK,1384.7,,42,68,-26
200811140NYK,RS,NYK,1396.8,,44,68,-24
200811140NYK,RS,NYK,1480.0,,46,68,-22
200811140NYK,RS,NYK,1508.0,,48,68,-20
200811140NYK,RS,NYK,1522.0,,48,71,-23
200811140NYK,RS,NYK,1534.0,,50,71,-21
200811140NYK,RS,NYK,1544.0,,50,73,-23
200811140NYK,RS,NYK,1565.0,,50,75,-25
200811140NYK,RS,NYK,1592.0,,50,78,-28
200811140NYK,RS,NYK,1605.0,,52,78,-26
200811140NYK,RS,NYK,1630.0,,52,81,-29
200811140NYK,RS,NYK,1644.0,,54,81,-27
200811140NYK,RS,NYK,1670.0,,54,83,-29
200811140NYK,RS,NYK,1670.0,,54,84,-30
200811140NYK,RS,NYK,1680.0,,55,84,-29
200811140NYK,RS,NYK,1680.0,,56,84,-28
200811140NYK,RS,NYK,1714.0,,58,84,-26
200811140NYK,RS,NYK,1731.0,,58,86,-28
200811140NYK,RS,NYK,1769.0,,60,86,-26
200811140NYK,RS,NYK,1793.0,,60,88,-28
200811140NYK,RS,NYK,1812.0,,62,88,-26
200811140NYK,RS,NYK,1833.0,,64,88,-24
200811140NYK,RS,NYK,1852.0,,64,90,-26
200811140NYK,RS,NYK,1871.0,,66,90,-24
200811140NYK,RS,NYK,1878.0,,66,91,-25
200811140NYK,RS,NYK,1878.0,,66,92,-26
200811140NYK,RS,NYK,1916.0,,67,92,-25
200811140NYK,RS,NYK,1916.0,,68,92,-24
200811140NYK,RS,NYK,1957.0,,70,92,-22
200811140NYK,RS,NYK,2027.0,,72,92,-20
200811140NYK,RS,NYK,2057.0,,73,92,-19
200811140NYK,RS,NYK,2067.0,,73,93,-20
200811140NYK,RS,NYK,2119.7,,74,93,-19
200811140NYK,RS,NYK,2119.7,,75,93,-18
200811140NYK,RS,NYK,2152.3,,77,93,-16
200811140NYK,RS,NYK,2235.0,,79,93,-14
200811140NYK,RS,NYK,2282.0,,79,95,-16
200811140NYK,RS,NYK,2282.0,,79,96,-17
200811140NYK,RS,NYK,2311.0,,81,96,-15
200811140NYK,RS,NYK,2335.0,,81,98,-17
200811140NYK,RS,NYK,2349.0,,83,98,-15
200811140NYK,RS,NYK,2357.0,,83,99,-16
200811140NYK,RS,NYK,2357.0,,83,100,-17
200811140NYK,RS,NYK,2367.0,,84,100,-16
200811140NYK,RS,NYK,2367.0,,85,100,-15
200811140NYK,RS,NYK,2405.0,,87,100,-13
200811140NYK,RS,NYK,2443.0,,89,100,-11
200811140NYK,RS,NYK,2470.0,,89,101,-12
200811140NYK,RS,NYK,2488.0,,91,101,-10
200811140NYK,RS,NYK,2541.0,,93,101,-8
200811140NYK,RS,NYK,2555.0,,93,102,-9
200811140NYK,RS,NYK,2566.0,,95,102,-7
200811140NYK,RS,NYK,2645.0,,95,104,-9
200811140NYK,RS,NYK,2679.0,,95,105,-10
200811140NYK,RS,NYK,2679.0,,95,106,-11
200811140NYK,RS,NYK,2695.0,,97,106,-9
200811140NYK,RS,NYK,2729.0,,97,107,-10
200811140NYK,RS,NYK,2729.0,,97,108,-11
200811140NYK,RS,NYK,2740.0,,99,108,-9
200811140NYK,RS,NYK,2740.0,,100,108,-8
200811140NYK,RS,NYK,2757.0,,100,110,-10
200811140NYK,RS,NYK,2786.0,,100,112,-12
200811140NYK,RS,NYK,2795.0,,101,112,-11
200811140NYK,RS,NYK,2795.0,,102,112,-10
200811140NYK,RS,NYK,2815.0,,102,113,-11
200811140NYK,RS,NYK,2815.0,,102,114,-12
200811140NYK,RS,NYK,2824.1,,104,114,-10
200811140NYK,RS,NYK,2854.2,,106,114,-8
200811140NYK,RS,NYK,2855.1,,106,115,-9
200811140NYK,RS,NYK,2858.9,F,106,116,-10
200811140NYK,RS,NYK,2880.0,,106,116,-10
200811150PHI,RS,PHI,0.0,,0,0,0
200811150PHI,RS,PHI,26.0,,2,0,2
200811150PHI,RS,PHI,46.0,T,2,2,0
200811150PHI,RS,PHI,79.0,,4,2,2
200811150PHI,RS,PHI,93.0,T,4,4,0
200811150PHI,RS,PHI,110.0,,6,4,2
200811150PHI,RS,PHI,183.0,T,6,6,0
200811150PHI,RS,PHI,242.0,LC,6,7,-1
200811150PHI,RS,PHI,242.0,,6,8,-2
200811150PHI,RS,PHI,254.0,T,8,8,0
200811150PHI,RS,PHI,273.0,,8,9,-1
200811150PHI,RS,PHI,273.0,,8,10,-2
200811150PHI,RS,PHI,304.0,T,10,10,0
200811150PHI,RS,PHI,333.0,,10,12,-2
200811150PHI,RS,PHI,390.0,,10,14,-4
200811150PHI,RS,PHI,440.0,,10,16,-6
200811150PHI,RS,PHI,465.0,,10,18,-8
200811150PHI,RS,PHI,494.0,,10,20,-10
200811150PHI,RS,PHI,511.0,,12,20,-8
200811150PHI,RS,PHI,591.0,,14,20,-6
200811150PHI,RS,PHI,627.0,,14,22,-8
200811150PHI,RS,PHI,647.0,,16,22,-6
200811150PHI,RS,PHI,664.1,,16,24,-8
200811150PHI,RS,PHI,676.2,,18,24,-6
200811150PHI,RS,PHI,710.6,,19,24,-5
200811150PHI,RS,PHI,719.5,,22,24,-2
200811150PHI,RS,PHI,757.0,,22,26,-4
200811150PHI,RS,PHI,786.0,,24,26,-2
200811150PHI,RS,PHI,813.0,,25,26,-1
200811150PHI,RS,PHI,813.0,T,26,26,0
200811150PHI,RS,PHI,852.0,,26,27,-1
200811150PHI,RS,PHI,879.0,LC,28,27,1
200811150PHI,RS,PHI,917.0,,30,27,3
200811150PHI,RS,PHI,953.0,,30,29,1
200811150PHI,RS,PHI,996.0,LC,30,31,-1
200811150PHI,RS,PHI,1016.0,LC,32,31,1
200811150PHI,RS,PHI,1039.0,LC,32,34,-2
200811150PHI,RS,PHI,1053.0,T,34,34,0
200811150PHI,RS,PHI,1072.0,,34,36,-2
200811150PHI,RS,PHI,1089.0,T,36,36,0
200811150PHI,RS,PHI,1100.0,,36,37,-1
200811150PHI,RS,PHI,1100.0,,36,38,-2
200811150PHI,RS,PHI,1130.0,,36,40,-4
200811150PHI,RS,PHI,1147.0,,38,40,-2
200811150PHI,RS,PHI,1166.0,,38,42,-4
200811150PHI,RS,PHI,1210.0,,38,44,-6
200811150PHI,RS,PHI,1328.0,,38,45,-7
200811150PHI,RS,PHI,1376.0,,40,45,-5
200811150PHI,RS,PHI,1400.1,,40,46,-6
200811150PHI,RS,PHI,1435.1,,42,46,-4
200811150PHI,RS,PHI,1457.0,,42,48,-6
200811150PHI,RS,PHI,1476.0,,42,50,-8
200811150PHI,RS,PHI,1493.0,,44,50,-6
200811150PHI,RS,PHI,1517.0,,44,53,-9
200811150PHI,RS,PHI,1532.0,,46,53,-7
200811150PHI,RS,PHI,1580.0,,46,55,-9
200811150PHI,RS,PHI,1600.0,,46,57,-11
200811150PHI,RS,PHI,1633.0,,48,57,-9
200811150PHI,RS,PHI,1651.0,,48,59,-11
200811150PHI,RS,PHI,1707.0,,48,61,-13
200811150PHI,RS,PHI,1733.0,,48,63,-15
200811150PHI,RS,PHI,1773.0,,48,65,-17
200811150PHI,RS,PHI,1807.0,,48,67,-19
200811150PHI,RS,PHI,1829.0,,50,67,-17
200811150PHI,RS,PHI,1871.0,,50,69,-19
200811150PHI,RS,PHI,1884.0,,51,69,-18
200811150PHI,RS,PHI,1891.0,,53,69,-16
200811150PHI,RS,PHI,1911.0,,53,71,-18
200811150PHI,RS,PHI,1928.0,,53,73,-20
200811150PHI,RS,PHI,1949.0,,53,75,-22
200811150PHI,RS,PHI,1975.0,,53,76,-23
200811150PHI,RS,PHI,1975.0,,53,77,-24
200811150PHI,RS,PHI,1983.0,,54,77,-23
200811150PHI,RS,PHI,1983.0,,55,77,-22
200811150PHI,RS,PHI,2018.0,,55,79,-24
200811150PHI,RS,PHI,2041.0,,56,79,-23
200811150PHI,RS,PHI,2041.0,,57,79,-22
200811150PHI,RS,PHI,2068.0,,58,79,-21
200811150PHI,RS,PHI,2081.0,,60,79,-19
200811150PHI,RS,PHI,2186.0,,62,79,-17
200811150PHI,RS,PHI,2216.0,,62,81,-19
200811150PHI,RS,PHI,2268.0,,62,84,-22
200811150PHI,RS,PHI,2292.0,,64,84,-20
200811150PHI,RS,PHI,2307.0,,64,86,-22
200811150PHI,RS,PHI,2334.0,,64,88,-24
200811150PHI,RS,PHI,2352.0,,65,88,-23
200811150PHI,RS,PHI,2352.0,,66,88,-22
200811150PHI,RS,PHI,2364.0,,66,89,-23
200811150PHI,RS,PHI,2364.0,,66,90,-24
200811150PHI,RS,PHI,2388.0,,66,92,-26
200811150PHI,RS,PHI,2477.0,,66,93,-27
200811150PHI,RS,PHI,2490.0,,68,93,-25
200811150PHI,RS,PHI,2529.0,,68,95,-27
200811150PHI,RS,PHI,2556.0,,70,95,-25
200811150PHI,RS,PHI,2580.0,,71,95,-24
200811150PHI,RS,PHI,2580.0,,72,95,-23
200811150PHI,RS,PHI,2596.0,,72,97,-25
200811150PHI,RS,PHI,2635.0,,75,97,-22
200811150PHI,RS,PHI,2664.0,,75,99,-24
200811150PHI,RS,PHI,2682.0,,77,99,-22
200811150PHI,RS,PHI,2688.0,,79,99,-20
200811150PHI,RS,PHI,2722.0,,79,102,-23
200811150PHI,RS,PHI,2760.0,,79,104,-25
200811150PHI,RS,PHI,2774.0,,81,104,-23
200811150PHI,RS,PHI,2785.0,,81,107,-26
200811150PHI,RS,PHI,2828.4,,82,107,-25
200811150PHI,RS,PHI,2828.4,,83,107,-24
200811150PHI,RS,PHI,2843.1,,83,110,-27
200811150PHI,RS,PHI,2851.3,F,85,110,-25
200811150PHI,RS,PHI,2880.0,,85,110,-25
200811170OKC,RS,HOU,0.0,,0,0,0
200811170OKC,RS,HOU,39.0,,0,2,-2
200811170OKC,RS,HOU,93.0,T,2,2,0
200811170OKC,RS,HOU,123.0,,2,4,-2
200811170OKC,RS,HOU,137.0,T,4,4,0
200811170OKC,RS,HOU,157.0,LC,6,4,2
200811170OKC,RS,HOU,207.0,T,6,6,0
200811170OKC,RS,HOU,239.0,,8,6,2
200811170OKC,RS,HOU,262.0,LC,8,9,-1
200811170OKC,RS,HOU,276.0,,8,10,-2
200811170OKC,RS,HOU,276.0,,8,11,-3
200811170OKC,RS,HOU,299.0,T,11,11,0
200811170OKC,RS,HOU,325.0,LC,13,11,2
200811170OKC,RS,HOU,343.0,T,13,13,0
200811170OKC,RS,HOU,354.0,LC,13,15,-2
200811170OKC,RS,HOU,370.0,T,15,15,0
200811170OKC,RS,HOU,397.0,LC,16,15,1
200811170OKC,RS,HOU,421.0,,18,15,3
200811170OKC,RS,HOU,461.0,,18,17,1
200811170OKC,RS,HOU,480.0,LC,18,19,-1
200811170OKC,RS,HOU,498.0,LC,21,19,2
200811170OKC,RS,HOU,519.0,T,21,21,0
200811170OKC,RS,HOU,519.0,LC,21,22,-1
200811170OKC,RS,HOU,532.0,LC,23,22,1
200811170OKC,RS,HOU,532.0,,24,22,2
200811170OKC,RS,HOU,546.0,,24,23,1
200811170OKC,RS,HOU,546.0,T,24,24,0
200811170OKC,RS,HOU,555.0,,26,24,2
200811170OKC,RS,HOU,584.0,,28,24,4
200811170OKC,RS,HOU,603.0,,28,26,2
200811170OKC,RS,HOU,660.2,T,28,28,0
200811170OKC,RS,HOU,679.5,,30,28,2
200811170OKC,RS,HOU,685.5,,30,29,1
200811170OKC,RS,HOU,685.5,T,30,30,0
200811170OKC,RS,HOU,718.4,LC,30,32,-2
200811170OKC,RS,HOU,783.0,T,32,32,0
200811170OKC,RS,HOU,807.0,LC,34,32,2
200811170OKC,RS,HOU,828.0,T,34,34,0
200811170OKC,RS,HOU,873.0,,35,34,1
200811170OKC,RS,HOU,873.0,,36,34,2
200811170OKC,RS,HOU,886.0,T,36,36,0
200811170OKC,RS,HOU,902.0,,38,36,2
200811170OKC,RS,HOU,939.0,T,38,38,0
200811170OKC,RS,HOU,953.0,,40,38,2
200811170OKC,RS,HOU,1015.0,T,40,40,0
200811170OKC,RS,HOU,1076.0,,42,40,2
200811170OKC,RS,HOU,1111.0,T,42,42,0
200811170OKC,RS,HOU,1173.0,LC,42,44,-2
200811170OKC,RS,HOU,1186.0,T,44,44,0
200811170OKC,RS,HOU,1200.0,,44,46,-2
200811170OKC,RS,HOU,1243.0,T,46,46,0
200811170OKC,RS,HOU,1243.0,LC,47,46,1
200811170OKC,RS,HOU,1259.0,LC,47,48,-1
200811170OKC,RS,HOU,1316.0,,47,50,-3
200811170OKC,RS,HOU,1352.0,,47,52,-5
200811170OKC,RS,HOU,1378.0,,50,52,-2
200811170OKC,RS,HOU,1399.4,,50,54,-4
200811170OKC,RS,HOU,1413.0,,50,55,-5
200811170OKC,RS,HOU,1413.0,,50,56,-6
200811170OKC,RS,HOU,1462.0,,50,58,-8
200811170OKC,RS,HOU,1512.0,,50,60,-10
200811170OKC,RS,HOU,1525.0,,52,60,-8
200811170OKC,RS,HOU,1544.0,,52,62,-10
200811170OKC,RS,HOU,1613.0,,52,64,-12
200811170OKC,RS,HOU,1671.0,,52,66,-14
200811170OKC,RS,HOU,1685.0,,53,66,-13
200811170OKC,RS,HOU,1702.0,,53,68,-15
200811170OKC,RS,HOU,1728.0,,53,70,-17
200811170OKC,RS,HOU,1742.0,,54,70,-16
200811170OKC,RS,HOU,1823.0,,54,72,-18
200811170OKC,RS,HOU,1859.0,,56,72,-16
200811170OKC,RS,HOU,1891.0,,58,72,-14
200811170OKC,RS,HOU,1912.0,,58,74,-16
200811170OKC,RS,HOU,1912.0,,58,75,-17
200811170OKC,RS,HOU,1927.0,,58,77,-19
200811170OKC,RS,HOU,1957.0,,60,77,-17
200811170OKC,RS,HOU,1999.0,,60,79,-19
200811170OKC,RS,HOU,2020.0,,62,79,-17
200811170OKC,RS,HOU,2049.0,,64,79,-15
200811170OKC,RS,HOU,2100.0,,65,79,-14
200811170OKC,RS,HOU,2100.0,,66,79,-13
200811170OKC,RS,HOU,2124.0,,67,79,-12
200811170OKC,RS,HOU,2143.8,,67,81,-14
200811170OKC,RS,HOU,2159.1,,68,81,-13
200811170OKC,RS,HOU,2159.1,,69,81,-12
200811170OKC,RS,HOU,2171.0,,70,81,-11
200811170OKC,RS,HOU,2171.0,,71,81,-10
200811170OKC,RS,HOU,2196.0,,71,82,-11
200811170OKC,RS,HOU,2218.0,,72,82,-10
200811170OKC,RS,HOU,2227.0,,74,82,-8
200811170OKC,RS,HOU,2282.0,,74,84,-10
200811170OKC,RS,HOU,2330.0,,74,86,-12
200811170OKC,RS,HOU,2380.0,,74,88,-14
200811170OKC,RS,HOU,2400.0,,76,88,-12
200811170OKC,RS,HOU,2413.0,,76,89,-13
200811170OKC,RS,HOU,2413.0,,76,90,-14
200811170OKC,RS,HOU,2493.0,,78,90,-12
200811170OKC,RS,HOU,2635.0,,78,92,-14
200811170OKC,RS,HOU,2671.0,,78,94,-16
200811170OKC,RS,HOU,2721.0,,79,94,-15
200811170OKC,RS,HOU,2721.0,,80,94,-14
200811170OKC,RS,HOU,2742.0,,82,94,-12
200811170OKC,RS,HOU,2783.0,,82,96,-14
200811170OKC,RS,HOU,2793.0,,83,96,-13
200811170OKC,RS,HOU,2827.1,,85,96,-11
200811170OKC,RS,HOU,2844.3,,85,98,-13
200811170OKC,RS,HOU,2849.3,,87,98,-11
200811170OKC,RS,HOU,2851.1,,87,99,-12
200811170OKC,RS,HOU,2851.1,,87,100,-13
200811170OKC,RS,HOU,2861.0,F,89,100,-11
200811170OKC,RS,HOU,2880.0,,89,100,-11
200811190OKC,RS,LAC,0.0,,0,0,0
200811190OKC,RS,LAC,105.0,,2,0,2
200811190OKC,RS,LAC,131.0,T,2,2,0
200811190OKC,RS,LAC,154.0,,4,2,2
200811190OKC,RS,LAC,208.0,T,4,4,0
200811190OKC,RS,LAC,226.0,LC,4,6,-2
200811190OKC,RS,LAC,243.0,T,6,6,0
200811190OKC,RS,LAC,257.0,,6,9,-3
200811190OKC,RS,LAC,265.0,,8,9,-1
200811190OKC,RS,LAC,315.0,LC,10,9,1
200811190OKC,RS,LAC,330.0,T,10,10,0
200811190OKC,RS,LAC,330.0,LC,10,11,-1
200811190OKC,RS,LAC,349.0,LC,13,11,2
200811190OKC,RS,LAC,362.0,T,13,13,0
200811190OKC,RS,LAC,417.0,LC,13,15,-2
200811190OKC,RS,LAC,495.0,,13,17,-4
200811190OKC,RS,LAC,507.0,,15,17,-2
200811190OKC,RS,LAC,530.0,,15,18,-3
200811190OKC,RS,LAC,542.0,T,18,18,0
200811190OKC,RS,LAC,576.0,LC,20,18,2
200811190OKC,RS,LAC,600.0,,22,18,4
200811190OKC,RS,LAC,623.0,,22,20,2
200811190OKC,RS,LAC,639.0,,24,20,4
200811190OKC,RS,LAC,700.5,,25,20,5
200811190OKC,RS,LAC,700.5,,26,20,6
200811190OKC,RS,LAC,735.0,,28,20,8
200811190OKC,RS,LAC,757.0,,28,22,6
200811190OKC,RS,LAC,776.0,,28,24,4
200811190OKC,RS,LAC,776.0,,28,25,3
200811190OKC,RS,LAC,843.0,,29,25,4
200811190OKC,RS,LAC,843.0,,30,25,5
200811190OKC,RS,LAC,865.0,,33,25,8
200811190OKC,RS,LAC,913.0,,33,27,6
200811190OKC,RS,LAC,935.0,,35,27,8
200811190OKC,RS,LAC,961.0,,35,29,6
200811190OKC,RS,LAC,1015.0,,37,29,8
200811190OKC,RS,LAC,1029.0,,37,31,6
200811190OKC,RS,LAC,1072.0,,38,31,7
200811190OKC,RS,LAC,1072.0,,39,31,8
200811190OKC,RS,LAC,1082.0,,39,33,6
200811190OKC,RS,LAC,1108.0,,41,33,8
200811190OKC,RS,LAC,1130.0,,44,33,11
200811190OKC,RS,LAC,1160.0,,46,33,13
200811190OKC,RS,LAC,1199.0,,46,35,11
200811190OKC,RS,LAC,1214.0,,47,35,12
200811190OKC,RS,LAC,1214.0,,48,35,13
200811190OKC,RS,LAC,1252.0,,49,35,14
200811190OKC,RS,LAC,1252.0,,50,35,15
200811190OKC,RS,LAC,1292.0,,50,37,13
200811190OKC,RS,LAC,1306.0,,50,38,12
200811190OKC,RS,LAC,1306.0,,50,39,11
200811190OKC,RS,LAC,1325.0,,50,41,9
200811190OKC,RS,LAC,1341.0,,52,41,11
200811190OKC,RS,LAC,1359.0,,52,43,9
200811190OKC,RS,LAC,1379.0,,52,44,8
200811190OKC,RS,LAC,1379.0,,52,45,7
200811190OKC,RS,LAC,1395.9,,52,47,5
200811190OKC,RS,LAC,1438.5,,52,49,3
200811190OKC,RS,LAC,1501.0,T,52,52,0
200811190OKC,RS,LAC,1519.0,,54,52,2
200811190OKC,RS,LAC,1554.0,,56,52,4
200811190OKC,RS,LAC,1574.0,,56,54,2
200811190OKC,RS,LAC,1591.0,,58,54,4
200811190OKC,RS,LAC,1615.0,,58,57,1
200811190OKC,RS,LAC,1640.0,LC,58,59,-1
200811190OKC,RS,LAC,1680.0,,58,61,-3
200811190OKC,RS,LAC,1703.0,,59,61,-2
200811190OKC,RS,LAC,1703.0,,60,61,-1
200811190OKC,RS,LAC,1726.0,,60,63,-3
200811190OKC,RS,LAC,1734.0,,60,65,-5
200811190OKC,RS,LAC,1759.0,,62,65,-3
200811190OKC,RS,LAC,1818.0,,62,67,-5
200811190OKC,RS,LAC,1855.0,,62,68,-6
200811190OKC,RS,LAC,1855.0,,62,69,-7
200811190OKC,RS,LAC,1882.0,,62,71,-9
200811190OKC,RS,LAC,1916.0,,62,73,-11
200811190OKC,RS,LAC,1963.0,,62,75,-13
200811190OKC,RS,LAC,1987.0,,62,77,-15
200811190OKC,RS,LAC,2055.0,,63,77,-14
200811190OKC,RS,LAC,2055.0,,64,77,-13
200811190OKC,RS,LAC,2080.0,,65,77,-12
200811190OKC,RS,LAC,2080.0,,66,77,-11
200811190OKC,RS,LAC,2130.4,,66,79,-13
200811190OKC,RS,LAC,2148.9,,68,79,-11
200811190OKC,RS,LAC,2156.3,,68,81,-13
200811190OKC,RS,LAC,2176.0,,70,81,-11
200811190OKC,RS,LAC,2176.0,,71,81,-10
200811190OKC,RS,LAC,2193.0,,71,83,-12
200811190OKC,RS,LAC,2321.0,,73,83,-10
200811190OKC,RS,LAC,2396.0,,75,83,-8
200811190OKC,RS,LAC,2421.0,,75,85,-10
200811190OKC,RS,LAC,2485.0,,75,87,-12
200811190OKC,RS,LAC,2504.0,,76,87,-11
200811190OKC,RS,LAC,2504.0,,77,87,-10
200811190OKC,RS,LAC,2516.0,,77,89,-12
200811190OKC,RS,LAC,2516.0,,77,90,-13
200811190OKC,RS,LAC,2556.0,,77,92,-15
200811190OKC,RS,LAC,2587.0,,77,94,-17
200811190OKC,RS,LAC,2607.0,,79,94,-15
200811190OKC,RS,LAC,2655.0,,79,97,-18
200811190OKC,RS,LAC,2698.0,,79,99,-20
200811190OKC,RS,LAC,2707.0,,80,99,-19
200811190OKC,RS,LAC,2707.0,,81,99,-18
200811190OKC,RS,LAC,2725.0,,81,101,-20
200811190OKC,RS,LAC,2750.0,,81,103,-22
200811190OKC,RS,LAC,2783.0,,82,103,-21
200811190OKC,RS,LAC,2783.0,,83,103,-20
200811190OKC,RS,LAC,2807.0,,83,106,-23
200811190OKC,RS,LAC,2838.8,,83,108,-25
200811190OKC,RS,LAC,2849.8,,86,108,-22
200811190OKC,RS,LAC,2870.6,F,88,108,-20
200811190OKC,RS,LAC,2880.0,,88,108,-20
200811210OKC,RS,NOH,0.0,,0,0,0
200811210OKC,RS,NOH,61.0,,0,2,-2
200811210OKC,RS,NOH,136.0,,0,4,-4
200811210OKC,RS,NOH,149.0,,2,4,-2
200811210OKC,RS,NOH,164.0,,2,7,-5
200811210OKC,RS,NOH,172.0,,4,7,-3
200811210OKC,RS,NOH,220.0,,4,9,-5
200811210OKC,RS,NOH,238.0,,6,9,-3
200811210OKC,RS,NOH,307.0,,6,10,-4
200811210OKC,RS,NOH,307.0,,6,11,-5
200811210OKC,RS,NOH,331.0,,8,11,-3
200811210OKC,RS,NOH,355.0,,8,13,-5
200811210OKC,RS,NOH,397.0,,9,13,-4
200811210OKC,RS,NOH,397.0,,10,13,-3
200811210OKC,RS,NOH,413.0,,12,13,-1
200811210OKC,RS,NOH,427.0,,12,14,-2
200811210OKC,RS,NOH,427.0,,12,15,-3
200811210OKC,RS,NOH,474.0,,12,17,-5
200811210OKC,RS,NOH,485.0,,12,19,-7
200811210OKC,RS,NOH,571.0,,12,22,-10
200811210OKC,RS,NOH,588.0,,14,22,-8
200811210OKC,RS,NOH,588.0,,15,22,-7
200811210OKC,RS,NOH,650.0,,15,24,-9
200811210OKC,RS,NOH,650.0,,15,25,-10
200811210OKC,RS,NOH,691.9,,15,26,-11
200811210OKC,RS,NOH,713.9,,17,26,-9
200811210OKC,RS,NOH,728.0,,18,26,-8
200811210OKC,RS,NOH,728.0,,19,26,-7
200811210OKC,RS,NOH,750.0,,19,28,-9
200811210OKC,RS,NOH,832.0,,20,28,-8
200811210OKC,RS,NOH,866.0,,22,28,-6
200811210OKC,RS,NOH,894.0,,22,30,-8
200811210OKC,RS,NOH,925.0,,22,33,-11
200811210OKC,RS,NOH,947.0,,22,35,-13
200811210OKC,RS,NOH,1024.0,,22,37,-15
200811210OKC,RS,NOH,1101.0,,23,37,-14
200811210OKC,RS,NOH,1101.0,,24,37,-13
200811210OKC,RS,NOH,1115.0,,24,39,-15
200811210OKC,RS,NOH,1146.0,,24,40,-16
200811210OKC,RS,NOH,1146.0,,24,41,-17
200811210OKC,RS,NOH,1195.0,,24,43,-19
200811210OKC,RS,NOH,1228.0,,24,46,-22
200811210OKC,RS,NOH,1245.0,,24,48,-24
200811210OKC,RS,NOH,1257.0,,25,48,-23
200811210OKC,RS,NOH,1271.0,,27,48,-21
200811210OKC,RS,NOH,1281.0,,28,48,-20
200811210OKC,RS,NOH,1281.0,,29,48,-19
200811210OKC,RS,NOH,1303.0,,29,50,-21
200811210OKC,RS,NOH,1315.0,,31,50,-19
200811210OKC,RS,NOH,1327.0,,31,52,-21
200811210OKC,RS,NOH,1340.0,,32,52,-20
200811210OKC,RS,NOH,1340.0,,33,52,-19
200811210OKC,RS,NOH,1351.0,,33,54,-21
200811210OKC,RS,NOH,1365.0,,35,54,-19
200811210OKC,RS,NOH,1380.1,,35,55,-20
200811210OKC,RS,NOH,1401.8,,35,58,-23
200811210OKC,RS,NOH,1407.2,,37,58,-21
200811210OKC,RS,NOH,1427.1,,38,58,-20
200811210OKC,RS,NOH,1427.1,,39,58,-19
200811210OKC,RS,NOH,1437.6,,39,59,-20
200811210OKC,RS,NOH,1437.6,,39,60,-21
200811210OKC,RS,NOH,1461.0,,40,60,-20
200811210OKC,RS,NOH,1461.0,,41,60,-19
200811210OKC,RS,NOH,1518.0,,41,62,-21
200811210OKC,RS,NOH,1596.0,,43,62,-19
200811210OKC,RS,NOH,1620.0,,45,62,-17
200811210OKC,RS,NOH,1675.0,,45,64,-19
200811210OKC,RS,NOH,1713.0,,47,64,-17
200811210OKC,RS,NOH,1744.0,,47,66,-19
200811210OKC,RS,NOH,1767.0,,49,66,-17
200811210OKC,RS,NOH,1791.0,,49,69,-20
200811210OKC,RS,NOH,1838.0,,49,72,-23
200811210OKC,RS,NOH,1894.0,,49,74,-25
200811210OKC,RS,NOH,1938.0,,51,74,-23
200811210OKC,RS,NOH,1953.0,,51,76,-25
200811210OKC,RS,NOH,1973.0,,51,77,-26
200811210OKC,RS,NOH,1973.0,,51,78,-27
200811210OKC,RS,NOH,2010.0,,51,80,-29
200811210OKC,RS,NOH,2028.0,,53,80,-27
200811210OKC,RS,NOH,2053.0,,54,80,-26
200811210OKC,RS,NOH,2053.0,,55,80,-25
200811210OKC,RS,NOH,2069.0,,56,80,-24
200811210OKC,RS,NOH,2069.0,,57,80,-23
200811210OKC,RS,NOH,2121.3,,57,82,-25
200811210OKC,RS,NOH,2157.6,,57,83,-26
200811210OKC,RS,NOH,2185.0,,57,86,-29
200811210OKC,RS,NOH,2211.0,,60,86,-26
200811210OKC,RS,NOH,2240.0,,62,86,-24
200811210OKC,RS,NOH,2261.0,,62,88,-26
200811210OKC,RS,NOH,2276.0,,64,88,-24
200811210OKC,RS,NOH,2353.0,,64,89,-25
200811210OKC,RS,NOH,2389.0,,64,90,-26
200811210OKC,RS,NOH,2389.0,,64,91,-27
200811210OKC,RS,NOH,2420.0,,64,93,-29
200811210OKC,RS,NOH,2433.0,,65,93,-28
200811210OKC,RS,NOH,2433.0,,66,93,-27
200811210OKC,RS,NOH,2514.0,,69,93,-24
200811210OKC,RS,NOH,2534.0,,69,95,-26
200811210OKC,RS,NOH,2576.0,,69,97,-28
200811210OKC,RS,NOH,2602.0,,71,97,-26
200811210OKC,RS,NOH,2644.0,,71,99,-28
200811210OKC,RS,NOH,2664.0,,71,101,-30
200811210OKC,RS,NOH,2705.0,,71,103,-32
200811210OKC,RS,NOH,2727.0,,72,103,-31
200811210OKC,RS,NOH,2755.0,,74,103,-29
200811210OKC,RS,NOH,2755.0,,75,103,-28
200811210OKC,RS,NOH,2817.0,,77,103,-26
200811210OKC,RS,NOH,2853.9,,77,105,-28
200811210OKC,RS,NOH,2877.0,F,80,105,-25
200811210OKC,RS,NOH,2880.0,,80,105,-25
200811220NOH,RS,NOH,0.0,,0,0,0
200811220NOH,RS,NOH,30.0,,2,0,2
200811220NOH,RS,NOH,54.0,LC,2,3,-1
200811220NOH,RS,NOH,77.0,LC,4,3,1
200811220NOH,RS,NOH,104.0,,6,3,3
200811220NOH,RS,NOH,133.0,,6,5,1
200811220NOH,RS,NOH,145.0,,7,5,2
200811220NOH,RS,NOH,167.0,T,7,7,0
200811220NOH,RS,NOH,167.0,LC,7,8,-1
200811220NOH,RS,NOH,176.0,LC,9,8,1
200811220NOH,RS,NOH,201.0,LC,9,11,-2
200811220NOH,RS,NOH,214.0,,10,11,-1
200811220NOH,RS,NOH,214.0,T,11,11,0
200811220NOH,RS,NOH,232.0,,11,13,-2
200811220NOH,RS,NOH,250.0,T,13,13,0
200811220NOH,RS,NOH,266.0,,13,15,-2
200811220NOH,RS,NOH,266.0,,13,16,-3
200811220NOH,RS,NOH,293.0,,13,18,-5
200811220NOH,RS,NOH,310.0,,14,18,-4
200811220NOH,RS,NOH,351.0,,16,18,-2
200811220NOH,RS,NOH,370.0,LC,19,18,1
200811220NOH,RS,NOH,392.0,LC,19,21,-2
200811220NOH,RS,NOH,439.0,T,21,21,0
200811220NOH,RS,NOH,473.0,LC,23,21,2
200811220NOH,RS,NOH,493.0,T,23,23,0
200811220NOH,RS,NOH,527.0,LC,23,24,-1
200811220NOH,RS,NOH,527.0,,23,25,-2
200811220NOH,RS,NOH,539.0,T,25,25,0
200811220NOH,RS,NOH,561.0,,25,27,-2
200811220NOH,RS,NOH,580.0,T,27,27,0
200811220NOH,RS,NOH,623.0,,27,28,-1
200811220NOH,RS,NOH,642.0,T,28,28,0
200811220NOH,RS,NOH,718.9,LC,30,28,2
200811220NOH,RS,NOH,738.0,,32,28,4
200811220NOH,RS,NOH,783.0,,32,30,2
200811220NOH,RS,NOH,840.0,,34,30,4
200811220NOH,RS,NOH,878.0,,34,32,2
200811220NOH,RS,NOH,886.0,,37,32,5
200811220NOH,RS,NOH,910.0,,37,34,3
200811220NOH,RS,NOH,980.0,,39,34,5
200811220NOH,RS,NOH,1013.0,,41,34,7
200811220NOH,RS,NOH,1024.0,,41,36,5
200811220NOH,RS,NOH,1083.0,,41,39,2
200811220NOH,RS,NOH,1142.0,T,41,41,0
200811220NOH,RS,NOH,1158.0,LC,41,42,-1
200811220NOH,RS,NOH,1158.0,,41,43,-2
200811220NOH,RS,NOH,1209.0,,41,45,-4
200811220NOH,RS,NOH,1276.0,,41,47,-6
200811220NOH,RS,NOH,1292.0,,43,47,-4
200811220NOH,RS,NOH,1311.0,,43,49,-6
200811220NOH,RS,NOH,1347.0,,43,50,-7
200811220NOH,RS,NOH,1347.0,,43,51,-8
200811220NOH,RS,NOH,1362.0,,46,51,-5
200811220NOH,RS,NOH,1379.0,,46,53,-7
200811220NOH,RS,NOH,1397.1,,48,53,-5
200811220NOH,RS,NOH,1472.0,,48,55,-7
200811220NOH,RS,NOH,1520.0,,50,55,-5
200811220NOH,RS,NOH,1536.0,,50,57,-7
200811220NOH,RS,NOH,1570.0,,50,59,-9
200811220NOH,RS,NOH,1610.0,,50,61,-11
200811220NOH,RS,NOH,1646.0,,51,61,-10
200811220NOH,RS,NOH,1646.0,,52,61,-9
200811220NOH,RS,NOH,1674.0,,54,61,-7
200811220NOH,RS,NOH,1674.0,,55,61,-6
200811220NOH,RS,NOH,1704.0,,55,63,-8
200811220NOH,RS,NOH,1721.0,,56,63,-7
200811220NOH,RS,NOH,1721.0,,57,63,-6
200811220NOH,RS,NOH,1742.0,,57,64,-7
200811220NOH,RS,NOH,1742.0,,57,65,-8
200811220NOH,RS,NOH,1772.0,,57,67,-10
200811220NOH,RS,NOH,1789.0,,60,67,-7
200811220NOH,RS,NOH,1807.0,,60,69,-9
200811220NOH,RS,NOH,1841.0,,62,69,-7
200811220NOH,RS,NOH,1891.0,,62,70,-8
200811220NOH,RS,NOH,1891.0,,62,71,-9
200811220NOH,RS,NOH,1911.0,,64,71,-7
200811220NOH,RS,NOH,1934.0,,65,71,-6
200811220NOH,RS,NOH,1934.0,,66,71,-5
200811220NOH,RS,NOH,1959.0,,66,73,-7
200811220NOH,RS,NOH,1988.0,,68,73,-5
200811220NOH,RS,NOH,2009.0,,68,75,-7
200811220NOH,RS,NOH,2062.0,,69,75,-6
200811220NOH,RS,NOH,2062.0,,70,75,-5
200811220NOH,RS,NOH,2082.0,,70,77,-7
200811220NOH,RS,NOH,2125.9,,70,79,-9
200811220NOH,RS,NOH,2148.3,,72,79,-7
200811220NOH,RS,NOH,2158.3,,72,82,-10
200811220NOH,RS,NOH,2261.0,,74,82,-8
200811220NOH,RS,NOH,2300.0,,74,84,-10
200811220NOH,RS,NOH,2317.0,,76,84,-8
200811220NOH,RS,NOH,2344.0,,76,86,-10
200811220NOH,RS,NOH,2365.0,,78,86,-8
200811220NOH,RS,NOH,2387.0,,78,88,-10
200811220NOH,RS,NOH,2407.0,,80,88,-8
200811220NOH,RS,NOH,2425.0,,80,90,-10
200811220NOH,RS,NOH,2439.0,,82,90,-8
200811220NOH,RS,NOH,2468.0,,85,90,-5
200811220NOH,RS,NOH,2482.0,,85,91,-6
200811220NOH,RS,NOH,2482.0,,85,92,-7
200811220NOH,RS,NOH,2535.0,,86,92,-6
200811220NOH,RS,NOH,2535.0,,87,92,-5
200811220NOH,RS,NOH,2545.0,,87,93,-6
200811220NOH,RS,NOH,2545.0,,87,94,-7
200811220NOH,RS,NOH,2564.0,,89,94,-5
200811220NOH,RS,NOH,2582.0,,89,96,-7
200811220NOH,RS,NOH,2636.0,,89,97,-8
200811220NOH,RS,NOH,2636.0,,89,98,-9
200811220NOH,RS,NOH,2692.0,,89,100,-11
200811220NOH,RS,NOH,2723.0,,91,100,-9
200811220NOH,RS,NOH,2745.0,,91,102,-11
200811220NOH,RS,NOH,2761.0,,93,102,-9
200811220NOH,RS,NOH,2782.0,,93,105,-12
200811220NOH,RS,NOH,2798.0,,95,105,-10
200811220NOH,RS,NOH,2803.0,,95,106,-11
200811220NOH,RS,NOH,2803.0,,95,107,-12
200811220NOH,RS,NOH,2855.4,,97,107,-10
200811220NOH,RS,NOH,2857.6,,97,108,-11
200811220NOH,RS,NOH,2857.6,F,97,109,-12
200811220NOH,RS,NOH,2880.0,,97,109,-12
200811250OKC,RS,PHO,0.0,,0,0,0
200811250OKC,RS,PHO,55.0,,0,3,-3
200811250OKC,RS,PHO,70.0,,2,3,-1
200811250OKC,RS,PHO,89.0,,2,6,-4
200811250OKC,RS,PHO,116.0,,4,6,-2
200811250OKC,RS,PHO,178.0,,4,9,-5
200811250OKC,RS,PHO,200.0,,6,9,-3
200811250OKC,RS,PHO,245.0,,8,9,-1
200811250OKC,RS,PHO,257.0,,8,11,-3
200811250OKC,RS,PHO,306.0,,8,13,-5
200811250OKC,RS,PHO,323.0,,9,13,-4
200811250OKC,RS,PHO,326.0,,12,13,-1
200811250OKC,RS,PHO,348.0,LC,14,13,1
200811250OKC,RS,PHO,413.0,,16,13,3
200811250OKC,RS,PHO,430.0,,16,14,2
200811250OKC,RS,PHO,430.0,,16,15,1
200811250OKC,RS,PHO,446.0,,18,15,3
200811250OKC,RS,PHO,465.0,,18,17,1
200811250OKC,RS,PHO,485.0,LC,18,19,-1
200811250OKC,RS,PHO,506.0,LC,20,19,1
200811250OKC,RS,PHO,527.0,LC,20,21,-1
200811250OKC,RS,PHO,571.0,T,21,21,0
200811250OKC,RS,PHO,613.0,LC,23,21,2
200811250OKC,RS,PHO,668.8,LC,23,24,-1
200811250OKC,RS,PHO,683.4,LC,25,24,1
200811250OKC,RS,PHO,699.4,LC,25,26,-1
200811250OKC,RS,PHO,744.0,LC,27,26,1
200811250OKC,RS,PHO,785.0,,28,26,2
200811250OKC,RS,PHO,785.0,,29,26,3
200811250OKC,RS,PHO,823.0,,30,26,4
200811250OKC,RS,PHO,823.0,,31,26,5
200811250OKC,RS,PHO,849.0,,31,28,3
200811250OKC,RS,PHO,876.0,,31,30,1
200811250OKC,RS,PHO,924.0,,33,30,3
200811250OKC,RS,PHO,959.0,,35,30,5
200811250OKC,RS,PHO,959.0,,36,30,6
200811250OKC,RS,PHO,1008.0,,37,30,7
200811250OKC,RS,PHO,1060.0,,37,32,5
200811250OKC,RS,PHO,1086.0,,37,34,3
200811250OKC,RS,PHO,1100.0,,39,34,5
200811250OKC,RS,PHO,1100.0,,40,34,6
200811250OKC,RS,PHO,1116.0,,40,36,4
200811250OKC,RS,PHO,1141.0,,42,36,6
200811250OKC,RS,PHO,1167.0,,44,36,8
200811250OKC,RS,PHO,1203.0,,46,36,10
200811250OKC,RS,PHO,1309.0,,48,36,12
200811250OKC,RS,PHO,1344.0,,50,36,14
200811250OKC,RS,PHO,1365.0,,52,36,16
200811250OKC,RS,PHO,1380.0,,52,38,14
200811250OKC,RS,PHO,1399.9,,54,38,16
200811250OKC,RS,PHO,1414.1,,54,41,13
200811250OKC,RS,PHO,1457.0,,55,41,14
200811250OKC,RS,PHO,1457.0,,56,41,15
200811250OKC,RS,PHO,1469.0,,56,43,13
200811250OKC,RS,PHO,1499.0,,56,44,12
200811250OKC,RS,PHO,1518.0,,58,44,14
200811250OKC,RS,PHO,1529.0,,58,46,12
200811250OKC,RS,PHO,1571.0,,58,48,10
200811250OKC,RS,PHO,1623.0,,58,50,8
200811250OKC,RS,PHO,1640.0,,60,50,10
200811250OKC,RS,PHO,1732.0,,63,50,13
200811250OKC,RS,PHO,1748.0,,63,51,12
200811250OKC,RS,PHO,1748.0,,63,52,11
200811250OKC,RS,PHO,1760.0,,65,52,13
200811250OKC,RS,PHO,1779.0,,65,54,11
200811250OKC,RS,PHO,1796.0,,68,54,14
200811250OKC,RS,PHO,1812.0,,69,54,15
200811250OKC,RS,PHO,1812.0,,70,54,16
200811250OKC,RS,PHO,1823.0,,70,56,14
200811250OKC,RS,PHO,1858.0,,70,57,13
200811250OKC,RS,PHO,1858.0,,70,58,12
200811250OKC,RS,PHO,1878.0,,70,59,11
200811250OKC,RS,PHO,1919.0,,71,59,12
200811250OKC,RS,PHO,1919.0,,72,59,13
200811250OKC,RS,PHO,1933.0,,72,61,11
200811250OKC,RS,PHO,1957.0,,74,61,13
200811250OKC,RS,PHO,1978.0,,74,63,11
200811250OKC,RS,PHO,1995.0,,76,63,13
200811250OKC,RS,PHO,1995.0,,77,63,14
200811250OKC,RS,PHO,2060.0,,79,63,16
200811250OKC,RS,PHO,2079.0,,79,65,14
200811250OKC,RS,PHO,2110.1,,79,66,13
200811250OKC,RS,PHO,2110.1,,79,67,12
200811250OKC,RS,PHO,2157.2,,81,67,14
200811250OKC,RS,PHO,2159.7,,81,70,11
200811250OKC,RS,PHO,2200.0,,81,72,9
200811250OKC,RS,PHO,2227.0,,81,74,7
200811250OKC,RS,PHO,2250.0,,84,74,10
200811250OKC,RS,PHO,2289.0,,85,74,11
200811250OKC,RS,PHO,2289.0,,86,74,12
200811250OKC,RS,PHO,2341.0,,86,77,9
200811250OKC,RS,PHO,2369.0,,86,78,8
200811250OKC,RS,PHO,2369.0,,86,79,7
200811250OKC,RS,PHO,2453.0,,86,81,5
200811250OKC,RS,PHO,2526.0,,86,83,3
200811250OKC,RS,PHO,2569.0,,86,85,1
200811250OKC,RS,PHO,2596.0,,88,85,3
200811250OKC,RS,PHO,2629.0,,88,87,1
200811250OKC,RS,PHO,2681.0,,90,87,3
200811250OKC,RS,PHO,2681.0,,91,87,4
200811250OKC,RS,PHO,2696.0,,91,89,2
200811250OKC,RS,PHO,2721.0,,92,89,3
200811250OKC,RS,PHO,2757.0,,95,89,6
200811250OKC,RS,PHO,2774.0,,95,91,4
200811250OKC,RS,PHO,2803.0,,95,94,1
200811250OKC,RS,PHO,2822.5,,96,94,2
200811250OKC,RS,PHO,2831.5,T,96,96,0
200811250OKC,RS,PHO,2845.1,,98,96,2
200811250OKC,RS,PHO,2854.3,F,98,99,-1
200811250OKC,RS,PHO,2880.0,,98,99,-1
200811260CLE,RS,CLE,0.0,,0,0,0
200811260CLE,RS,CLE,34.0,,0,1,-1
200811260CLE,RS,CLE,61.0,,0,3,-3
200811260CLE,RS,CLE,74.0,,0,5,-5
200811260CLE,RS,CLE,124.0,,0,7,-7
200811260CLE,RS,CLE,179.0,,0,9,-9
200811260CLE,RS,CLE,215.0,,0,11,-11
200811260CLE,RS,CLE,243.0,,0,13,-13
200811260CLE,RS,CLE,263.0,,2,13,-11
200811260CLE,RS,CLE,279.0,,2,15,-13
200811260CLE,RS,CLE,310.0,,2,17,-15
200811260CLE,RS,CLE,333.0,,4,17,-13
200811260CLE,RS,CLE,350.0,,4,19,-15
200811260CLE,RS,CLE,373.0,,7,19,-12
200811260CLE,RS,CLE,409.0,,7,21,-14
200811260CLE,RS,CLE,499.0,,7,23,-16
200811260CLE,RS,CLE,523.0,,8,23,-15
200811260CLE,RS,CLE,546.0,,8,25,-17
200811260CLE,RS,CLE,560.0,,8,27,-19
200811260CLE,RS,CLE,579.0,,9,27,-18
200811260CLE,RS,CLE,601.0,,9,29,-20
200811260CLE,RS,CLE,621.0,,10,29,-19
200811260CLE,RS,CLE,638.0,,10,31,-21
200811260CLE,RS,CLE,647.0,,11,31,-20
200811260CLE,RS,CLE,647.0,,12,31,-19
200811260CLE,RS,CLE,665.1,,12,33,-21
200811260CLE,RS,CLE,695.5,,14,33,-19
200811260CLE,RS,CLE,732.0,,14,35,-21
200811260CLE,RS,CLE,756.0,,16,35,-19
200811260CLE,RS,CLE,771.0,,16,36,-20
200811260CLE,RS,CLE,771.0,,16,37,-21
200811260CLE,RS,CLE,799.0,,16,38,-22
200811260CLE,RS,CLE,799.0,,16,39,-23
200811260CLE,RS,CLE,820.0,,16,42,-26
200811260CLE,RS,CLE,869.0,,16,44,-28
200811260CLE,RS,CLE,881.0,,18,44,-26
200811260CLE,RS,CLE,906.0,,18,47,-29
200811260CLE,RS,CLE,977.0,,20,47,-27
200811260CLE,RS,CLE,997.0,,20,49,-29
200811260CLE,RS,CLE,1029.0,,20,52,-32
200811260CLE,RS,CLE,1045.0,,23,52,-29
200811260CLE,RS,CLE,1111.0,,23,53,-30
200811260CLE,RS,CLE,1111.0,,23,54,-31
200811260CLE,RS,CLE,1142.0,,23,56,-33
200811260CLE,RS,CLE,1204.0,,25,56,-31
200811260CLE,RS,CLE,1227.0,,27,56,-29
200811260CLE,RS,CLE,1244.0,,27,57,-30
200811260CLE,RS,CLE,1263.0,,27,59,-32
200811260CLE,RS,CLE,1283.0,,29,59,-30
200811260CLE,RS,CLE,1294.0,,29,60,-31
200811260CLE,RS,CLE,1334.0,,29,62,-33
200811260CLE,RS,CLE,1360.0,,29,64,-35
200811260CLE,RS,CLE,1373.0,,31,64,-33
200811260CLE,RS,CLE,1390.8,,32,64,-32
200811260CLE,RS,CLE,1412.2,,32,66,-34
200811260CLE,RS,CLE,1458.0,,32,68,-36
200811260CLE,RS,CLE,1519.0,,34,68,-34
200811260CLE,RS,CLE,1541.0,,34,70,-36
200811260CLE,RS,CLE,1576.0,,36,70,-34
200811260CLE,RS,CLE,1617.0,,38,70,-32
200811260CLE,RS,CLE,1617.0,,39,70,-31
200811260CLE,RS,CLE,1677.0,,39,72,-33
200811260CLE,RS,CLE,1732.0,,39,74,-35
200811260CLE,RS,CLE,1744.0,,41,74,-33
200811260CLE,RS,CLE,1765.0,,41,75,-34
200811260CLE,RS,CLE,1765.0,,41,76,-35
200811260CLE,RS,CLE,1791.0,,41,79,-38
200811260CLE,RS,CLE,1808.0,,43,79,-36
200811260CLE,RS,CLE,1827.0,,43,81,-38
200811260CLE,RS,CLE,1869.0,,43,83,-40
200811260CLE,RS,CLE,1902.0,,43,85,-42
200811260CLE,RS,CLE,1924.0,,45,85,-40
200811260CLE,RS,CLE,1953.0,,47,85,-38
200811260CLE,RS,CLE,1973.0,,47,87,-40
200811260CLE,RS,CLE,2022.0,,49,87,-38
200811260CLE,RS,CLE,2038.0,,49,89,-40
200811260CLE,RS,CLE,2065.0,,51,89,-38
200811260CLE,RS,CLE,2082.0,,51,90,-39
200811260CLE,RS,CLE,2146.1,,51,92,-41
200811260CLE,RS,CLE,2156.2,,52,92,-40
200811260CLE,RS,CLE,2195.0,,53,92,-39
200811260CLE,RS,CLE,2195.0,,54,92,-38
200811260CLE,RS,CLE,2225.0,,54,94,-40
200811260CLE,RS,CLE,2263.0,,54,95,-41
200811260CLE,RS,CLE,2263.0,,54,96,-42
200811260CLE,RS,CLE,2277.0,,55,96,-41
200811260CLE,RS,CLE,2277.0,,56,96,-40
200811260CLE,RS,CLE,2307.0,,58,96,-38
200811260CLE,RS,CLE,2329.0,,60,96,-36
200811260CLE,RS,CLE,2358.0,,62,96,-34
200811260CLE,RS,CLE,2407.0,,64,96,-32
200811260CLE,RS,CLE,2426.0,,64,98,-34
200811260CLE,RS,CLE,2444.0,,65,98,-33
200811260CLE,RS,CLE,2474.0,,66,98,-32
200811260CLE,RS,CLE,2487.0,,66,100,-34
200811260CLE,RS,CLE,2513.0,,67,100,-33
200811260CLE,RS,CLE,2513.0,,68,100,-32
200811260CLE,RS,CLE,2553.0,,70,100,-30
200811260CLE,RS,CLE,2572.0,,70,102,-32
200811260CLE,RS,CLE,2587.0,,72,102,-30
200811260CLE,RS,CLE,2604.0,,72,103,-31
200811260CLE,RS,CLE,2612.0,,72,104,-32
200811260CLE,RS,CLE,2612.0,,72,105,-33
200811260CLE,RS,CLE,2627.0,,73,105,-32
200811260CLE,RS,CLE,2627.0,,74,105,-31
200811260CLE,RS,CLE,2653.0,,76,105,-29
200811260CLE,RS,CLE,2690.0,,76,106,-30
200811260CLE,RS,CLE,2690.0,,76,107,-31
200811260CLE,RS,CLE,2715.0,,76,108,-32
200811260CLE,RS,CLE,2715.0,,76,109,-33
200811260CLE,RS,CLE,2747.0,,76,111,-35
200811260CLE,RS,CLE,2747.0,,76,112,-36
200811260CLE,RS,CLE,2759.0,,78,112,-34
200811260CLE,RS,CLE,2779.0,,79,112,-33
200811260CLE,RS,CLE,2779.0,,80,112,-32
200811260CLE,RS,CLE,2795.0,,80,114,-34
200811260CLE,RS,CLE,2810.0,,81,114,-33
200811260CLE,RS,CLE,2810.0,,82,114,-32
200811260CLE,RS,CLE,2876.1,F,82,117,-35
200811260CLE,RS,CLE,2880.0,,82,117,-35
200811280OKC,RS,MIN,0.0,,0,0,0
200811280OKC,RS,MIN,43.0,,2,0,2
200811280OKC,RS,MIN,59.0,LC,2,3,-1
200811280OKC,RS,MIN,184.0,,2,5,-3
200811280OKC,RS,MIN,217.0,,4,5,-1
200811280OKC,RS,MIN,251.0,LC,6,5,1
200811280OKC,RS,MIN,270.0,LC,6,7,-1
200811280OKC,RS,MIN,384.0,,6,9,-3
200811280OKC,RS,MIN,396.0,T,9,9,0
200811280OKC,RS,MIN,462.0,LC,11,9,2
200811280OKC,RS,MIN,487.0,T,11,11,0
200811280OKC,RS,MIN,527.0,LC,11,12,-1
200811280OKC,RS,MIN,527.0,,11,13,-2
200811280OKC,RS,MIN,584.0,T,13,13,0
200811280OKC,RS,MIN,623.0,LC,15,13,2
200811280OKC,RS,MIN,623.0,,16,13,3
200811280OKC,RS,MIN,692.0,T,16,16,0
200811280OKC,RS,MIN,705.5,,18,16,2
200811280OKC,RS,MIN,738.0,T,18,18,0
200811280OKC,RS,MIN,763.0,,19,18,1
200811280OKC,RS,MIN,763.0,,20,18,2
200811280OKC,RS,MIN,774.0,,20,19,1
200811280OKC,RS,MIN,799.0,LC,20,21,-1
200811280OKC,RS,MIN,836.0,,20,23,-3
200811280OKC,RS,MIN,854.0,,22,23,-1
200811280OKC,RS,MIN,873.0,,22,25,-3
200811280OKC,RS,MIN,895.0,,24,25,-1
200811280OKC,RS,MIN,936.0,,24,27,-3
200811280OKC,RS,MIN,946.0,,26,27,-1
200811280OKC,RS,MIN,966.0,,26,28,-2
200811280OKC,RS,MIN,966.0,,26,29,-3
200811280OKC,RS,MIN,990.0,,27,29,-2
200811280OKC,RS,MIN,1015.0,T,29,29,0
200811280OKC,RS,MIN,1032.0,,29,32,-3
200811280OKC,RS,MIN,1070.0,,29,34,-5
200811280OKC,RS,MIN,1086.0,,32,34,-2
200811280OKC,RS,MIN,1125.0,T,34,34,0
200811280OKC,RS,MIN,1158.0,LC,36,34,2
200811280OKC,RS,MIN,1202.0,T,36,36,0
200811280OKC,RS,MIN,1216.0,,37,36,1
200811280OKC,RS,MIN,1216.0,,38,36,2
200811280OKC,RS,MIN,1237.0,T,38,38,0
200811280OKC,RS,MIN,1254.0,,40,38,2
200811280OKC,RS,MIN,1291.0,T,40,40,0
200811280OKC,RS,MIN,1307.0,,42,40,2
200811280OKC,RS,MIN,1341.0,,44,40,4
200811280OKC,RS,MIN,1362.0,,45,40,5
200811280OKC,RS,MIN,1362.0,,46,40,6
200811280OKC,RS,MIN,1401.2,,46,41,5
200811280OKC,RS,MIN,1401.2,,46,42,4
200811280OKC,RS,MIN,1411.1,,48,42,6
200811280OKC,RS,MIN,1431.8,,48,44,4
200811280OKC,RS,MIN,1461.0,,48,47,1
200811280OKC,RS,MIN,1481.0,,50,47,3
200811280OKC,RS,MIN,1501.0,,50,49,1
200811280OKC,RS,MIN,1521.0,,52,49,3
200811280OKC,RS,MIN,1542.0,,52,51,1
200811280OKC,RS,MIN,1566.0,,53,51,2
200811280OKC,RS,MIN,1614.0,,53,52,1
200811280OKC,RS,MIN,1614.0,T,53,53,0
200811280OKC,RS,MIN,1639.0,LC,53,55,-2
200811280OKC,RS,MIN,1653.0,,54,55,-1
200811280OKC,RS,MIN,1666.0,,54,57,-3
200811280OKC,RS,MIN,1716.0,,54,59,-5
200811280OKC,RS,MIN,1745.0,,54,61,-7
200811280OKC,RS,MIN,1806.0,,57,61,-4
200811280OKC,RS,MIN,1824.0,,57,63,-6
200811280OKC,RS,MIN,1863.0,,57,64,-7
200811280OKC,RS,MIN,1863.0,,57,65,-8
200811280OKC,RS,MIN,1885.0,,58,65,-7
200811280OKC,RS,MIN,1905.0,,58,66,-8
200811280OKC,RS,MIN,1905.0,,58,67,-9
200811280OKC,RS,MIN,1929.0,,61,67,-6
200811280OKC,RS,MIN,1940.0,,61,69,-8
200811280OKC,RS,MIN,2031.0,,63,69,-6
200811280OKC,RS,MIN,2031.0,,64,69,-5
200811280OKC,RS,MIN,2050.0,,64,70,-6
200811280OKC,RS,MIN,2050.0,,64,71,-7
200811280OKC,RS,MIN,2083.0,,66,71,-5
200811280OKC,RS,MIN,2104.1,,66,73,-7
200811280OKC,RS,MIN,2119.6,,67,73,-6
200811280OKC,RS,MIN,2119.6,,68,73,-5
200811280OKC,RS,MIN,2127.2,,68,76,-8
200811280OKC,RS,MIN,2132.0,,70,76,-6
200811280OKC,RS,MIN,2155.0,,70,79,-9
200811280OKC,RS,MIN,2176.0,,72,79,-7
200811280OKC,RS,MIN,2176.0,,73,79,-6
200811280OKC,RS,MIN,2225.0,,73,81,-8
200811280OKC,RS,MIN,2241.0,,75,81,-6
200811280OKC,RS,MIN,2246.0,,75,83,-8
200811280OKC,RS,MIN,2262.0,,78,83,-5
200811280OKC,RS,MIN,2305.0,,80,83,-3
200811280OKC,RS,MIN,2321.0,,80,85,-5
200811280OKC,RS,MIN,2338.0,,82,85,-3
200811280OKC,RS,MIN,2364.0,,82,88,-6
200811280OKC,RS,MIN,2409.0,,84,88,-4
200811280OKC,RS,MIN,2465.0,,84,89,-5
200811280OKC,RS,MIN,2465.0,,84,90,-6
200811280OKC,RS,MIN,2484.0,,86,90,-4
200811280OKC,RS,MIN,2534.0,,88,90,-2
200811280OKC,RS,MIN,2558.0,,88,92,-4
200811280OKC,RS,MIN,2583.0,,90,92,-2
200811280OKC,RS,MIN,2618.0,,91,92,-1
200811280OKC,RS,MIN,2618.0,T,92,92,0
200811280OKC,RS,MIN,2632.0,,92,95,-3
200811280OKC,RS,MIN,2715.0,,92,97,-5
200811280OKC,RS,MIN,2715.0,,92,98,-6
200811280OKC,RS,MIN,2734.0,,94,98,-4
200811280OKC,RS,MIN,2752.0,,94,99,-5
200811280OKC,RS,MIN,2773.0,,97,99,-2
200811280OKC,RS,MIN,2815.0,LC,100,99,1
200811280OKC,RS,MIN,2834.5,T,100,100,0
200811280OKC,RS,MIN,2864.3,,101,100,1
200811280OKC,RS,MIN,2869.6,T,101,101,0
200811280OKC,RS,MIN,2871.2,LC,101,102,-1
200811280OKC,RS,MIN,2871.2,,101,103,-2
200811280OKC,RS,MIN,2876.7,T,103,103,0
200811280OKC,RS,MIN,2879.7,F,103,105,-2
200811280OKC,RS,MIN,2880.0,,103,105,-2
200811290MEM,RS,MEM,0.0,,0,0,0
200811290MEM,RS,MEM,54.0,,0,2,-2
200811290MEM,RS,MEM,73.0,,1,2,-1
200811290MEM,RS,MEM,73.0,T,2,2,0
200811290MEM,RS,MEM,95.0,,2,4,-2
200811290MEM,RS,MEM,113.0,T,4,4,0
200811290MEM,RS,MEM,155.0,LC,6,4,2
200811290MEM,RS,MEM,167.0,T,6,6,0
200811290MEM,RS,MEM,194.0,,8,6,2
200811290MEM,RS,MEM,220.0,T,8,8,0
200811290MEM,RS,MEM,256.0,LC,8,10,-2
200811290MEM,RS,MEM,326.0,T,10,10,0
200811290MEM,RS,MEM,342.0,,10,11,-1
200811290MEM,RS,MEM,342.0,,10,12,-2
200811290MEM,RS,MEM,355.0,T,12,12,0
200811290MEM,RS,MEM,377.0,,12,13,-1
200811290MEM,RS,MEM,377.0,,12,14,-2
200811290MEM,RS,MEM,395.0,T,14,14,0
200811290MEM,RS,MEM,421.0,,14,16,-2
200811290MEM,RS,MEM,432.0,,15,16,-1
200811290MEM,RS,MEM,432.0,T,16,16,0
200811290MEM,RS,MEM,475.0,,16,18,-2
200811290MEM,RS,MEM,475.0,,16,19,-3
200811290MEM,RS,MEM,493.0,,18,19,-1
200811290MEM,RS,MEM,509.0,,18,22,-4
200811290MEM,RS,MEM,551.0,,18,24,-6
200811290MEM,RS,MEM,594.0,,18,26,-8
200811290MEM,RS,MEM,600.0,,19,26,-7
200811290MEM,RS,MEM,628.0,,20,26,-6
200811290MEM,RS,MEM,674.9,,22,26,-4
200811290MEM,RS,MEM,680.3,,22,27,-5
200811290MEM,RS,MEM,680.3,,22,28,-6
200811290MEM,RS,MEM,730.0,,24,28,-4
200811290MEM,RS,MEM,756.0,,24,29,-5
200811290MEM,RS,MEM,807.0,,24,30,-6
200811290MEM,RS,MEM,874.0,,24,32,-8
200811290MEM,RS,MEM,895.0,,26,32,-6
200811290MEM,RS,MEM,905.0,,26,34,-8
200811290MEM,RS,MEM,912.0,,28,34,-6
200811290MEM,RS,MEM,935.0,,28,35,-7
200811290MEM,RS,MEM,972.0,,28,38,-10
200811290MEM,RS,MEM,1017.0,,28,40,-12
200811290MEM,RS,MEM,1059.0,,28,42,-14
200811290MEM,RS,MEM,1072.0,,30,42,-12
200811290MEM,RS,MEM,1112.0,,32,42,-10
200811290MEM,RS,MEM,1130.0,,32,44,-12
200811290MEM,RS,MEM,1174.0,,34,44,-10
200811290MEM,RS,MEM,1200.0,,34,46,-12
200811290MEM,RS,MEM,1215.0,,36,46,-10
200811290MEM,RS,MEM,1229.0,,36,48,-12
200811290MEM,RS,MEM,1248.0,,37,48,-11
200811290MEM,RS,MEM,1262.0,,37,50,-13
200811290MEM,RS,MEM,1302.0,,38,50,-12
200811290MEM,RS,MEM,1302.0,,39,50,-11
200811290MEM,RS,MEM,1336.0,,39,52,-13
200811290MEM,RS,MEM,1356.0,,41,52,-11
200811290MEM,RS,MEM,1374.0,,41,54,-13
200811290MEM,RS,MEM,1424.5,,43,54,-11
200811290MEM,RS,MEM,1485.0,,44,54,-10
200811290MEM,RS,MEM,1485.0,,45,54,-9
200811290MEM,RS,MEM,1509.0,,45,56,-11
200811290MEM,RS,MEM,1536.0,,47,56,-9
200811290MEM,RS,MEM,1550.0,,49,56,-7
200811290MEM,RS,MEM,1575.0,,49,58,-9
200811290MEM,RS,MEM,1627.0,,51,58,-7
200811290MEM,RS,MEM,1638.0,,51,60,-9
200811290MEM,RS,MEM,1691.0,,53,60,-7
200811290MEM,RS,MEM,1723.0,,54,60,-6
200811290MEM,RS,MEM,1723.0,,55,60,-5
200811290MEM,RS,MEM,1735.0,,55,62,-7
200811290MEM,RS,MEM,1757.0,,57,62,-5
200811290MEM,RS,MEM,1772.0,,57,64,-7
200811290MEM,RS,MEM,1789.0,,59,64,-5
200811290MEM,RS,MEM,1813.0,,59,66,-7
200811290MEM,RS,MEM,1824.0,,61,66,-5
200811290MEM,RS,MEM,1843.0,,61,68,-7
200811290MEM,RS,MEM,1868.0,,62,68,-6
200811290MEM,RS,MEM,1873.0,,64,68,-4
200811290MEM,RS,MEM,1894.0,,64,71,-7
200811290MEM,RS,MEM,1914.0,,66,71,-5
200811290MEM,RS,MEM,1955.0,,67,71,-4
200811290MEM,RS,MEM,1955.0,,68,71,-3
200811290MEM,RS,MEM,1980.0,,68,72,-4
200811290MEM,RS,MEM,1980.0,,68,73,-5
200811290MEM,RS,MEM,1990.0,,69,73,-4
200811290MEM,RS,MEM,1990.0,,70,73,-3
200811290MEM,RS,MEM,2022.0,,71,73,-2
200811290MEM,RS,MEM,2022.0,,72,73,-1
200811290MEM,RS,MEM,2038.0,,72,75,-3
200811290MEM,RS,MEM,2069.0,,72,76,-4
200811290MEM,RS,MEM,2069.0,,72,77,-5
200811290MEM,RS,MEM,2069.0,,72,78,-6
200811290MEM,RS,MEM,2086.0,,74,78,-4
200811290MEM,RS,MEM,2108.7,,74,80,-6
200811290MEM,RS,MEM,2159.8,,76,80,-4
200811290MEM,RS,MEM,2175.0,,76,81,-5
200811290MEM,RS,MEM,2191.0,,78,81,-3
200811290MEM,RS,MEM,2238.0,,79,81,-2
200811290MEM,RS,MEM,2238.0,,80,81,-1
200811290MEM,RS,MEM,2249.0,,80,83,-3
200811290MEM,RS,MEM,2282.0,,82,83,-1
200811290MEM,RS,MEM,2319.0,,82,85,-3
200811290MEM,RS,MEM,2348.0,,84,85,-1
200811290MEM,RS,MEM,2370.0,,84,88,-4
200811290MEM,RS,MEM,2384.0,,86,88,-2
200811290MEM,RS,MEM,2396.0,,86,90,-4
200811290MEM,RS,MEM,2412.0,,89,90,-1
200811290MEM,RS,MEM,2434.0,,89,92,-3
200811290MEM,RS,MEM,2452.0,,90,92,-2
200811290MEM,RS,MEM,2452.0,,91,92,-1
200811290MEM,RS,MEM,2546.0,,91,94,-3
200811290MEM,RS,MEM,2568.0,T,94,94,0
200811290MEM,RS,MEM,2593.0,,94,96,-2
200811290MEM,RS,MEM,2612.0,LC,97,96,1
200811290MEM,RS,MEM,2635.0,,99,96,3
200811290MEM,RS,MEM,2661.0,,99,98,1
200811290MEM,RS,MEM,2703.0,LC,99,100,-1
200811290MEM,RS,MEM,2718.0,T,100,100,0
200811290MEM,RS,MEM,2718.0,LC,101,100,1
200811290MEM,RS,MEM,2776.0,,103,100,3
200811290MEM,RS,MEM,2815.0,,105,100,5
200811290MEM,RS,MEM,2831.6,,106,100,6
200811290MEM,RS,MEM,2831.6,,107,100,7
200811290MEM,RS,MEM,2846.9,,108,100,8
200811290MEM,RS,MEM,2846.9,,109,100,9
200811290MEM,RS,MEM,2852.7,,109,103,6
200811290MEM,RS,MEM,2856.1,,110,103,7
200811290MEM,RS,MEM,2856.1,F,111,103,8
200811290MEM,RS,MEM,2880.0,,111,103,8
200812030CHA,RS,CHA,0.0,,0,0,0
200812030CHA,RS,CHA,34.0,,2,0,2
200812030CHA,RS,CHA,49.0,T,2,2,0
200812030CHA,RS,CHA,87.0,LC,2,4,-2
200812030CHA,RS,CHA,108.0,T,4,4,0
200812030CHA,RS,CHA,169.0,LC,6,4,2
200812030CHA,RS,CHA,186.0,T,6,6,0
200812030CHA,RS,CHA,231.0,LC,6,8,-2
200812030CHA,RS,CHA,305.0,,6,10,-4
200812030CHA,RS,CHA,340.0,,6,11,-5
200812030CHA,RS,CHA,340.0,,6,12,-6
200812030CHA,RS,CHA,348.0,,8,12,-4
200812030CHA,RS,CHA,367.0,,8,13,-5
200812030CHA,RS,CHA,367.0,,8,14,-6
200812030CHA,RS,CHA,392.0,,8,16,-8
200812030CHA,RS,CHA,410.0,,9,16,-7
200812030CHA,RS,CHA,410.0,,10,16,-6
200812030CHA,RS,CHA,424.0,,10,18,-8
200812030CHA,RS,CHA,479.0,,12,18,-6
200812030CHA,RS,CHA,515.0,,14,18,-4
200812030CHA,RS,CHA,540.0,,14,20,-6
200812030CHA,RS,CHA,552.0,,15,20,-5
200812030CHA,RS,CHA,552.0,,16,20,-4
200812030CHA,RS,CHA,567.0,,16,22,-6
200812030CHA,RS,CHA,638.0,,16,24,-8
200812030CHA,RS,CHA,658.0,,18,24,-6
200812030CHA,RS,CHA,693.1,,20,24,-4
200812030CHA,RS,CHA,713.5,,21,24,-3
200812030CHA,RS,CHA,732.0,,22,24,-2
200812030CHA,RS,CHA,732.0,,23,24,-1
200812030CHA,RS,CHA,763.0,,23,27,-4
200812030CHA,RS,CHA,803.0,,24,27,-3
200812030CHA,RS,CHA,803.0,,25,27,-2
200812030CHA,RS,CHA,819.0,,25,29,-4
200812030CHA,RS,CHA,838.0,,27,29,-2
200812030CHA,RS,CHA,871.0,T,29,29,0
200812030CHA,RS,CHA,891.0,,29,30,-1
200812030CHA,RS,CHA,891.0,,29,31,-2
200812030CHA,RS,CHA,914.0,T,31,31,0
200812030CHA,RS,CHA,944.0,,31,34,-3
200812030CHA,RS,CHA,954.0,,33,34,-1
200812030CHA,RS,CHA,990.0,LC,35,34,1
200812030CHA,RS,CHA,1025.0,,36,34,2
200812030CHA,RS,CHA,1063.0,,37,34,3
200812030CHA,RS,CHA,1063.0,,38,34,4
200812030CHA,RS,CHA,1113.0,,40,34,6
200812030CHA,RS,CHA,1130.0,,40,36,4
200812030CHA,RS,CHA,1159.0,,40,38,2
200812030CHA,RS,CHA,1159.0,,40,39,1
200812030CHA,RS,CHA,1170.0,,41,39,2
200812030CHA,RS,CHA,1185.0,,41,40,1
200812030CHA,RS,CHA,1185.0,T,41,41,0
200812030CHA,RS,CHA,1241.0,LC,41,43,-2
200812030CHA,RS,CHA,1301.0,,41,45,-4
200812030CHA,RS,CHA,1327.0,,41,46,-5
200812030CHA,RS,CHA,1327.0,,41,47,-6
200812030CHA,RS,CHA,1337.0,,44,47,-3
200812030CHA,RS,CHA,1355.0,,45,47,-2
200812030CHA,RS,CHA,1414.1,,45,49,-4
200812030CHA,RS,CHA,1461.0,,47,49,-2
200812030CHA,RS,CHA,1493.0,,47,51,-4
200812030CHA,RS,CHA,1517.0,,47,53,-6
200812030CHA,RS,CHA,1532.0,,50,53,-3
200812030CHA,RS,CHA,1557.0,,52,53,-1
200812030CHA,RS,CHA,1594.0,LC,54,53,1
200812030CHA,RS,CHA,1619.0,LC,54,55,-1
200812030CHA,RS,CHA,1651.0,LC,57,55,2
200812030CHA,RS,CHA,1677.0,,57,56,1
200812030CHA,RS,CHA,1677.0,T,57,57,0
200812030CHA,RS,CHA,1788.0,LC,57,58,-1
200812030CHA,RS,CHA,1788.0,,57,59,-2
200812030CHA,RS,CHA,1812.0,,57,61,-4
200812030CHA,RS,CHA,1838.0,,58,61,-3
200812030CHA,RS,CHA,1872.0,,58,63,-5
200812030CHA,RS,CHA,1891.0,,60,63,-3
200812030CHA,RS,CHA,1915.0,,60,64,-4
200812030CHA,RS,CHA,1933.0,,62,64,-2
200812030CHA,RS,CHA,1948.0,,62,66,-4
200812030CHA,RS,CHA,1980.0,,62,67,-5
200812030CHA,RS,CHA,1980.0,,62,68,-6
200812030CHA,RS,CHA,1995.0,,64,68,-4
200812030CHA,RS,CHA,2029.0,,64,70,-6
200812030CHA,RS,CHA,2058.0,,64,73,-9
200812030CHA,RS,CHA,2077.0,,66,73,-7
200812030CHA,RS,CHA,2096.0,,66,75,-9
200812030CHA,RS,CHA,2119.1,,69,75,-6
200812030CHA,RS,CHA,2131.4,,69,76,-7
200812030CHA,RS,CHA,2150.8,,72,76,-4
200812030CHA,RS,CHA,2158.6,,72,78,-6
200812030CHA,RS,CHA,2184.0,,72,80,-8
200812030CHA,RS,CHA,2198.0,,74,80,-6
200812030CHA,RS,CHA,2227.0,,76,80,-4
200812030CHA,RS,CHA,2284.0,,78,80,-2
200812030CHA,RS,CHA,2304.0,,78,81,-3
200812030CHA,RS,CHA,2304.0,,78,82,-4
200812030CHA,RS,CHA,2329.0,,78,83,-5
200812030CHA,RS,CHA,2371.0,,80,83,-3
200812030CHA,RS,CHA,2394.0,,80,85,-5
200812030CHA,RS,CHA,2431.0,,82,85,-3
200812030CHA,RS,CHA,2455.0,,83,85,-2
200812030CHA,RS,CHA,2473.0,,83,87,-4
200812030CHA,RS,CHA,2506.0,,83,90,-7
200812030CHA,RS,CHA,2546.0,,83,92,-9
200812030CHA,RS,CHA,2569.0,,85,92,-7
200812030CHA,RS,CHA,2609.0,,85,94,-9
200812030CHA,RS,CHA,2627.0,,87,94,-7
200812030CHA,RS,CHA,2664.0,,90,94,-4
200812030CHA,RS,CHA,2681.0,,90,96,-6
200812030CHA,RS,CHA,2704.0,,91,96,-5
200812030CHA,RS,CHA,2704.0,,92,96,-4
200812030CHA,RS,CHA,2727.0,,92,98,-6
200812030CHA,RS,CHA,2790.0,,92,99,-7
200812030CHA,RS,CHA,2790.0,,92,100,-8
200812030CHA,RS,CHA,2795.0,,94,100,-6
200812030CHA,RS,CHA,2849.6,,94,101,-7
200812030CHA,RS,CHA,2849.6,,94,102,-8
200812030CHA,RS,CHA,2855.8,,97,102,-5
200812030CHA,RS,CHA,2862.9,F,97,103,-6
200812030CHA,RS,CHA,2880.0,,97,103,-6
200812050ORL,RS,ORL,0.0,,0,0,0
200812050ORL,RS,ORL,17.0,,0,2,-2
200812050ORL,RS,ORL,45.0,,0,4,-4
200812050ORL,RS,ORL,65.0,,0,6,-6
200812050ORL,RS,ORL,83.0,,2,6,-4
200812050ORL,RS,ORL,110.0,,4,6,-2
200812050ORL,RS,ORL,120.0,,4,8,-4
200812050ORL,RS,ORL,147.0,,4,10,-6
200812050ORL,RS,ORL,197.0,,4,12,-8
200812050ORL,RS,ORL,217.0,,5,12,-7
200812050ORL,RS,ORL,268.0,,7,12,-5
200812050ORL,RS,ORL,297.0,,9,12,-3
200812050ORL,RS,ORL,455.0,T,12,12,0
200812050ORL,RS,ORL,503.0,,12,13,-1
200812050ORL,RS,ORL,503.0,,12,14,-2
200812050ORL,RS,ORL,560.0,T,14,14,0
200812050ORL,RS,ORL,575.0,,14,15,-1
200812050ORL,RS,ORL,588.0,LC,16,15,1
200812050ORL,RS,ORL,604.0,LC,16,17,-1
200812050ORL,RS,ORL,630.0,,16,18,-2
200812050ORL,RS,ORL,643.0,T,18,18,0
200812050ORL,RS,ORL,676.0,,18,20,-2
200812050ORL,RS,ORL,676.0,,18,21,-3
200812050ORL,RS,ORL,716.8,,18,23,-5
200812050ORL,RS,ORL,732.0,,20,23,-3
200812050ORL,RS,ORL,732.0,,21,23,-2
200812050ORL,RS,ORL,809.0,,21,26,-5
200812050ORL,RS,ORL,825.0,,22,26,-4
200812050ORL,RS,ORL,891.0,,24,26,-2
200812050ORL,RS,ORL,924.0,T,26,26,0
200812050ORL,RS,ORL,963.0,LC,28,26,2
200812050ORL,RS,ORL,991.0,T,28,28,0
200812050ORL,RS,ORL,1008.0,,30,28,2
200812050ORL,RS,ORL,1048.0,T,30,30,0
200812050ORL,RS,ORL,1083.0,LC,30,32,-2
200812050ORL,RS,ORL,1101.0,T,32,32,0
200812050ORL,RS,ORL,1113.0,,32,34,-2
200812050ORL,RS,ORL,1163.0,,32,37,-5
200812050ORL,RS,ORL,1211.0,,33,37,-4
200812050ORL,RS,ORL,1211.0,,34,37,-3
200812050ORL,RS,ORL,1229.0,,34,38,-4
200812050ORL,RS,ORL,1244.0,,36,38,-2
200812050ORL,RS,ORL,1269.0,,36,40,-4
200812050ORL,RS,ORL,1285.0,,39,40,-1
200812050ORL,RS,ORL,1302.0,,39,43,-4
200812050ORL,RS,ORL,1348.0,,39,45,-6
200812050ORL,RS,ORL,1485.0,,41,45,-4
200812050ORL,RS,ORL,1524.0,,41,47,-6
200812050ORL,RS,ORL,1524.0,,41,48,-7
200812050ORL,RS,ORL,1534.0,,43,48,-5
200812050ORL,RS,ORL,1598.0,,45,48,-3
200812050ORL,RS,ORL,1614.0,,45,51,-6
200812050ORL,RS,ORL,1654.0,,47,51,-4
200812050ORL,RS,ORL,1693.0,,49,51,-2
200812050ORL,RS,ORL,1710.0,,49,54,-5
200812050ORL,RS,ORL,1758.0,,51,54,-3
200812050ORL,RS,ORL,1776.0,,53,54,-1
200812050ORL,RS,ORL,1791.0,,53,56,-3
200812050ORL,RS,ORL,1808.0,,54,56,-2
200812050ORL,RS,ORL,1808.0,,55,56,-1
200812050ORL,RS,ORL,1868.0,,55,59,-4
200812050ORL,RS,ORL,1899.0,,56,59,-3
200812050ORL,RS,ORL,1899.0,,57,59,-2
200812050ORL,RS,ORL,1922.0,,57,61,-4
200812050ORL,RS,ORL,1944.0,,57,64,-7
200812050ORL,RS,ORL,1987.0,,58,64,-6
200812050ORL,RS,ORL,1987.0,,59,64,-5
200812050ORL,RS,ORL,2007.0,,59,66,-7
200812050ORL,RS,ORL,2021.0,,60,66,-6
200812050ORL,RS,ORL,2047.0,,62,66,-4
200812050ORL,RS,ORL,2065.0,,62,67,-5
200812050ORL,RS,ORL,2065.0,,62,68,-6
200812050ORL,RS,ORL,2100.0,,64,68,-4
200812050ORL,RS,ORL,2110.5,,64,70,-6
200812050ORL,RS,ORL,2149.2,,66,70,-4
200812050ORL,RS,ORL,2202.0,,66,73,-7
200812050ORL,RS,ORL,2222.0,,69,73,-4
200812050ORL,RS,ORL,2240.0,,70,73,-3
200812050ORL,RS,ORL,2256.0,,70,76,-6
200812050ORL,RS,ORL,2296.0,,72,76,-4
200812050ORL,RS,ORL,2315.0,,72,79,-7
200812050ORL,RS,ORL,2324.0,,73,79,-6
200812050ORL,RS,ORL,2369.0,,73,81,-8
200812050ORL,RS,ORL,2393.0,,75,81,-6
200812050ORL,RS,ORL,2429.0,,77,81,-4
200812050ORL,RS,ORL,2447.0,,77,84,-7
200812050ORL,RS,ORL,2473.0,,77,86,-9
200812050ORL,RS,ORL,2498.0,,79,86,-7
200812050ORL,RS,ORL,2546.0,,79,88,-9
200812050ORL,RS,ORL,2573.0,,79,90,-11
200812050ORL,RS,ORL,2601.0,,81,90,-9
200812050ORL,RS,ORL,2631.0,,81,93,-12
200812050ORL,RS,ORL,2678.0,,83,93,-10
200812050ORL,RS,ORL,2721.0,,85,93,-8
200812050ORL,RS,ORL,2738.0,,85,95,-10
200812050ORL,RS,ORL,2786.0,,87,95,-8
200812050ORL,RS,ORL,2856.6,,87,98,-11
200812050ORL,RS,ORL,2865.0,F,89,98,-9
200812050ORL,RS,ORL,2880.0,,89,98,-9
200812060MIA,RS,MIA,0.0,,0,0,0
200812060MIA,RS,MIA,16.0,,2,0,2
200812060MIA,RS,MIA,27.0,,2,1,1
200812060MIA,RS,MIA,27.0,T,2,2,0
200812060MIA,RS,MIA,55.0,LC,2,4,-2
200812060MIA,RS,MIA,78.0,T,4,4,0
200812060MIA,RS,MIA,78.0,LC,5,4,1
200812060MIA,RS,MIA,125.0,LC,5,6,-1
200812060MIA,RS,MIA,135.0,T,6,6,0
200812060MIA,RS,MIA,158.0,,6,8,-2
200812060MIA,RS,MIA,192.0,,6,10,-4
200812060MIA,RS,MIA,234.0,,6,12,-6
200812060MIA,RS,MIA,234.0,,6,13,-7
200812060MIA,RS,MIA,251.0,,8,13,-5
200812060MIA,RS,MIA,271.0,,10,13,-3
200812060MIA,RS,MIA,295.0,,10,15,-5
200812060MIA,RS,MIA,318.0,,10,17,-7
200812060MIA,RS,MIA,326.0,,10,19,-9
200812060MIA,RS,MIA,361.0,,12,19,-7
200812060MIA,RS,MIA,379.0,,12,21,-9
200812060MIA,RS,MIA,402.0,,14,21,-7
200812060MIA,RS,MIA,417.0,,14,23,-9
200812060MIA,RS,MIA,427.0,,16,23,-7
200812060MIA,RS,MIA,440.0,,16,24,-8
200812060MIA,RS,MIA,440.0,,16,25,-9
200812060MIA,RS,MIA,469.0,,16,28,-12
200812060MIA,RS,MIA,488.0,,17,28,-11
200812060MIA,RS,MIA,488.0,,18,28,-10
200812060MIA,RS,MIA,507.0,,20,28,-8
200812060MIA,RS,MIA,549.0,,20,30,-10
200812060MIA,RS,MIA,603.0,,20,32,-12
200812060MIA,RS,MIA,643.0,,22,32,-10
200812060MIA,RS,MIA,663.4,,22,34,-12
200812060MIA,RS,MIA,685.8,,24,34,-10
200812060MIA,RS,MIA,694.5,,24,36,-12
200812060MIA,RS,MIA,715.0,,26,36,-10
200812060MIA,RS,MIA,715.0,,27,36,-9
200812060MIA,RS,MIA,778.0,,29,36,-7
200812060MIA,RS,MIA,792.0,,29,37,-8
200812060MIA,RS,MIA,807.0,,30,37,-7
200812060MIA,RS,MIA,816.0,,32,37,-5
200812060MIA,RS,MIA,861.0,,32,40,-8
200812060MIA,RS,MIA,902.0,,34,40,-6
200812060MIA,RS,MIA,922.0,,34,42,-8
200812060MIA,RS,MIA,958.0,,34,44,-10
200812060MIA,RS,MIA,975.0,,35,44,-9
200812060MIA,RS,MIA,1042.0,,37,44,-7
200812060MIA,RS,MIA,1089.0,,39,44,-5
200812060MIA,RS,MIA,1113.0,,39,47,-8
200812060MIA,RS,MIA,1143.0,,39,49,-10
200812060MIA,RS,MIA,1169.0,,39,51,-12
200812060MIA,RS,MIA,1200.0,,40,51,-11
200812060MIA,RS,MIA,1266.0,,43,51,-8
200812060MIA,RS,MIA,1282.0,,43,52,-9
200812060MIA,RS,MIA,1311.0,,44,52,-8
200812060MIA,RS,MIA,1311.0,,45,52,-7
200812060MIA,RS,MIA,1332.0,,48,52,-4
200812060MIA,RS,MIA,1350.0,,48,54,-6
200812060MIA,RS,MIA,1368.0,,49,54,-5
200812060MIA,RS,MIA,1368.0,,50,54,-4
200812060MIA,RS,MIA,1377.0,,50,56,-6
200812060MIA,RS,MIA,1393.5,,51,56,-5
200812060MIA,RS,MIA,1393.5,,52,56,-4
200812060MIA,RS,MIA,1404.1,,52,58,-6
200812060MIA,RS,MIA,1414.9,,54,58,-4
200812060MIA,RS,MIA,1431.8,,54,59,-5
200812060MIA,RS,MIA,1471.0,,54,61,-7
200812060MIA,RS,MIA,1506.0,,54,63,-9
200812060MIA,RS,MIA,1547.0,,56,63,-7
200812060MIA,RS,MIA,1563.0,,56,65,-9
200812060MIA,RS,MIA,1587.0,,56,67,-11
200812060MIA,RS,MIA,1648.0,,56,69,-13
200812060MIA,RS,MIA,1703.0,,57,69,-12
200812060MIA,RS,MIA,1740.0,,58,69,-11
200812060MIA,RS,MIA,1780.0,,60,69,-9
200812060MIA,RS,MIA,1805.0,,60,71,-11
200812060MIA,RS,MIA,1840.0,,60,73,-13
200812060MIA,RS,MIA,1840.0,,60,74,-14
200812060MIA,RS,MIA,1872.0,,60,75,-15
200812060MIA,RS,MIA,1893.0,,62,75,-13
200812060MIA,RS,MIA,1924.0,,64,75,-11
200812060MIA,RS,MIA,1963.0,,64,76,-12
200812060MIA,RS,MIA,1963.0,,64,77,-13
200812060MIA,RS,MIA,2013.0,,65,77,-12
200812060MIA,RS,MIA,2013.0,,66,77,-11
200812060MIA,RS,MIA,2034.0,,66,79,-13
200812060MIA,RS,MIA,2051.0,,68,79,-11
200812060MIA,RS,MIA,2077.0,,70,79,-9
200812060MIA,RS,MIA,2122.4,,70,81,-11
200812060MIA,RS,MIA,2122.4,,70,82,-12
200812060MIA,RS,MIA,2157.2,,70,84,-14
200812060MIA,RS,MIA,2157.2,,70,85,-15
200812060MIA,RS,MIA,2182.0,,73,85,-12
200812060MIA,RS,MIA,2214.0,,75,85,-10
200812060MIA,RS,MIA,2244.0,,77,85,-8
200812060MIA,RS,MIA,2281.0,,80,85,-5
200812060MIA,RS,MIA,2323.0,,80,88,-8
200812060MIA,RS,MIA,2340.0,,82,88,-6
200812060MIA,RS,MIA,2340.0,,83,88,-5
200812060MIA,RS,MIA,2386.0,,83,90,-7
200812060MIA,RS,MIA,2461.0,,86,90,-4
200812060MIA,RS,MIA,2500.0,,88,90,-2
200812060MIA,RS,MIA,2500.0,,89,90,-1
200812060MIA,RS,MIA,2517.0,T,90,90,0
200812060MIA,RS,MIA,2567.0,,90,93,-3
200812060MIA,RS,MIA,2588.0,,91,93,-2
200812060MIA,RS,MIA,2632.0,,91,95,-4
200812060MIA,RS,MIA,2673.0,,91,97,-6
200812060MIA,RS,MIA,2754.0,,92,97,-5
200812060MIA,RS,MIA,2754.0,,93,97,-4
200812060MIA,RS,MIA,2779.0,,93,98,-5
200812060MIA,RS,MIA,2779.0,,93,99,-6
200812060MIA,RS,MIA,2803.0,,93,101,-8
200812060MIA,RS,MIA,2834.4,,95,101,-6
200812060MIA,RS,MIA,2845.6,,95,102,-7
200812060MIA,RS,MIA,2861.7,,95,104,-9
200812060MIA,RS,MIA,2866.0,,97,104,-7
200812060MIA,RS,MIA,2868.9,,97,105,-8
200812060MIA,RS,MIA,2874.6,F,99,105,-6
200812060MIA,RS,MIA,2880.0,,99,105,-6
200812080OKC,RS,GSW,0.0,,0,0,0
200812080OKC,RS,GSW,68.0,,0,2,-2
200812080OKC,RS,GSW,104.0,,0,4,-4
200812080OKC,RS,GSW,131.0,,1,4,-3
200812080OKC,RS,GSW,150.0,,1,6,-5
200812080OKC,RS,GSW,197.0,,3,6,-3
200812080OKC,RS,GSW,213.0,,3,8,-5
200812080OKC,RS,GSW,232.0,,3,10,-7
200812080OKC,RS,GSW,232.0,,3,11,-8
200812080OKC,RS,GSW,246.0,,5,11,-6
200812080OKC,RS,GSW,292.0,,8,11,-3
200812080OKC,RS,GSW,316.0,,8,14,-6
200812080OKC,RS,GSW,323.0,,10,14,-4
200812080OKC,RS,GSW,341.0,,10,16,-6
200812080OKC,RS,GSW,396.0,,11,16,-5
200812080OKC,RS,GSW,423.0,,11,18,-7
200812080OKC,RS,GSW,442.0,,13,18,-5
200812080OKC,RS,GSW,465.0,,13,20,-7
200812080OKC,RS,GSW,494.0,,13,22,-9
200812080OKC,RS,GSW,517.0,,15,22,-7
200812080OKC,RS,GSW,543.0,,17,22,-5
200812080OKC,RS,GSW,553.0,,17,24,-7
200812080OKC,RS,GSW,620.0,,17,26,-9
200812080OKC,RS,GSW,637.0,,17,27,-10
200812080OKC,RS,GSW,656.0,,19,27,-8
200812080OKC,RS,GSW,690.9,,21,27,-6
200812080OKC,RS,GSW,712.2,,21,29,-8
200812080OKC,RS,GSW,718.8,,23,29,-6
200812080OKC,RS,GSW,801.0,,23,31,-8
200812080OKC,RS,GSW,832.0,,23,32,-9
200812080OKC,RS,GSW,832.0,,23,33,-10
200812080OKC,RS,GSW,850.0,,23,34,-11
200812080OKC,RS,GSW,850.0,,23,35,-12
200812080OKC,RS,GSW,864.0,,25,35,-10
200812080OKC,RS,GSW,876.0,,25,37,-12
200812080OKC,RS,GSW,902.0,,25,39,-14
200812080OKC,RS,GSW,955.0,,25,41,-16
200812080OKC,RS,GSW,994.0,,25,43,-18
200812080OKC,RS,GSW,1018.0,,28,43,-15
200812080OKC,RS,GSW,1038.0,,28,45,-17
200812080OKC,RS,GSW,1111.0,,28,47,-19
200812080OKC,RS,GSW,1140.0,,30,47,-17
200812080OKC,RS,GSW,1190.0,,32,47,-15
200812080OKC,RS,GSW,1223.0,,32,48,-16
200812080OKC,RS,GSW,1223.0,,32,49,-17
200812080OKC,RS,GSW,1258.0,,32,51,-19
200812080OKC,RS,GSW,1319.0,,32,53,-21
200812080OKC,RS,GSW,1335.0,,35,53,-18
200812080OKC,RS,GSW,1346.0,,35,55,-20
200812080OKC,RS,GSW,1355.0,,38,55,-17
200812080OKC,RS,GSW,1363.0,,38,56,-18
200812080OKC,RS,GSW,1363.0,,38,57,-19
200812080OKC,RS,GSW,1373.0,,40,57,-17
200812080OKC,RS,GSW,1380.7,,40,59,-19
200812080OKC,RS,GSW,1389.5,,40,61,-21
200812080OKC,RS,GSW,1414.9,,42,61,-19
200812080OKC,RS,GSW,1520.0,,44,61,-17
200812080OKC,RS,GSW,1554.0,,44,62,-18
200812080OKC,RS,GSW,1567.0,,46,62,-16
200812080OKC,RS,GSW,1577.0,,46,64,-18
200812080OKC,RS,GSW,1595.0,,48,64,-16
200812080OKC,RS,GSW,1612.0,,48,65,-17
200812080OKC,RS,GSW,1623.0,,48,67,-19
200812080OKC,RS,GSW,1665.0,,50,67,-17
200812080OKC,RS,GSW,1680.0,,50,69,-19
200812080OKC,RS,GSW,1695.0,,52,69,-17
200812080OKC,RS,GSW,1749.0,,52,72,-20
200812080OKC,RS,GSW,1784.0,,55,72,-17
200812080OKC,RS,GSW,1803.0,,55,74,-19
200812080OKC,RS,GSW,1821.0,,56,74,-18
200812080OKC,RS,GSW,1837.0,,58,74,-16
200812080OKC,RS,GSW,1870.0,,60,74,-14
200812080OKC,RS,GSW,1898.0,,62,74,-12
200812080OKC,RS,GSW,1898.0,,63,74,-11
200812080OKC,RS,GSW,1914.0,,63,76,-13
200812080OKC,RS,GSW,1914.0,,63,77,-14
200812080OKC,RS,GSW,1951.0,,63,79,-16
200812080OKC,RS,GSW,1967.0,,63,81,-18
200812080OKC,RS,GSW,1992.0,,65,81,-16
200812080OKC,RS,GSW,2027.0,,65,82,-17
200812080OKC,RS,GSW,2044.0,,66,82,-16
200812080OKC,RS,GSW,2044.0,,67,82,-15
200812080OKC,RS,GSW,2058.0,,67,84,-17
200812080OKC,RS,GSW,2133.7,,68,84,-16
200812080OKC,RS,GSW,2155.4,,68,85,-17
200812080OKC,RS,GSW,2155.4,,68,86,-18
200812080OKC,RS,GSW,2199.0,,68,89,-21
200812080OKC,RS,GSW,2212.0,,70,89,-19
200812080OKC,RS,GSW,2234.0,,71,89,-18
200812080OKC,RS,GSW,2234.0,,72,89,-17
200812080OKC,RS,GSW,2256.0,,74,89,-15
200812080OKC,RS,GSW,2307.0,,76,89,-13
200812080OKC,RS,GSW,2322.0,,76,91,-15
200812080OKC,RS,GSW,2337.0,,78,91,-13
200812080OKC,RS,GSW,2356.0,,78,93,-15
200812080OKC,RS,GSW,2384.0,,78,95,-17
200812080OKC,RS,GSW,2409.0,,80,95,-15
200812080OKC,RS,GSW,2447.0,,83,95,-12
200812080OKC,RS,GSW,2483.0,,85,95,-10
200812080OKC,RS,GSW,2550.0,,87,95,-8
200812080OKC,RS,GSW,2583.0,,87,97,-10
200812080OKC,RS,GSW,2673.0,,89,97,-8
200812080OKC,RS,GSW,2692.0,,89,99,-10
200812080OKC,RS,GSW,2699.0,,90,99,-9
200812080OKC,RS,GSW,2736.0,,92,99,-7
200812080OKC,RS,GSW,2753.0,,92,102,-10
200812080OKC,RS,GSW,2761.0,,93,102,-9
200812080OKC,RS,GSW,2790.0,,95,102,-7
200812080OKC,RS,GSW,2831.5,,95,103,-8
200812080OKC,RS,GSW,2831.5,,95,104,-9
200812080OKC,RS,GSW,2836.9,,96,104,-8
200812080OKC,RS,GSW,2841.1,,99,104,-5
200812080OKC,RS,GSW,2842.5,,99,105,-6
200812080OKC,RS,GSW,2847.1,,102,105,-3
200812080OKC,RS,GSW,2847.8,,102,106,-4
200812080OKC,RS,GSW,2847.8,,102,107,-5
200812080OKC,RS,GSW,2858.1,,102,108,-6
200812080OKC,RS,GSW,2858.1,,102,109,-7
200812080OKC,RS,GSW,2868.0,,102,110,-8
200812080OKC,RS,GSW,2876.4,,102,111,-9
200812080OKC,RS,GSW,2876.4,F,102,112,-10
200812080OKC,RS,GSW,2880.0,,102,112,-10
200812100OKC,RS,MEM,0.0,,0,0,0
200812100OKC,RS,MEM,48.0,,2,0,2
200812100OKC,RS,MEM,106.0,LC,2,3,-1
200812100OKC,RS,MEM,123.0,LC,4,3,1
200812100OKC,RS,MEM,196.0,,6,3,3
200812100OKC,RS,MEM,211.0,,6,4,2
200812100OKC,RS,MEM,242.0,,6,5,1
200812100OKC,RS,MEM,251.0,,8,5,3
200812100OKC,RS,MEM,272.0,,8,7,1
200812100OKC,RS,MEM,284.0,,11,7,4
200812100OKC,RS,MEM,306.0,,11,9,2
200812100OKC,RS,MEM,321.0,,13,9,4
200812100OKC,RS,MEM,334.0,,13,11,2
200812100OKC,RS,MEM,352.0,,15,11,4
200812100OKC,RS,MEM,374.0,,15,14,1
200812100OKC,RS,MEM,393.0,,17,14,3
200812100OKC,RS,MEM,412.0,,19,14,5
200812100OKC,RS,MEM,437.0,,19,16,3
200812100OKC,RS,MEM,475.0,,19,17,2
200812100OKC,RS,MEM,475.0,,19,18,1
200812100OKC,RS,MEM,489.0,,21,18,3
200812100OKC,RS,MEM,525.0,,23,18,5
200812100OKC,RS,MEM,542.0,,23,19,4
200812100OKC,RS,MEM,542.0,,23,20,3
200812100OKC,RS,MEM,564.0,,25,20,5
200812100OKC,RS,MEM,624.0,,25,21,4
200812100OKC,RS,MEM,644.0,,27,21,6
200812100OKC,RS,MEM,681.0,,27,23,4
200812100OKC,RS,MEM,687.1,,29,23,6
200812100OKC,RS,MEM,752.0,,31,23,8
200812100OKC,RS,MEM,765.0,,31,25,6
200812100OKC,RS,MEM,805.0,,32,25,7
200812100OKC,RS,MEM,805.0,,33,25,8
200812100OKC,RS,MEM,843.0,,35,25,10
200812100OKC,RS,MEM,878.0,,38,25,13
200812100OKC,RS,MEM,964.0,,40,25,15
200812100OKC,RS,MEM,1025.0,,42,25,17
200812100OKC,RS,MEM,1040.0,,44,25,19
200812100OKC,RS,MEM,1058.0,,44,28,16
200812100OKC,RS,MEM,1073.0,,47,28,19
200812100OKC,RS,MEM,1084.0,,47,30,17
200812100OKC,RS,MEM,1102.0,,49,30,19
200812100OKC,RS,MEM,1133.0,,51,30,21
200812100OKC,RS,MEM,1178.0,,51,31,20
200812100OKC,RS,MEM,1178.0,,51,32,19
200812100OKC,RS,MEM,1209.0,,51,33,18
200812100OKC,RS,MEM,1219.0,,51,35,16
200812100OKC,RS,MEM,1241.0,,51,37,14
200812100OKC,RS,MEM,1262.0,,51,39,12
200812100OKC,RS,MEM,1278.0,,53,39,14
200812100OKC,RS,MEM,1299.0,,53,41,12
200812100OKC,RS,MEM,1333.0,,53,44,9
200812100OKC,RS,MEM,1385.1,,55,44,11
200812100OKC,RS,MEM,1403.9,,55,46,9
200812100OKC,RS,MEM,1427.7,,55,47,8
200812100OKC,RS,MEM,1427.7,,55,48,7
200812100OKC,RS,MEM,1453.0,,55,50,5
200812100OKC,RS,MEM,1479.0,,56,50,6
200812100OKC,RS,MEM,1479.0,,57,50,7
200812100OKC,RS,MEM,1525.0,,57,52,5
200812100OKC,RS,MEM,1542.0,,59,52,7
200812100OKC,RS,MEM,1558.0,,59,54,5
200812100OKC,RS,MEM,1596.0,,59,56,3
200812100OKC,RS,MEM,1611.0,,61,56,5
200812100OKC,RS,MEM,1624.0,,61,58,3
200812100OKC,RS,MEM,1641.0,,62,58,4
200812100OKC,RS,MEM,1641.0,,63,58,5
200812100OKC,RS,MEM,1656.0,,63,59,4
200812100OKC,RS,MEM,1656.0,,63,60,3
200812100OKC,RS,MEM,1673.0,,65,60,5
200812100OKC,RS,MEM,1673.0,,66,60,6
200812100OKC,RS,MEM,1701.0,,69,60,9
200812100OKC,RS,MEM,1751.0,,69,62,7
200812100OKC,RS,MEM,1766.0,,70,62,8
200812100OKC,RS,MEM,1803.0,,72,62,10
200812100OKC,RS,MEM,1835.0,,72,64,8
200812100OKC,RS,MEM,1879.0,,73,64,9
200812100OKC,RS,MEM,1891.0,,73,65,8
200812100OKC,RS,MEM,1891.0,,73,66,7
200812100OKC,RS,MEM,1903.0,,74,66,8
200812100OKC,RS,MEM,1903.0,,75,66,9
200812100OKC,RS,MEM,1966.0,,77,66,11
200812100OKC,RS,MEM,2009.0,,77,68,9
200812100OKC,RS,MEM,2035.0,,77,70,7
200812100OKC,RS,MEM,2055.0,,78,70,8
200812100OKC,RS,MEM,2055.0,,79,70,9
200812100OKC,RS,MEM,2084.0,,79,71,8
200812100OKC,RS,MEM,2084.0,,79,72,7
200812100OKC,RS,MEM,2104.8,,79,73,6
200812100OKC,RS,MEM,2112.9,,80,73,7
200812100OKC,RS,MEM,2112.9,,81,73,8
200812100OKC,RS,MEM,2124.8,,81,76,5
200812100OKC,RS,MEM,2159.8,,82,76,6
200812100OKC,RS,MEM,2159.8,,83,76,7
200812100OKC,RS,MEM,2204.0,,83,78,5
200812100OKC,RS,MEM,2229.0,,83,80,3
200812100OKC,RS,MEM,2248.0,,85,80,5
200812100OKC,RS,MEM,2264.0,,85,82,3
200812100OKC,RS,MEM,2297.0,T,85,85,0
200812100OKC,RS,MEM,2336.0,LC,85,87,-2
200812100OKC,RS,MEM,2353.0,,86,87,-1
200812100OKC,RS,MEM,2392.0,LC,88,87,1
200812100OKC,RS,MEM,2450.0,T,88,88,0
200812100OKC,RS,MEM,2450.0,LC,88,89,-1
200812100OKC,RS,MEM,2476.0,T,89,89,0
200812100OKC,RS,MEM,2476.0,LC,90,89,1
200812100OKC,RS,MEM,2493.0,LC,90,91,-1
200812100OKC,RS,MEM,2566.0,,90,93,-3
200812100OKC,RS,MEM,2589.0,,92,93,-1
200812100OKC,RS,MEM,2607.0,T,93,93,0
200812100OKC,RS,MEM,2607.0,LC,94,93,1
200812100OKC,RS,MEM,2636.0,LC,94,95,-1
200812100OKC,RS,MEM,2667.0,,94,97,-3
200812100OKC,RS,MEM,2696.0,,94,98,-4
200812100OKC,RS,MEM,2696.0,,94,99,-5
200812100OKC,RS,MEM,2715.0,,96,99,-3
200812100OKC,RS,MEM,2748.0,,97,99,-2
200812100OKC,RS,MEM,2748.0,,98,99,-1
200812100OKC,RS,MEM,2762.0,,98,100,-2
200812100OKC,RS,MEM,2794.0,,98,102,-4
200812100OKC,RS,MEM,2812.0,,100,102,-2
200812100OKC,RS,MEM,2827.1,,100,104,-4
200812100OKC,RS,MEM,2861.8,,100,106,-6
200812100OKC,RS,MEM,2869.5,,100,107,-7
200812100OKC,RS,MEM,2869.5,,100,108,-8
200812100OKC,RS,MEM,2875.0,F,102,108,-6
200812100OKC,RS,MEM,2880.0,,102,108,-6
200812130DAL,RS,DAL,0.0,,0,0,0
200812130DAL,RS,DAL,18.0,,2,0,2
200812130DAL,RS,DAL,83.0,,3,0,3
200812130DAL,RS,DAL,83.0,,4,0,4
200812130DAL,RS,DAL,102.0,,4,2,2
200812130DAL,RS,DAL,117.0,,6,2,4
200812130DAL,RS,DAL,170.0,,6,4,2
200812130DAL,RS,DAL,184.0,,8,4,4
200812130DAL,RS,DAL,221.0,,10,4,6
200812130DAL,RS,DAL,246.0,,10,6,4
200812130DAL,RS,DAL,310.0,,12,6,6
200812130DAL,RS,DAL,340.0,,14,6,8
200812130DAL,RS,DAL,340.0,,15,6,9
200812130DAL,RS,DAL,369.0,,15,8,7
200812130DAL,RS,DAL,419.0,,15,10,5
200812130DAL,RS,DAL,464.0,,16,10,6
200812130DAL,RS,DAL,468.0,,17,10,7
200812130DAL,RS,DAL,468.0,,18,10,8
200812130DAL,RS,DAL,481.0,,18,12,6
200812130DAL,RS,DAL,539.0,,20,12,8
200812130DAL,RS,DAL,556.0,,20,14,6
200812130DAL,RS,DAL,586.0,,22,14,8
200812130DAL,RS,DAL,611.0,,22,17,5
200812130DAL,RS,DAL,620.0,,24,17,7
200812130DAL,RS,DAL,654.0,,24,19,5
200812130DAL,RS,DAL,673.9,,26,19,7
200812130DAL,RS,DAL,688.8,,26,21,5
200812130DAL,RS,DAL,710.0,,28,21,7
200812130DAL,RS,DAL,718.8,,28,23,5
200812130DAL,RS,DAL,754.0,,30,23,7
200812130DAL,RS,DAL,774.0,,30,25,5
200812130DAL,RS,DAL,788.0,,32,25,7
200812130DAL,RS,DAL,801.0,,32,27,5
200812130DAL,RS,DAL,815.0,,33,27,6
200812130DAL,RS,DAL,815.0,,34,27,7
200812130DAL,RS,DAL,843.0,,36,27,9
200812130DAL,RS,DAL,856.0,,36,29,7
200812130DAL,RS,DAL,882.0,,36,32,4
200812130DAL,RS,DAL,918.0,,38,32,6
200812130DAL,RS,DAL,934.0,,38,34,4
200812130DAL,RS,DAL,947.0,,38,37,1
200812130DAL,RS,DAL,971.0,,40,37,3
200812130DAL,RS,DAL,990.0,,40,39,1
200812130DAL,RS,DAL,1012.0,LC,40,41,-1
200812130DAL,RS,DAL,1029.0,LC,42,41,1
200812130DAL,RS,DAL,1059.0,,44,41,3
200812130DAL,RS,DAL,1096.0,,44,43,1
200812130DAL,RS,DAL,1131.0,LC,44,45,-1
200812130DAL,RS,DAL,1150.0,,44,46,-2
200812130DAL,RS,DAL,1233.0,T,46,46,0
200812130DAL,RS,DAL,1272.0,LC,48,46,2
200812130DAL,RS,DAL,1310.0,,50,46,4
200812130DAL,RS,DAL,1354.0,,51,46,5
200812130DAL,RS,DAL,1354.0,,52,46,6
200812130DAL,RS,DAL,1366.0,,52,48,4
200812130DAL,RS,DAL,1400.3,,52,49,3
200812130DAL,RS,DAL,1400.3,,52,50,2
200812130DAL,RS,DAL,1411.2,,53,50,3
200812130DAL,RS,DAL,1411.2,,54,50,4
200812130DAL,RS,DAL,1462.0,,54,52,2
200812130DAL,RS,DAL,1506.0,LC,54,55,-1
200812130DAL,RS,DAL,1527.0,T,55,55,0
200812130DAL,RS,DAL,1527.0,LC,56,55,1
200812130DAL,RS,DAL,1560.0,,58,55,3
200812130DAL,RS,DAL,1570.0,,58,57,1
200812130DAL,RS,DAL,1616.0,,61,57,4
200812130DAL,RS,DAL,1637.0,,61,60,1
200812130DAL,RS,DAL,1653.0,,63,60,3
200812130DAL,RS,DAL,1677.0,,65,60,5
200812130DAL,RS,DAL,1693.0,,65,62,3
200812130DAL,RS,DAL,1730.0,,66,62,4
200812130DAL,RS,DAL,1730.0,,67,62,5
200812130DAL,RS,DAL,1746.0,,67,64,3
200812130DAL,RS,DAL,1746.0,,67,65,2
200812130DAL,RS,DAL,1756.0,,70,65,5
200812130DAL,RS,DAL,1802.0,,72,65,7
200812130DAL,RS,DAL,1834.0,,74,65,9
200812130DAL,RS,DAL,1849.0,,74,66,8
200812130DAL,RS,DAL,1849.0,,74,67,7
200812130DAL,RS,DAL,1866.0,,76,67,9
200812130DAL,RS,DAL,1880.0,,76,69,7
200812130DAL,RS,DAL,1910.0,,78,69,9
200812130DAL,RS,DAL,1926.0,,78,71,7
200812130DAL,RS,DAL,1954.0,,78,73,5
200812130DAL,RS,DAL,1997.0,,78,75,3
200812130DAL,RS,DAL,2073.0,,78,77,1
200812130DAL,RS,DAL,2098.0,LC,78,79,-1
200812130DAL,RS,DAL,2137.2,LC,80,79,1
200812130DAL,RS,DAL,2180.0,,82,79,3
200812130DAL,RS,DAL,2196.0,,82,81,1
200812130DAL,RS,DAL,2197.0,T,82,82,0
200812130DAL,RS,DAL,2245.0,,84,82,2
200812130DAL,RS,DAL,2268.0,LC,84,85,-1
200812130DAL,RS,DAL,2292.0,LC,87,85,2
200812130DAL,RS,DAL,2308.0,T,87,87,0
200812130DAL,RS,DAL,2378.0,,89,87,2
200812130DAL,RS,DAL,2404.0,T,89,89,0
200812130DAL,RS,DAL,2544.0,,91,89,2
200812130DAL,RS,DAL,2629.0,T,91,91,0
200812130DAL,RS,DAL,2650.0,LC,91,92,-1
200812130DAL,RS,DAL,2650.0,,91,93,-2
200812130DAL,RS,DAL,2661.0,T,93,93,0
200812130DAL,RS,DAL,2677.0,,93,95,-2
200812130DAL,RS,DAL,2706.0,,93,98,-5
200812130DAL,RS,DAL,2739.0,,93,99,-6
200812130DAL,RS,DAL,2761.0,,95,99,-4
200812130DAL,RS,DAL,2791.0,,97,99,-2
200812130DAL,RS,DAL,2862.6,,97,100,-3
200812130DAL,RS,DAL,2862.6,,97,101,-4
200812130DAL,RS,DAL,2867.7,,97,102,-5
200812130DAL,RS,DAL,2867.7,,97,103,-6
200812130DAL,RS,DAL,2873.8,F,99,103,-4
200812130DAL,RS,DAL,2880.0,,99,103,-4
200812140SAS,RS,SAS,0.0,,0,0,0
200812140SAS,RS,SAS,21.0,,0,3,-3
200812140SAS,RS,SAS,70.0,,2,3,-1
200812140SAS,RS,SAS,117.0,LC,4,3,1
200812140SAS,RS,SAS,144.0,,6,3,3
200812140SAS,RS,SAS,176.0,T,6,6,0
200812140SAS,RS,SAS,206.0,LC,6,9,-3
200812140SAS,RS,SAS,240.0,,6,11,-5
200812140SAS,RS,SAS,309.0,,6,14,-8
200812140SAS,RS,SAS,330.0,,8,14,-6
200812140SAS,RS,SAS,379.0,,8,17,-9
200812140SAS,RS,SAS,396.0,,10,17,-7
200812140SAS,RS,SAS,406.0,,10,19,-9
200812140SAS,RS,SAS,443.0,,10,21,-11
200812140SAS,RS,SAS,475.0,,10,22,-12
200812140SAS,RS,SAS,475.0,,10,23,-13
200812140SAS,RS,SAS,508.0,,10,25,-15
200812140SAS,RS,SAS,521.0,,12,25,-13
200812140SAS,RS,SAS,543.0,,12,28,-16
200812140SAS,RS,SAS,558.0,,13,28,-15
200812140SAS,RS,SAS,558.0,,14,28,-14
200812140SAS,RS,SAS,591.0,,14,31,-17
200812140SAS,RS,SAS,625.0,,14,33,-19
200812140SAS,RS,SAS,652.0,,14,35,-21
200812140SAS,RS,SAS,668.8,,16,35,-19
200812140SAS,RS,SAS,685.4,,16,37,-21
200812140SAS,RS,SAS,695.9,,19,37,-18
200812140SAS,RS,SAS,720.0,,19,39,-20
200812140SAS,RS,SAS,778.0,,21,39,-18
200812140SAS,RS,SAS,800.0,,21,41,-20
200812140SAS,RS,SAS,893.0,,21,42,-21
200812140SAS,RS,SAS,893.0,,21,43,-22
200812140SAS,RS,SAS,906.0,,23,43,-20
200812140SAS,RS,SAS,929.0,,23,45,-22
200812140SAS,RS,SAS,964.0,,23,47,-24
200812140SAS,RS,SAS,983.0,,26,47,-21
200812140SAS,RS,SAS,1031.0,,26,49,-23
200812140SAS,RS,SAS,1049.0,,26,50,-24
200812140SAS,RS,SAS,1066.0,,26,52,-26
200812140SAS,RS,SAS,1082.0,,27,52,-25
200812140SAS,RS,SAS,1082.0,,28,52,-24
200812140SAS,RS,SAS,1127.0,,28,54,-26
200812140SAS,RS,SAS,1140.0,,30,54,-24
200812140SAS,RS,SAS,1160.0,,30,56,-26
200812140SAS,RS,SAS,1176.0,,32,56,-24
200812140SAS,RS,SAS,1196.0,,32,58,-26
200812140SAS,RS,SAS,1226.0,,34,58,-24
200812140SAS,RS,SAS,1255.0,,37,58,-21
200812140SAS,RS,SAS,1292.0,,39,58,-19
200812140SAS,RS,SAS,1321.0,,40,58,-18
200812140SAS,RS,SAS,1359.0,,42,58,-16
200812140SAS,RS,SAS,1373.0,,42,59,-17
200812140SAS,RS,SAS,1418.1,,43,59,-16
200812140SAS,RS,SAS,1418.1,,44,59,-15
200812140SAS,RS,SAS,1438.2,,44,62,-18
200812140SAS,RS,SAS,1457.0,,46,62,-16
200812140SAS,RS,SAS,1471.0,,46,63,-17
200812140SAS,RS,SAS,1496.0,,46,65,-19
200812140SAS,RS,SAS,1517.0,,48,65,-17
200812140SAS,RS,SAS,1551.0,,50,65,-15
200812140SAS,RS,SAS,1621.0,,50,67,-17
200812140SAS,RS,SAS,1640.0,,52,67,-15
200812140SAS,RS,SAS,1685.0,,52,70,-18
200812140SAS,RS,SAS,1703.0,,55,70,-15
200812140SAS,RS,SAS,1723.0,,55,72,-17
200812140SAS,RS,SAS,1761.0,,57,72,-15
200812140SAS,RS,SAS,1778.0,,57,73,-16
200812140SAS,RS,SAS,1778.0,,57,74,-17
200812140SAS,RS,SAS,1790.0,,59,74,-15
200812140SAS,RS,SAS,1814.0,,59,76,-17
200812140SAS,RS,SAS,1842.0,,61,76,-15
200812140SAS,RS,SAS,1881.0,,63,76,-13
200812140SAS,RS,SAS,1980.0,,65,76,-11
200812140SAS,RS,SAS,1996.0,,65,78,-13
200812140SAS,RS,SAS,2029.0,,65,79,-14
200812140SAS,RS,SAS,2052.0,,67,79,-12
200812140SAS,RS,SAS,2072.0,,67,81,-14
200812140SAS,RS,SAS,2088.0,,69,81,-12
200812140SAS,RS,SAS,2159.1,,69,83,-14
200812140SAS,RS,SAS,2215.0,,69,85,-16
200812140SAS,RS,SAS,2231.0,,71,85,-14
200812140SAS,RS,SAS,2251.0,,73,85,-12
200812140SAS,RS,SAS,2284.0,,75,85,-10
200812140SAS,RS,SAS,2311.0,,77,85,-8
200812140SAS,RS,SAS,2326.0,,77,87,-10
200812140SAS,RS,SAS,2370.0,,79,87,-8
200812140SAS,RS,SAS,2401.0,,79,89,-10
200812140SAS,RS,SAS,2420.0,,81,89,-8
200812140SAS,RS,SAS,2420.0,,82,89,-7
200812140SAS,RS,SAS,2446.0,,82,91,-9
200812140SAS,RS,SAS,2474.0,,85,91,-6
200812140SAS,RS,SAS,2560.0,,85,92,-7
200812140SAS,RS,SAS,2560.0,,85,93,-8
200812140SAS,RS,SAS,2588.0,,85,95,-10
200812140SAS,RS,SAS,2605.0,,87,95,-8
200812140SAS,RS,SAS,2646.0,,88,95,-7
200812140SAS,RS,SAS,2656.0,,88,96,-8
200812140SAS,RS,SAS,2656.0,,88,97,-9
200812140SAS,RS,SAS,2666.0,,90,97,-7
200812140SAS,RS,SAS,2690.0,,92,97,-5
200812140SAS,RS,SAS,2704.0,,92,99,-7
200812140SAS,RS,SAS,2704.0,,92,100,-8
200812140SAS,RS,SAS,2717.0,,94,100,-6
200812140SAS,RS,SAS,2717.0,,95,100,-5
200812140SAS,RS,SAS,2759.0,,97,100,-3
200812140SAS,RS,SAS,2771.0,,97,102,-5
200812140SAS,RS,SAS,2806.0,,99,102,-3
200812140SAS,RS,SAS,2825.1,,99,104,-5
200812140SAS,RS,SAS,2842.1,,99,105,-6
200812140SAS,RS,SAS,2842.1,,99,106,-7
200812140SAS,RS,SAS,2844.1,,102,106,-4
200812140SAS,RS,SAS,2850.1,,104,106,-2
200812140SAS,RS,SAS,2851.5,,104,108,-4
200812140SAS,RS,SAS,2851.5,F,104,109,-5
200812140SAS,RS,SAS,2880.0,,104,109,-5
200812160OKC,RS,LAC,0.0,,0,0,0
200812160OKC,RS,LAC,88.0,,0,2,-2
200812160OKC,RS,LAC,107.0,T,2,2,0
200812160OKC,RS,LAC,131.0,LC,4,2,2
200812160OKC,RS,LAC,180.0,T,4,4,0
200812160OKC,RS,LAC,206.0,LC,4,7,-3
200812160OKC,RS,LAC,220.0,,4,9,-5
200812160OKC,RS,LAC,287.0,,4,10,-6
200812160OKC,RS,LAC,287.0,,4,11,-7
200812160OKC,RS,LAC,318.0,,4,13,-9
200812160OKC,RS,LAC,370.0,,4,15,-11
200812160OKC,RS,LAC,385.0,,5,15,-10
200812160OKC,RS,LAC,398.0,,5,17,-12
200812160OKC,RS,LAC,412.0,,7,17,-10
200812160OKC,RS,LAC,439.0,,9,17,-8
200812160OKC,RS,LAC,455.0,,9,19,-10
200812160OKC,RS,LAC,480.0,,9,21,-12
200812160OKC,RS,LAC,500.0,,10,21,-11
200812160OKC,RS,LAC,545.0,,10,23,-13
200812160OKC,RS,LAC,560.0,,12,23,-11
200812160OKC,RS,LAC,604.0,,12,26,-14
200812160OKC,RS,LAC,619.0,,14,26,-12
200812160OKC,RS,LAC,644.0,,14,28,-14
200812160OKC,RS,LAC,660.0,,16,28,-12
200812160OKC,RS,LAC,739.0,,16,30,-14
200812160OKC,RS,LAC,792.0,,18,30,-12
200812160OKC,RS,LAC,812.0,,20,30,-10
200812160OKC,RS,LAC,838.0,,20,32,-12
200812160OKC,RS,LAC,863.0,,22,32,-10
200812160OKC,RS,LAC,892.0,,23,32,-9
200812160OKC,RS,LAC,919.0,,25,32,-7
200812160OKC,RS,LAC,966.0,,27,32,-5
200812160OKC,RS,LAC,1003.0,,29,32,-3
200812160OKC,RS,LAC,1032.0,,29,34,-5
200812160OKC,RS,LAC,1042.0,,31,34,-3
200812160OKC,RS,LAC,1058.0,,33,34,-1
200812160OKC,RS,LAC,1074.0,,33,36,-3
200812160OKC,RS,LAC,1093.0,,35,36,-1
200812160OKC,RS,LAC,1115.0,,35,39,-4
200812160OKC,RS,LAC,1140.0,,37,39,-2
200812160OKC,RS,LAC,1181.0,,37,41,-4
200812160OKC,RS,LAC,1218.0,,37,42,-5
200812160OKC,RS,LAC,1218.0,,37,43,-6
200812160OKC,RS,LAC,1232.0,,38,43,-5
200812160OKC,RS,LAC,1236.0,,41,43,-2
200812160OKC,RS,LAC,1252.0,,41,45,-4
200812160OKC,RS,LAC,1267.0,,44,45,-1
200812160OKC,RS,LAC,1284.0,,44,47,-3
200812160OKC,RS,LAC,1297.0,,46,47,-1
200812160OKC,RS,LAC,1332.0,,46,49,-3
200812160OKC,RS,LAC,1413.5,,46,50,-4
200812160OKC,RS,LAC,1431.9,,48,50,-2
200812160OKC,RS,LAC,1458.0,,48,52,-4
200812160OKC,RS,LAC,1474.0,,50,52,-2
200812160OKC,RS,LAC,1520.0,,50,53,-3
200812160OKC,RS,LAC,1546.0,,51,53,-2
200812160OKC,RS,LAC,1631.0,,52,53,-1
200812160OKC,RS,LAC,1631.0,T,53,53,0
200812160OKC,RS,LAC,1660.0,LC,54,53,1
200812160OKC,RS,LAC,1660.0,,55,53,2
200812160OKC,RS,LAC,1675.0,,55,54,1
200812160OKC,RS,LAC,1675.0,T,55,55,0
200812160OKC,RS,LAC,1705.0,LC,55,58,-3
200812160OKC,RS,LAC,1725.0,,57,58,-1
200812160OKC,RS,LAC,1747.0,LC,59,58,1
200812160OKC,RS,LAC,1765.0,LC,59,60,-1
200812160OKC,RS,LAC,1809.0,,59,62,-3
200812160OKC,RS,LAC,1823.0,,59,63,-4
200812160OKC,RS,LAC,1832.0,,61,63,-2
200812160OKC,RS,LAC,1948.0,,61,65,-4
200812160OKC,RS,LAC,2015.0,,63,65,-2
200812160OKC,RS,LAC,2072.0,,63,67,-4
200812160OKC,RS,LAC,2111.0,,65,67,-2
200812160OKC,RS,LAC,2158.2,,65,68,-3
200812160OKC,RS,LAC,2158.2,,65,69,-4
200812160OKC,RS,LAC,2158.2,,65,70,-5
200812160OKC,RS,LAC,2183.0,,67,70,-3
200812160OKC,RS,LAC,2259.0,,67,72,-5
200812160OKC,RS,LAC,2292.0,,67,74,-7
200812160OKC,RS,LAC,2316.0,,69,74,-5
200812160OKC,RS,LAC,2341.0,,69,77,-8
200812160OKC,RS,LAC,2361.0,,71,77,-6
200812160OKC,RS,LAC,2404.0,,73,77,-4
200812160OKC,RS,LAC,2418.0,,73,78,-5
200812160OKC,RS,LAC,2418.0,,73,79,-6
200812160OKC,RS,LAC,2448.0,,73,81,-8
200812160OKC,RS,LAC,2481.0,,73,83,-10
200812160OKC,RS,LAC,2530.0,,73,85,-12
200812160OKC,RS,LAC,2545.0,,73,87,-14
200812160OKC,RS,LAC,2560.0,,75,87,-12
200812160OKC,RS,LAC,2585.0,,75,89,-14
200812160OKC,RS,LAC,2591.0,,76,89,-13
200812160OKC,RS,LAC,2591.0,,77,89,-12
200812160OKC,RS,LAC,2601.0,,77,91,-14
200812160OKC,RS,LAC,2630.0,,79,91,-12
200812160OKC,RS,LAC,2653.0,,79,93,-14
200812160OKC,RS,LAC,2698.0,,81,93,-12
200812160OKC,RS,LAC,2746.0,,82,93,-11
200812160OKC,RS,LAC,2764.0,,82,95,-13
200812160OKC,RS,LAC,2804.0,,83,95,-12
200812160OKC,RS,LAC,2804.0,,84,95,-11
200812160OKC,RS,LAC,2829.0,,86,95,-9
200812160OKC,RS,LAC,2856.0,,86,98,-12
200812160OKC,RS,LAC,2866.9,F,88,98,-10
200812160OKC,RS,LAC,2880.0,,88,98,-10
200812190OKC,RS,TOR,0.0,,0,0,0
200812190OKC,RS,TOR,63.0,,2,0,2
200812190OKC,RS,TOR,88.0,T,2,2,0
200812190OKC,RS,TOR,88.0,LC,2,3,-1
200812190OKC,RS,TOR,107.0,,2,4,-2
200812190OKC,RS,TOR,107.0,,2,5,-3
200812190OKC,RS,TOR,120.0,,4,5,-1
200812190OKC,RS,TOR,150.0,LC,7,5,2
200812190OKC,RS,TOR,184.0,,9,5,4
200812190OKC,RS,TOR,219.0,,11,5,6
200812190OKC,RS,TOR,243.0,,14,5,9
200812190OKC,RS,TOR,349.0,,14,7,7
200812190OKC,RS,TOR,363.0,,16,7,9
200812190OKC,RS,TOR,415.0,,18,7,11
200812190OKC,RS,TOR,415.0,,19,7,12
200812190OKC,RS,TOR,437.0,,19,9,10
200812190OKC,RS,TOR,479.0,,21,9,12
200812190OKC,RS,TOR,479.0,,22,9,13
200812190OKC,RS,TOR,493.0,,22,11,11
200812190OKC,RS,TOR,524.0,,23,11,12
200812190OKC,RS,TOR,554.0,,23,13,10
200812190OKC,RS,TOR,587.0,,23,15,8
200812190OKC,RS,TOR,649.0,,23,17,6
200812190OKC,RS,TOR,689.6,,24,17,7
200812190OKC,RS,TOR,717.2,,26,17,9
200812190OKC,RS,TOR,757.0,,26,18,8
200812190OKC,RS,TOR,757.0,,26,19,7
200812190OKC,RS,TOR,771.0,,28,19,9
200812190OKC,RS,TOR,817.0,,28,21,7
200812190OKC,RS,TOR,866.0,,30,21,9
200812190OKC,RS,TOR,901.0,,30,22,8
200812190OKC,RS,TOR,914.0,,32,22,10
200812190OKC,RS,TOR,942.0,,32,24,8
200812190OKC,RS,TOR,982.0,,34,24,10
200812190OKC,RS,TOR,996.0,,34,25,9
200812190OKC,RS,TOR,996.0,,34,26,8
200812190OKC,RS,TOR,1038.0,,34,28,6
200812190OKC,RS,TOR,1070.0,,34,30,4
200812190OKC,RS,TOR,1086.0,,36,30,6
200812190OKC,RS,TOR,1100.0,,36,31,5
200812190OKC,RS,TOR,1109.0,,38,31,7
200812190OKC,RS,TOR,1130.0,,40,31,9
200812190OKC,RS,TOR,1175.0,,40,33,7
200812190OKC,RS,TOR,1224.0,,42,33,9
200812190OKC,RS,TOR,1238.0,,42,34,8
200812190OKC,RS,TOR,1253.0,,44,34,10
200812190OKC,RS,TOR,1349.0,,46,34,12
200812190OKC,RS,TOR,1391.7,,46,36,10
200812190OKC,RS,TOR,1487.0,,48,36,12
200812190OKC,RS,TOR,1503.0,,48,38,10
200812190OKC,RS,TOR,1558.0,,48,40,8
200812190OKC,RS,TOR,1615.0,,50,40,10
200812190OKC,RS,TOR,1640.0,,51,40,11
200812190OKC,RS,TOR,1640.0,,52,40,12
200812190OKC,RS,TOR,1650.0,,52,42,10
200812190OKC,RS,TOR,1686.0,,52,43,9
200812190OKC,RS,TOR,1686.0,,52,44,8
200812190OKC,RS,TOR,1725.0,,54,44,10
200812190OKC,RS,TOR,1744.0,,54,46,8
200812190OKC,RS,TOR,1764.0,,54,48,6
200812190OKC,RS,TOR,1803.0,,55,48,7
200812190OKC,RS,TOR,1861.0,,55,50,5
200812190OKC,RS,TOR,1879.0,,57,50,7
200812190OKC,RS,TOR,1957.0,,59,50,9
200812190OKC,RS,TOR,1968.0,,59,53,6
200812190OKC,RS,TOR,2006.0,,61,53,8
200812190OKC,RS,TOR,2029.0,,61,55,6
200812190OKC,RS,TOR,2066.0,,62,55,7
200812190OKC,RS,TOR,2080.0,,62,56,6
200812190OKC,RS,TOR,2080.0,,62,57,5
200812190OKC,RS,TOR,2098.0,,64,57,7
200812190OKC,RS,TOR,2112.1,,64,59,5
200812190OKC,RS,TOR,2123.0,,65,59,6
200812190OKC,RS,TOR,2123.0,,66,59,7
200812190OKC,RS,TOR,2158.9,,68,59,9
200812190OKC,RS,TOR,2201.0,,68,61,7
200812190OKC,RS,TOR,2230.0,,68,64,4
200812190OKC,RS,TOR,2301.0,,70,64,6
200812190OKC,RS,TOR,2301.0,,71,64,7
200812190OKC,RS,TOR,2313.0,,71,66,5
200812190OKC,RS,TOR,2338.0,,71,68,3
200812190OKC,RS,TOR,2451.0,,73,68,5
200812190OKC,RS,TOR,2471.0,,73,69,4
200812190OKC,RS,TOR,2471.0,,73,70,3
200812190OKC,RS,TOR,2498.0,,73,72,1
200812190OKC,RS,TOR,2552.0,,74,72,2
200812190OKC,RS,TOR,2554.0,,76,72,4
200812190OKC,RS,TOR,2574.0,,76,74,2
200812190OKC,RS,TOR,2602.0,T,76,76,0
200812190OKC,RS,TOR,2664.0,,79,76,3
200812190OKC,RS,TOR,2687.0,,79,78,1
200812190OKC,RS,TOR,2700.0,,81,78,3
200812190OKC,RS,TOR,2709.0,,81,80,1
200812190OKC,RS,TOR,2726.0,,83,80,3
200812190OKC,RS,TOR,2769.0,,83,81,2
200812190OKC,RS,TOR,2814.0,,85,81,4
200812190OKC,RS,TOR,2846.2,,87,81,6
200812190OKC,RS,TOR,2851.3,,88,81,7
200812190OKC,RS,TOR,2851.3,,89,81,8
200812190OKC,RS,TOR,2866.4,,90,81,9
200812190OKC,RS,TOR,2866.4,,91,81,10
200812190OKC,RS,TOR,2875.6,F,91,83,8
200812190OKC,RS,TOR,2880.0,,91,83,8
200812210OKC,RS,CLE,0.0,,0,0,0
200812210OKC,RS,CLE,16.0,,0,2,-2
200812210OKC,RS,CLE,39.0,,0,4,-4
200812210OKC,RS,CLE,65.0,,2,4,-2
200812210OKC,RS,CLE,85.0,,2,6,-4
200812210OKC,RS,CLE,143.0,,2,8,-6
200812210OKC,RS,CLE,167.0,,4,8,-4
200812210OKC,RS,CLE,188.0,,4,10,-6
200812210OKC,RS,CLE,203.0,,6,10,-4
200812210OKC,RS,CLE,203.0,,7,10,-3
200812210OKC,RS,CLE,225.0,,7,12,-5
200812210OKC,RS,CLE,234.0,,7,14,-7
200812210OKC,RS,CLE,291.0,,9,14,-5
200812210OKC,RS,CLE,340.0,,12,14,-2
200812210OKC,RS,CLE,367.0,,12,16,-4
200812210OKC,RS,CLE,386.0,,14,16,-2
200812210OKC,RS,CLE,410.0,,15,16,-1
200812210OKC,RS,CLE,410.0,T,16,16,0
200812210OKC,RS,CLE,440.0,,16,18,-2
200812210OKC,RS,CLE,459.0,T,18,18,0
200812210OKC,RS,CLE,480.0,,18,21,-3
200812210OKC,RS,CLE,495.0,T,21,21,0
200812210OKC,RS,CLE,519.0,,21,24,-3
200812210OKC,RS,CLE,555.0,,23,24,-1
200812210OKC,RS,CLE,599.0,LC,25,24,1
200812210OKC,RS,CLE,613.0,LC,25,27,-2
200812210OKC,RS,CLE,763.0,,26,27,-1
200812210OKC,RS,CLE,763.0,T,27,27,0
200812210OKC,RS,CLE,810.0,LC,29,27,2
200812210OKC,RS,CLE,832.0,LC,29,30,-1
200812210OKC,RS,CLE,866.0,LC,31,30,1
200812210OKC,RS,CLE,883.0,LC,31,32,-1
200812210OKC,RS,CLE,894.0,LC,33,32,1
200812210OKC,RS,CLE,916.0,LC,33,34,-1
200812210OKC,RS,CLE,948.0,,33,35,-2
200812210OKC,RS,CLE,972.0,T,35,35,0
200812210OKC,RS,CLE,1019.0,LC,38,35,3
200812210OKC,RS,CLE,1045.0,T,38,38,0
200812210OKC,RS,CLE,1069.0,LC,38,40,-2
200812210OKC,RS,CLE,1095.0,T,40,40,0
200812210OKC,RS,CLE,1156.0,,40,42,-2
200812210OKC,RS,CLE,1207.0,,40,43,-3
200812210OKC,RS,CLE,1207.0,,40,44,-4
200812210OKC,RS,CLE,1227.0,,42,44,-2
200812210OKC,RS,CLE,1267.0,LC,45,44,1
200812210OKC,RS,CLE,1324.0,LC,45,46,-1
200812210OKC,RS,CLE,1361.0,,45,48,-3
200812210OKC,RS,CLE,1376.0,,47,48,-1
200812210OKC,RS,CLE,1394.1,,47,50,-3
200812210OKC,RS,CLE,1433.6,,47,52,-5
200812210OKC,RS,CLE,1477.0,,47,54,-7
200812210OKC,RS,CLE,1490.0,,49,54,-5
200812210OKC,RS,CLE,1512.0,,49,56,-7
200812210OKC,RS,CLE,1528.0,,49,58,-9
200812210OKC,RS,CLE,1542.0,,51,58,-7
200812210OKC,RS,CLE,1578.0,,53,58,-5
200812210OKC,RS,CLE,1625.0,,54,58,-4
200812210OKC,RS,CLE,1653.0,,54,60,-6
200812210OKC,RS,CLE,1669.0,,56,60,-4
200812210OKC,RS,CLE,1723.0,,58,60,-2
200812210OKC,RS,CLE,1746.0,,58,62,-4
200812210OKC,RS,CLE,1766.0,,58,64,-6
200812210OKC,RS,CLE,1782.0,,60,64,-4
200812210OKC,RS,CLE,1821.0,,62,64,-2
200812210OKC,RS,CLE,1843.0,,62,67,-5
200812210OKC,RS,CLE,1863.0,,63,67,-4
200812210OKC,RS,CLE,1869.0,,65,67,-2
200812210OKC,RS,CLE,1892.0,,65,69,-4
200812210OKC,RS,CLE,1913.0,,68,69,-1
200812210OKC,RS,CLE,1951.0,,68,72,-4
200812210OKC,RS,CLE,1981.0,,68,74,-6
200812210OKC,RS,CLE,2016.0,,70,74,-4
200812210OKC,RS,CLE,2035.0,,70,75,-5
200812210OKC,RS,CLE,2035.0,,70,76,-6
200812210OKC,RS,CLE,2117.4,,70,79,-9
200812210OKC,RS,CLE,2130.6,,72,79,-7
200812210OKC,RS,CLE,2146.6,,72,81,-9
200812210OKC,RS,CLE,2146.6,,72,82,-10
200812210OKC,RS,CLE,2193.0,,72,83,-11
200812210OKC,RS,CLE,2228.0,,72,85,-13
200812210OKC,RS,CLE,2277.0,,73,85,-12
200812210OKC,RS,CLE,2277.0,,74,85,-11
200812210OKC,RS,CLE,2337.0,,76,85,-9
200812210OKC,RS,CLE,2360.0,,76,87,-11
200812210OKC,RS,CLE,2377.0,,76,89,-13
200812210OKC,RS,CLE,2420.0,,76,91,-15
200812210OKC,RS,CLE,2433.0,,79,91,-12
200812210OKC,RS,CLE,2490.0,,79,93,-14
200812210OKC,RS,CLE,2591.0,,79,95,-16
200812210OKC,RS,CLE,2612.0,,79,96,-17
200812210OKC,RS,CLE,2612.0,,79,97,-18
200812210OKC,RS,CLE,2624.0,,80,97,-17
200812210OKC,RS,CLE,2624.0,,81,97,-16
200812210OKC,RS,CLE,2671.0,,82,97,-15
200812210OKC,RS,CLE,2684.0,,82,100,-18
200812210OKC,RS,CLE,2706.0,,84,100,-16
200812210OKC,RS,CLE,2734.0,,86,100,-14
200812210OKC,RS,CLE,2848.1,,87,100,-13
200812210OKC,RS,CLE,2848.1,,88,100,-12
200812210OKC,RS,CLE,2861.7,,88,102,-14
200812210OKC,RS,CLE,2870.6,F,91,102,-11
200812210OKC,RS,CLE,2880.0,,91,102,-11
200812230ATL,RS,ATL,0.0,,0,0,0
200812230ATL,RS,ATL,114.0,,0,2,-2
200812230ATL,RS,ATL,136.0,LC,3,2,1
200812230ATL,RS,ATL,185.0,,5,2,3
200812230ATL,RS,ATL,241.0,,5,4,1
200812230ATL,RS,ATL,270.0,,7,4,3
200812230ATL,RS,ATL,300.0,,9,4,5
200812230ATL,RS,ATL,308.0,,9,6,3
200812230ATL,RS,ATL,349.0,,9,8,1
200812230ATL,RS,ATL,357.0,,11,8,3
200812230ATL,RS,ATL,376.0,,11,10,1
200812230ATL,RS,ATL,392.0,,13,10,3
200812230ATL,RS,ATL,411.0,,13,12,1
200812230ATL,RS,ATL,427.0,,15,12,3
200812230ATL,RS,ATL,443.0,,15,14,1
200812230ATL,RS,ATL,457.0,,17,14,3
200812230ATL,RS,ATL,507.0,,17,16,1
200812230ATL,RS,ATL,538.0,LC,17,18,-1
200812230ATL,RS,ATL,564.0,LC,19,18,1
200812230ATL,RS,ATL,600.0,,20,18,2
200812230ATL,RS,ATL,613.0,,22,18,4
200812230ATL,RS,ATL,662.4,,22,20,2
200812230ATL,RS,ATL,691.3,LC,22,23,-1
200812230ATL,RS,ATL,703.1,LC,24,23,1
200812230ATL,RS,ATL,742.0,,26,23,3
200812230ATL,RS,ATL,757.0,,26,24,2
200812230ATL,RS,ATL,757.0,,26,25,1
200812230ATL,RS,ATL,836.0,,28,25,3
200812230ATL,RS,ATL,855.0,,28,27,1
200812230ATL,RS,ATL,863.0,,29,27,2
200812230ATL,RS,ATL,863.0,,30,27,3
200812230ATL,RS,ATL,915.0,,30,28,2
200812230ATL,RS,ATL,977.0,,32,28,4
200812230ATL,RS,ATL,1001.0,,32,29,3
200812230ATL,RS,ATL,1024.0,,33,29,4
200812230ATL,RS,ATL,1053.0,,35,29,6
200812230ATL,RS,ATL,1099.0,,37,29,8
200812230ATL,RS,ATL,1119.0,,37,30,7
200812230ATL,RS,ATL,1136.0,,37,31,6
200812230ATL,RS,ATL,1144.0,,37,33,4
200812230ATL,RS,ATL,1190.0,,38,33,5
200812230ATL,RS,ATL,1205.0,,38,35,3
200812230ATL,RS,ATL,1244.0,T,38,38,0
200812230ATL,RS,ATL,1274.0,LC,38,40,-2
200812230ATL,RS,ATL,1302.0,,38,42,-4
200812230ATL,RS,ATL,1377.0,,40,42,-2
200812230ATL,RS,ATL,1397.2,LC,43,42,1
200812230ATL,RS,ATL,1408.0,LC,43,44,-1
200812230ATL,RS,ATL,1408.0,,43,45,-2
200812230ATL,RS,ATL,1458.0,T,45,45,0
200812230ATL,RS,ATL,1485.0,,45,47,-2
200812230ATL,RS,ATL,1558.0,,45,48,-3
200812230ATL,RS,ATL,1577.0,,47,48,-1
200812230ATL,RS,ATL,1598.0,,47,50,-3
200812230ATL,RS,ATL,1607.0,,48,50,-2
200812230ATL,RS,ATL,1625.0,,48,51,-3
200812230ATL,RS,ATL,1625.0,,48,52,-4
200812230ATL,RS,ATL,1650.0,,48,55,-7
200812230ATL,RS,ATL,1677.0,,48,56,-8
200812230ATL,RS,ATL,1677.0,,48,57,-9
200812230ATL,RS,ATL,1708.0,,48,58,-10
200812230ATL,RS,ATL,1757.0,,48,59,-11
200812230ATL,RS,ATL,1757.0,,48,60,-12
200812230ATL,RS,ATL,1775.0,,50,60,-10
200812230ATL,RS,ATL,1804.0,,51,60,-9
200812230ATL,RS,ATL,1804.0,,52,60,-8
200812230ATL,RS,ATL,1841.0,,53,60,-7
200812230ATL,RS,ATL,1841.0,,54,60,-6
200812230ATL,RS,ATL,1873.0,,56,60,-4
200812230ATL,RS,ATL,1921.0,,57,60,-3
200812230ATL,RS,ATL,1921.0,,58,60,-2
200812230ATL,RS,ATL,1936.0,,58,61,-3
200812230ATL,RS,ATL,1941.0,,58,63,-5
200812230ATL,RS,ATL,1957.0,,61,63,-2
200812230ATL,RS,ATL,1979.0,,61,65,-4
200812230ATL,RS,ATL,2042.0,,61,67,-6
200812230ATL,RS,ATL,2059.0,,63,67,-4
200812230ATL,RS,ATL,2093.0,,65,67,-2
200812230ATL,RS,ATL,2129.6,LC,68,67,1
200812230ATL,RS,ATL,2151.2,LC,68,69,-1
200812230ATL,RS,ATL,2181.0,,68,71,-3
200812230ATL,RS,ATL,2216.0,,68,73,-5
200812230ATL,RS,ATL,2257.0,,68,76,-8
200812230ATL,RS,ATL,2303.0,,69,76,-7
200812230ATL,RS,ATL,2357.0,,69,78,-9
200812230ATL,RS,ATL,2378.0,,71,78,-7
200812230ATL,RS,ATL,2408.0,,73,78,-5
200812230ATL,RS,ATL,2445.0,,73,81,-8
200812230ATL,RS,ATL,2476.0,,75,81,-6
200812230ATL,RS,ATL,2513.0,,77,81,-4
200812230ATL,RS,ATL,2534.0,,77,83,-6
200812230ATL,RS,ATL,2578.0,,77,85,-8
200812230ATL,RS,ATL,2602.0,,79,85,-6
200812230ATL,RS,ATL,2680.0,,81,85,-4
200812230ATL,RS,ATL,2728.0,,81,88,-7
200812230ATL,RS,ATL,2783.0,,81,90,-9
200812230ATL,RS,ATL,2821.1,,81,92,-11
200812230ATL,RS,ATL,2823.9,,82,92,-10
200812230ATL,RS,ATL,2823.9,,83,92,-9
200812230ATL,RS,ATL,2847.7,,83,94,-11
200812230ATL,RS,ATL,2862.1,,85,94,-9
200812230ATL,RS,ATL,2862.6,,85,95,-10
200812230ATL,RS,ATL,2862.6,,85,96,-11
200812230ATL,RS,ATL,2870.7,,88,96,-8
200812230ATL,RS,ATL,2877.1,F,88,99,-11
200812230ATL,RS,ATL,2880.0,,88,99,-11
200812260DET,RS,DET,0.0,,0,0,0
200812260DET,RS,DET,19.0,,1,0,1
200812260DET,RS,DET,43.0,LC,1,2,-1
200812260DET,RS,DET,122.0,,1,4,-3
200812260DET,RS,DET,158.0,,1,6,-5
200812260DET,RS,DET,192.0,,3,6,-3
200812260DET,RS,DET,235.0,,5,6,-1
200812260DET,RS,DET,328.0,LC,7,6,1
200812260DET,RS,DET,359.0,,9,6,3
200812260DET,RS,DET,382.0,,9,8,1
200812260DET,RS,DET,416.0,LC,9,11,-2
200812260DET,RS,DET,485.0,T,11,11,0
200812260DET,RS,DET,539.0,LC,13,11,2
200812260DET,RS,DET,598.0,T,13,13,0
200812260DET,RS,DET,628.0,LC,13,15,-2
200812260DET,RS,DET,640.0,T,15,15,0
200812260DET,RS,DET,660.0,,15,17,-2
200812260DET,RS,DET,710.7,,15,19,-4
200812260DET,RS,DET,719.5,,17,19,-2
200812260DET,RS,DET,744.0,T,19,19,0
200812260DET,RS,DET,753.0,,19,21,-2
200812260DET,RS,DET,762.0,T,21,21,0
200812260DET,RS,DET,798.0,LC,23,21,2
200812260DET,RS,DET,867.0,,25,21,4
200812260DET,RS,DET,888.0,,25,23,2
200812260DET,RS,DET,908.0,,27,23,4
200812260DET,RS,DET,982.0,,29,23,6
200812260DET,RS,DET,999.0,,29,25,4
200812260DET,RS,DET,1026.0,,29,27,2
200812260DET,RS,DET,1026.0,,29,28,1
200812260DET,RS,DET,1053.0,,31,28,3
200812260DET,RS,DET,1097.0,,31,30,1
200812260DET,RS,DET,1108.0,,33,30,3
200812260DET,RS,DET,1139.0,,33,32,1
200812260DET,RS,DET,1166.0,LC,33,34,-1
200812260DET,RS,DET,1213.0,LC,36,34,2
200812260DET,RS,DET,1230.0,T,36,36,0
200812260DET,RS,DET,1271.0,LC,36,39,-3
200812260DET,RS,DET,1294.0,,38,39,-1
200812260DET,RS,DET,1310.0,,38,41,-3
200812260DET,RS,DET,1326.0,,40,41,-1
200812260DET,RS,DET,1349.0,,40,43,-3
200812260DET,RS,DET,1365.0,,42,43,-1
200812260DET,RS,DET,1384.9,,42,45,-3
200812260DET,RS,DET,1402.1,,42,46,-4
200812260DET,RS,DET,1420.8,,43,46,-3
200812260DET,RS,DET,1420.8,,44,46,-2
200812260DET,RS,DET,1485.0,T,46,46,0
200812260DET,RS,DET,1512.0,LC,47,46,1
200812260DET,RS,DET,1512.0,,48,46,2
200812260DET,RS,DET,1532.0,T,48,48,0
200812260DET,RS,DET,1560.0,LC,48,50,-2
200812260DET,RS,DET,1604.0,,49,50,-1
200812260DET,RS,DET,1637.0,LC,51,50,1
200812260DET,RS,DET,1649.0,LC,51,52,-1
200812260DET,RS,DET,1673.0,,51,54,-3
200812260DET,RS,DET,1745.0,T,54,54,0
200812260DET,RS,DET,1838.0,LC,56,54,2
200812260DET,RS,DET,1852.0,T,56,56,0
200812260DET,RS,DET,1882.0,LC,56,57,-1
200812260DET,RS,DET,1882.0,,56,58,-2
200812260DET,RS,DET,1898.0,T,58,58,0
200812260DET,RS,DET,1951.0,,58,60,-2
200812260DET,RS,DET,1970.0,T,60,60,0
200812260DET,RS,DET,1970.0,LC,61,60,1
200812260DET,RS,DET,2012.0,LC,61,62,-1
200812260DET,RS,DET,2047.0,,61,64,-3
200812260DET,RS,DET,2116.8,,62,64,-2
200812260DET,RS,DET,2116.8,,63,64,-1
200812260DET,RS,DET,2130.7,,63,66,-3
200812260DET,RS,DET,2183.0,,63,68,-5
200812260DET,RS,DET,2229.0,,63,69,-6
200812260DET,RS,DET,2229.0,,63,70,-7
200812260DET,RS,DET,2245.0,,65,70,-5
200812260DET,RS,DET,2279.0,,65,71,-6
200812260DET,RS,DET,2279.0,,65,72,-7
200812260DET,RS,DET,2292.0,,67,72,-5
200812260DET,RS,DET,2336.0,,67,74,-7
200812260DET,RS,DET,2363.0,,67,75,-8
200812260DET,RS,DET,2363.0,,67,76,-9
200812260DET,RS,DET,2414.0,,67,78,-11
200812260DET,RS,DET,2452.0,,67,80,-13
200812260DET,RS,DET,2468.0,,69,80,-11
200812260DET,RS,DET,2494.0,,69,82,-13
200812260DET,RS,DET,2511.0,,70,82,-12
200812260DET,RS,DET,2540.0,,70,84,-14
200812260DET,RS,DET,2563.0,,72,84,-12
200812260DET,RS,DET,2601.0,,74,84,-10
200812260DET,RS,DET,2641.0,,76,84,-8
200812260DET,RS,DET,2672.0,,77,84,-7
200812260DET,RS,DET,2722.0,,79,84,-5
200812260DET,RS,DET,2760.0,,81,84,-3
200812260DET,RS,DET,2781.0,,83,84,-1
200812260DET,RS,DET,2799.0,,83,86,-3
200812260DET,RS,DET,2806.0,,84,86,-2
200812260DET,RS,DET,2833.4,T,86,86,0
200812260DET,RS,DET,2852.8,,86,88,-2
200812260DET,RS,DET,2861.8,T,88,88,0
200812260DET,RS,DET,2879.7,F,88,90,-2
200812260DET,RS,DET,2880.0,,88,90,-2
200812270WAS,RS,WAS,0.0,,0,0,0
200812270WAS,RS,WAS,17.0,,2,0,2
200812270WAS,RS,WAS,36.0,T,2,2,0
200812270WAS,RS,WAS,55.0,,4,2,2
200812270WAS,RS,WAS,55.0,,5,2,3
200812270WAS,RS,WAS,67.0,,5,3,2
200812270WAS,RS,WAS,67.0,,5,4,1
200812270WAS,RS,WAS,84.0,,7,4,3
200812270WAS,RS,WAS,116.0,,9,4,5
200812270WAS,RS,WAS,149.0,,9,6,3
200812270WAS,RS,WAS,166.0,,11,6,5
200812270WAS,RS,WAS,184.0,,11,8,3
200812270WAS,RS,WAS,268.0,,12,8,4
200812270WAS,RS,WAS,310.0,,12,9,3
200812270WAS,RS,WAS,349.0,,12,11,1
200812270WAS,RS,WAS,373.0,,15,11,4
200812270WAS,RS,WAS,393.0,,15,13,2
200812270WAS,RS,WAS,414.0,,17,13,4
200812270WAS,RS,WAS,432.0,,17,15,2
200812270WAS,RS,WAS,455.0,T,17,17,0
200812270WAS,RS,WAS,471.0,,20,17,3
200812270WAS,RS,WAS,491.0,T,20,20,0
200812270WAS,RS,WAS,506.0,,22,20,2
200812270WAS,RS,WAS,543.0,T,22,22,0
200812270WAS,RS,WAS,565.0,LC,22,24,-2
200812270WAS,RS,WAS,579.0,LC,25,24,1
200812270WAS,RS,WAS,596.0,LC,25,26,-1
200812270WAS,RS,WAS,615.0,,25,27,-2
200812270WAS,RS,WAS,615.0,,25,28,-3
200812270WAS,RS,WAS,629.0,,27,28,-1
200812270WAS,RS,WAS,645.0,,27,30,-3
200812270WAS,RS,WAS,654.0,,29,30,-1
200812270WAS,RS,WAS,712.3,,29,33,-4
200812270WAS,RS,WAS,718.3,,31,33,-2
200812270WAS,RS,WAS,756.0,T,33,33,0
200812270WAS,RS,WAS,769.0,,33,35,-2
200812270WAS,RS,WAS,824.0,,33,37,-4
200812270WAS,RS,WAS,829.0,,34,37,-3
200812270WAS,RS,WAS,829.0,,35,37,-2
200812270WAS,RS,WAS,892.0,T,37,37,0
200812270WAS,RS,WAS,917.0,LC,39,37,2
200812270WAS,RS,WAS,938.0,,41,37,4
200812270WAS,RS,WAS,952.0,,41,39,2
200812270WAS,RS,WAS,987.0,,41,40,1
200812270WAS,RS,WAS,1061.0,,43,40,3
200812270WAS,RS,WAS,1086.0,,43,42,1
200812270WAS,RS,WAS,1113.0,LC,43,44,-1
200812270WAS,RS,WAS,1133.0,LC,45,44,1
200812270WAS,RS,WAS,1158.0,LC,45,46,-1
200812270WAS,RS,WAS,1169.0,T,46,46,0
200812270WAS,RS,WAS,1190.0,LC,48,46,2
200812270WAS,RS,WAS,1212.0,T,48,48,0
200812270WAS,RS,WAS,1239.0,,51,48,3
200812270WAS,RS,WAS,1256.0,,51,50,1
200812270WAS,RS,WAS,1321.0,LC,51,52,-1
200812270WAS,RS,WAS,1337.0,T,52,52,0
200812270WAS,RS,WAS,1366.0,,52,54,-2
200812270WAS,RS,WAS,1385.8,T,54,54,0
200812270WAS,RS,WAS,1420.1,,54,56,-2
200812270WAS,RS,WAS,1458.0,,54,58,-4
200812270WAS,RS,WAS,1494.0,,54,59,-5
200812270WAS,RS,WAS,1494.0,,54,60,-6
200812270WAS,RS,WAS,1590.0,,56,60,-4
200812270WAS,RS,WAS,1645.0,,56,62,-6
200812270WAS,RS,WAS,1678.0,,56,64,-8
200812270WAS,RS,WAS,1698.0,,58,64,-6
200812270WAS,RS,WAS,1746.0,,58,66,-8
200812270WAS,RS,WAS,1772.0,,60,66,-6
200812270WAS,RS,WAS,1793.0,,61,66,-5
200812270WAS,RS,WAS,1793.0,,62,66,-4
200812270WAS,RS,WAS,1806.0,,64,66,-2
200812270WAS,RS,WAS,1830.0,,64,68,-4
200812270WAS,RS,WAS,1872.0,,64,70,-6
200812270WAS,RS,WAS,1892.0,,64,72,-8
200812270WAS,RS,WAS,1892.0,,64,73,-9
200812270WAS,RS,WAS,1910.0,,65,73,-8
200812270WAS,RS,WAS,1910.0,,66,73,-7
200812270WAS,RS,WAS,1928.0,,66,74,-8
200812270WAS,RS,WAS,2007.0,,68,74,-6
200812270WAS,RS,WAS,2045.0,,68,76,-8
200812270WAS,RS,WAS,2057.0,,70,76,-6
200812270WAS,RS,WAS,2083.0,,72,76,-4
200812270WAS,RS,WAS,2109.4,,73,76,-3
200812270WAS,RS,WAS,2109.4,,74,76,-2
200812270WAS,RS,WAS,2150.7,T,76,76,0
200812270WAS,RS,WAS,2172.0,LC,78,76,2
200812270WAS,RS,WAS,2195.0,T,78,78,0
200812270WAS,RS,WAS,2232.0,LC,78,80,-2
200812270WAS,RS,WAS,2265.0,,78,82,-4
200812270WAS,RS,WAS,2305.0,,78,84,-6
200812270WAS,RS,WAS,2352.0,,78,86,-8
200812270WAS,RS,WAS,2404.0,,78,88,-10
200812270WAS,RS,WAS,2423.0,,80,88,-8
200812270WAS,RS,WAS,2491.0,,82,88,-6
200812270WAS,RS,WAS,2542.0,,82,90,-8
200812270WAS,RS,WAS,2581.0,,82,93,-11
200812270WAS,RS,WAS,2624.0,,82,95,-13
200812270WAS,RS,WAS,2633.0,,84,95,-11
200812270WAS,RS,WAS,2649.0,,84,97,-13
200812270WAS,RS,WAS,2664.0,,85,97,-12
200812270WAS,RS,WAS,2664.0,,86,97,-11
200812270WAS,RS,WAS,2682.0,,86,99,-13
200812270WAS,RS,WAS,2719.0,,87,99,-12
200812270WAS,RS,WAS,2719.0,,88,99,-11
200812270WAS,RS,WAS,2736.0,,88,101,-13
200812270WAS,RS,WAS,2749.0,,91,101,-10
200812270WAS,RS,WAS,2774.0,,91,103,-12
200812270WAS,RS,WAS,2774.0,,91,104,-13
200812270WAS,RS,WAS,2779.0,,93,104,-11
200812270WAS,RS,WAS,2876.1,F,95,104,-9
200812270WAS,RS,WAS,2880.0,,95,104,-9
200812290OKC,RS,PHO,0.0,,0,0,0
200812290OKC,RS,PHO,26.0,,2,0,2
200812290OKC,RS,PHO,61.0,,4,0,4
200812290OKC,RS,PHO,76.0,,4,2,2
200812290OKC,RS,PHO,90.0,,6,2,4
200812290OKC,RS,PHO,105.0,,8,2,6
200812290OKC,RS,PHO,123.0,,8,4,4
200812290OKC,RS,PHO,140.0,,9,4,5
200812290OKC,RS,PHO,153.0,,9,6,3
200812290OKC,RS,PHO,172.0,,11,6,5
200812290OKC,RS,PHO,172.0,,12,6,6
200812290OKC,RS,PHO,198.0,,15,6,9
200812290OKC,RS,PHO,258.0,,15,8,7
200812290OKC,RS,PHO,272.0,,17,8,9
200812290OKC,RS,PHO,283.0,,17,11,6
200812290OKC,RS,PHO,298.0,,20,11,9
200812290OKC,RS,PHO,325.0,,20,13,7
200812290OKC,RS,PHO,345.0,,23,13,10
200812290OKC,RS,PHO,391.0,,23,15,8
200812290OKC,RS,PHO,433.0,,23,17,6
200812290OKC,RS,PHO,457.0,,25,17,8
200812290OKC,RS,PHO,479.0,,25,20,5
200812290OKC,RS,PHO,500.0,,27,20,7
200812290OKC,RS,PHO,517.0,,27,21,6
200812290OKC,RS,PHO,517.0,,27,22,5
200812290OKC,RS,PHO,533.0,,29,22,7
200812290OKC,RS,PHO,546.0,,29,24,5
200812290OKC,RS,PHO,546.0,,29,25,4
200812290OKC,RS,PHO,567.0,,29,27,2
200812290OKC,RS,PHO,600.0,,31,27,4
200812290OKC,RS,PHO,639.0,,31,29,2
200812290OKC,RS,PHO,652.0,,32,29,3
200812290OKC,RS,PHO,652.0,,33,29,4
200812290OKC,RS,PHO,674.0,,33,31,2
200812290OKC,RS,PHO,690.3,,34,31,3
200812290OKC,RS,PHO,718.8,T,34,34,0
200812290OKC,RS,PHO,744.0,LC,34,36,-2
200812290OKC,RS,PHO,752.0,,35,36,-1
200812290OKC,RS,PHO,861.0,LC,37,36,1
200812290OKC,RS,PHO,897.0,,39,36,3
200812290OKC,RS,PHO,911.0,,40,36,4
200812290OKC,RS,PHO,929.0,,40,38,2
200812290OKC,RS,PHO,948.0,,42,38,4
200812290OKC,RS,PHO,972.0,,44,38,6
200812290OKC,RS,PHO,1004.0,,44,40,4
200812290OKC,RS,PHO,1028.0,,47,40,7
200812290OKC,RS,PHO,1043.0,,47,41,6
200812290OKC,RS,PHO,1043.0,,47,42,5
200812290OKC,RS,PHO,1068.0,,48,42,6
200812290OKC,RS,PHO,1125.0,,48,44,4
200812290OKC,RS,PHO,1139.0,,50,44,6
200812290OKC,RS,PHO,1158.0,,50,46,4
200812290OKC,RS,PHO,1169.0,,53,46,7
200812290OKC,RS,PHO,1218.0,,53,48,5
200812290OKC,RS,PHO,1265.0,,53,49,4
200812290OKC,RS,PHO,1265.0,,53,50,3
200812290OKC,RS,PHO,1295.0,T,53,53,0
200812290OKC,RS,PHO,1321.0,LC,53,55,-2
200812290OKC,RS,PHO,1376.0,T,55,55,0
200812290OKC,RS,PHO,1384.6,,55,58,-3
200812290OKC,RS,PHO,1436.7,,55,60,-5
200812290OKC,RS,PHO,1460.0,,57,60,-3
200812290OKC,RS,PHO,1460.0,,58,60,-2
200812290OKC,RS,PHO,1513.0,,58,62,-4
200812290OKC,RS,PHO,1513.0,,58,63,-5
200812290OKC,RS,PHO,1528.0,,60,63,-3
200812290OKC,RS,PHO,1542.0,,60,65,-5
200812290OKC,RS,PHO,1566.0,,60,67,-7
200812290OKC,RS,PHO,1606.0,,60,68,-8
200812290OKC,RS,PHO,1623.0,,62,68,-6
200812290OKC,RS,PHO,1635.0,,62,69,-7
200812290OKC,RS,PHO,1639.0,,62,71,-9
200812290OKC,RS,PHO,1639.0,,62,72,-10
200812290OKC,RS,PHO,1667.0,,62,73,-11
200812290OKC,RS,PHO,1667.0,,62,74,-12
200812290OKC,RS,PHO,1688.0,,64,74,-10
200812290OKC,RS,PHO,1719.0,,66,74,-8
200812290OKC,RS,PHO,1775.0,,66,76,-10
200812290OKC,RS,PHO,1800.0,,66,78,-12
200812290OKC,RS,PHO,1816.0,,68,78,-10
200812290OKC,RS,PHO,1846.0,,70,78,-8
200812290OKC,RS,PHO,1846.0,,71,78,-7
200812290OKC,RS,PHO,1863.0,,72,78,-6
200812290OKC,RS,PHO,1863.0,,73,78,-5
200812290OKC,RS,PHO,1876.0,,73,79,-6
200812290OKC,RS,PHO,1876.0,,73,80,-7
200812290OKC,RS,PHO,1888.0,,75,80,-5
200812290OKC,RS,PHO,1902.0,,75,81,-6
200812290OKC,RS,PHO,1902.0,,75,82,-7
200812290OKC,RS,PHO,1926.0,,75,84,-9
200812290OKC,RS,PHO,1939.0,,76,84,-8
200812290OKC,RS,PHO,1939.0,,77,84,-7
200812290OKC,RS,PHO,1953.0,,77,86,-9
200812290OKC,RS,PHO,1966.0,,79,86,-7
200812290OKC,RS,PHO,1984.0,,79,88,-9
200812290OKC,RS,PHO,1991.0,,80,88,-8
200812290OKC,RS,PHO,2012.0,,81,88,-7
200812290OKC,RS,PHO,2012.0,,82,88,-6
200812290OKC,RS,PHO,2034.0,,83,88,-5
200812290OKC,RS,PHO,2034.0,,84,88,-4
200812290OKC,RS,PHO,2088.0,,84,89,-5
200812290OKC,RS,PHO,2103.6,,86,89,-3
200812290OKC,RS,PHO,2122.5,,86,91,-5
200812290OKC,RS,PHO,2122.5,,86,92,-6
200812290OKC,RS,PHO,2156.2,,87,92,-5
200812290OKC,RS,PHO,2193.0,,87,95,-8
200812290OKC,RS,PHO,2226.0,,87,97,-10
200812290OKC,RS,PHO,2427.0,,87,99,-12
200812290OKC,RS,PHO,2469.0,,89,99,-10
200812290OKC,RS,PHO,2495.0,,89,101,-12
200812290OKC,RS,PHO,2549.0,,89,104,-15
200812290OKC,RS,PHO,2573.0,,91,104,-13
200812290OKC,RS,PHO,2598.0,,93,104,-11
200812290OKC,RS,PHO,2598.0,,94,104,-10
200812290OKC,RS,PHO,2677.0,,96,104,-8
200812290OKC,RS,PHO,2710.0,,98,104,-6
200812290OKC,RS,PHO,2729.0,,98,106,-8
200812290OKC,RS,PHO,2772.0,,98,108,-10
200812290OKC,RS,PHO,2784.0,,100,108,-8
200812290OKC,RS,PHO,2812.0,,100,110,-10
200812290OKC,RS,PHO,2863.6,F,102,110,-8
200812290OKC,RS,PHO,2880.0,,102,110,-8
200812310OKC,RS,GSW,0.0,,0,0,0
200812310OKC,RS,GSW,50.0,,0,2,-2
200812310OKC,RS,GSW,71.0,T,2,2,0
200812310OKC,RS,GSW,88.0,,2,4,-2
200812310OKC,RS,GSW,112.0,T,4,4,0
200812310OKC,RS,GSW,128.0,,4,6,-2
200812310OKC,RS,GSW,160.0,,4,7,-3
200812310OKC,RS,GSW,170.0,,5,7,-2
200812310OKC,RS,GSW,187.0,,5,9,-4
200812310OKC,RS,GSW,222.0,,7,9,-2
200812310OKC,RS,GSW,242.0,,7,11,-4
200812310OKC,RS,GSW,288.0,,7,12,-5
200812310OKC,RS,GSW,288.0,,7,13,-6
200812310OKC,RS,GSW,315.0,,7,15,-8
200812310OKC,RS,GSW,315.0,,7,16,-9
200812310OKC,RS,GSW,404.0,,8,16,-8
200812310OKC,RS,GSW,404.0,,9,16,-7
200812310OKC,RS,GSW,416.0,,9,18,-9
200812310OKC,RS,GSW,416.0,,9,19,-10
200812310OKC,RS,GSW,438.0,,9,21,-12
200812310OKC,RS,GSW,453.0,,11,21,-10
200812310OKC,RS,GSW,496.0,,13,21,-8
200812310OKC,RS,GSW,556.0,,13,24,-11
200812310OKC,RS,GSW,571.0,,14,24,-10
200812310OKC,RS,GSW,571.0,,15,24,-9
200812310OKC,RS,GSW,595.0,,17,24,-7
200812310OKC,RS,GSW,626.0,,19,24,-5
200812310OKC,RS,GSW,673.8,,20,24,-4
200812310OKC,RS,GSW,689.4,,20,26,-6
200812310OKC,RS,GSW,702.9,,22,26,-4
200812310OKC,RS,GSW,719.3,,22,28,-6
200812310OKC,RS,GSW,748.0,,23,28,-5
200812310OKC,RS,GSW,748.0,,24,28,-4
200812310OKC,RS,GSW,771.0,,26,28,-2
200812310OKC,RS,GSW,884.0,,26,30,-4
200812310OKC,RS,GSW,902.0,,28,30,-2
200812310OKC,RS,GSW,918.0,,28,31,-3
200812310OKC,RS,GSW,918.0,,28,32,-4
200812310OKC,RS,GSW,931.0,,29,32,-3
200812310OKC,RS,GSW,947.0,,31,32,-1
200812310OKC,RS,GSW,1002.0,LC,33,32,1
200812310OKC,RS,GSW,1015.0,LC,33,34,-1
200812310OKC,RS,GSW,1022.0,LC,35,34,1
200812310OKC,RS,GSW,1043.0,LC,35,36,-1
200812310OKC,RS,GSW,1058.0,,35,39,-4
200812310OKC,RS,GSW,1077.0,,37,39,-2
200812310OKC,RS,GSW,1097.0,LC,40,39,1
200812310OKC,RS,GSW,1123.0,LC,40,41,-1
200812310OKC,RS,GSW,1151.0,LC,42,41,1
200812310OKC,RS,GSW,1203.0,,44,41,3
200812310OKC,RS,GSW,1214.0,,44,42,2
200812310OKC,RS,GSW,1214.0,,44,43,1
200812310OKC,RS,GSW,1246.0,LC,44,46,-2
200812310OKC,RS,GSW,1310.0,,45,46,-1
200812310OKC,RS,GSW,1318.0,LC,47,46,1
200812310OKC,RS,GSW,1357.0,LC,47,48,-1
200812310OKC,RS,GSW,1364.0,LC,49,48,1
200812310OKC,RS,GSW,1380.2,LC,49,50,-1
200812310OKC,RS,GSW,1403.5,LC,51,50,1
200812310OKC,RS,GSW,1411.3,LC,51,52,-1
200812310OKC,RS,GSW,1439.8,,51,55,-4
200812310OKC,RS,GSW,1486.0,,53,55,-2
200812310OKC,RS,GSW,1518.0,,54,55,-1
200812310OKC,RS,GSW,1518.0,T,55,55,0
200812310OKC,RS,GSW,1530.0,,55,56,-1
200812310OKC,RS,GSW,1645.0,LC,58,56,2
200812310OKC,RS,GSW,1686.0,,60,56,4
200812310OKC,RS,GSW,1724.0,,62,56,6
200812310OKC,RS,GSW,1741.0,,62,59,3
200812310OKC,RS,GSW,1779.0,,65,59,6
200812310OKC,RS,GSW,1843.0,,65,62,3
200812310OKC,RS,GSW,1900.0,,66,62,4
200812310OKC,RS,GSW,1915.0,,66,64,2
200812310OKC,RS,GSW,1938.0,,68,64,4
200812310OKC,RS,GSW,1952.0,,68,65,3
200812310OKC,RS,GSW,1966.0,,70,65,5
200812310OKC,RS,GSW,1982.0,,70,67,3
200812310OKC,RS,GSW,1996.0,,72,67,5
200812310OKC,RS,GSW,2004.0,,72,69,3
200812310OKC,RS,GSW,2030.0,,74,69,5
200812310OKC,RS,GSW,2066.0,,76,69,7
200812310OKC,RS,GSW,2076.0,,76,70,6
200812310OKC,RS,GSW,2159.2,,78,70,8
200812310OKC,RS,GSW,2172.0,,78,73,5
200812310OKC,RS,GSW,2199.0,,80,73,7
200812310OKC,RS,GSW,2232.0,,82,73,9
200812310OKC,RS,GSW,2251.0,,83,73,10
200812310OKC,RS,GSW,2286.0,,85,73,12
200812310OKC,RS,GSW,2308.0,,85,74,11
200812310OKC,RS,GSW,2308.0,,85,75,10
200812310OKC,RS,GSW,2337.0,,85,78,7
200812310OKC,RS,GSW,2362.0,,87,78,9
200812310OKC,RS,GSW,2373.0,,87,80,7
200812310OKC,RS,GSW,2373.0,,87,81,6
200812310OKC,RS,GSW,2412.0,,87,82,5
200812310OKC,RS,GSW,2412.0,,87,83,4
200812310OKC,RS,GSW,2442.0,,87,84,3
200812310OKC,RS,GSW,2464.0,,89,84,5
200812310OKC,RS,GSW,2484.0,,89,86,3
200812310OKC,RS,GSW,2504.0,,91,86,5
200812310OKC,RS,GSW,2504.0,,92,86,6
200812310OKC,RS,GSW,2526.0,,94,86,8
200812310OKC,RS,GSW,2526.0,,95,86,9
200812310OKC,RS,GSW,2537.0,,95,89,6
200812310OKC,RS,GSW,2570.0,,95,91,4
200812310OKC,RS,GSW,2591.0,,97,91,6
200812310OKC,RS,GSW,2606.0,,98,91,7
200812310OKC,RS,GSW,2606.0,,99,91,8
200812310OKC,RS,GSW,2658.0,,99,92,7
200812310OKC,RS,GSW,2658.0,,99,93,6
200812310OKC,RS,GSW,2677.0,,101,93,8
200812310OKC,RS,GSW,2745.0,,101,95,6
200812310OKC,RS,GSW,2745.0,,101,96,5
200812310OKC,RS,GSW,2761.0,,102,96,6
200812310OKC,RS,GSW,2761.0,,103,96,7
200812310OKC,RS,GSW,2783.0,,105,96,9
200812310OKC,RS,GSW,2789.0,,105,98,7
200812310OKC,RS,GSW,2857.9,,106,98,8
200812310OKC,RS,GSW,2857.9,,107,98,9
200812310OKC,RS,GSW,2875.0,F,107,100,7
200812310OKC,RS,GSW,2880.0,,107,100,7
200901020OKC,RS,DEN,0.0,,0,0,0
200901020OKC,RS,DEN,36.0,,1,0,1
200901020OKC,RS,DEN,36.0,,2,0,2
200901020OKC,RS,DEN,58.0,,4,0,4
200901020OKC,RS,DEN,77.0,,4,2,2
200901020OKC,RS,DEN,77.0,,4,3,1
200901020OKC,RS,DEN,99.0,T,4,4,0
200901020OKC,RS,DEN,99.0,LC,4,5,-1
200901020OKC,RS,DEN,117.0,LC,6,5,1
200901020OKC,RS,DEN,138.0,LC,6,7,-1
200901020OKC,RS,DEN,153.0,,6,8,-2
200901020OKC,RS,DEN,153.0,,6,9,-3
200901020OKC,RS,DEN,166.0,,8,9,-1
200901020OKC,RS,DEN,193.0,,8,11,-3
200901020OKC,RS,DEN,220.0,,8,13,-5
200901020OKC,RS,DEN,245.0,,8,14,-6
200901020OKC,RS,DEN,257.0,,10,14,-4
200901020OKC,RS,DEN,263.0,,10,16,-6
200901020OKC,RS,DEN,278.0,,10,17,-7
200901020OKC,RS,DEN,322.0,,12,17,-5
200901020OKC,RS,DEN,371.0,,12,19,-7
200901020OKC,RS,DEN,371.0,,12,20,-8
200901020OKC,RS,DEN,390.0,,14,20,-6
200901020OKC,RS,DEN,413.0,,15,20,-5
200901020OKC,RS,DEN,416.0,,17,20,-3
200901020OKC,RS,DEN,430.0,,17,22,-5
200901020OKC,RS,DEN,444.0,,19,22,-3
200901020OKC,RS,DEN,457.0,,19,24,-5
200901020OKC,RS,DEN,487.0,,19,26,-7
200901020OKC,RS,DEN,510.0,,19,27,-8
200901020OKC,RS,DEN,510.0,,19,28,-9
200901020OKC,RS,DEN,557.0,,20,28,-8
200901020OKC,RS,DEN,557.0,,21,28,-7
200901020OKC,RS,DEN,569.0,,21,29,-8
200901020OKC,RS,DEN,620.0,,21,32,-11
200901020OKC,RS,DEN,633.0,,22,32,-10
200901020OKC,RS,DEN,633.0,,23,32,-9
200901020OKC,RS,DEN,660.0,,26,32,-6
200901020OKC,RS,DEN,753.0,,26,34,-8
200901020OKC,RS,DEN,779.0,,29,34,-5
200901020OKC,RS,DEN,789.0,,29,36,-7
200901020OKC,RS,DEN,789.0,,29,37,-8
200901020OKC,RS,DEN,812.0,,31,37,-6
200901020OKC,RS,DEN,835.0,,33,37,-4
200901020OKC,RS,DEN,835.0,,34,37,-3
200901020OKC,RS,DEN,849.0,,34,39,-5
200901020OKC,RS,DEN,868.0,,37,39,-2
200901020OKC,RS,DEN,902.0,T,39,39,0
200901020OKC,RS,DEN,915.0,,39,40,-1
200901020OKC,RS,DEN,954.0,LC,42,40,2
200901020OKC,RS,DEN,962.0,T,42,42,0
200901020OKC,RS,DEN,1055.0,,44,42,2
200901020OKC,RS,DEN,1083.0,T,44,44,0
200901020OKC,RS,DEN,1099.0,,46,44,2
200901020OKC,RS,DEN,1118.0,,46,45,1
200901020OKC,RS,DEN,1134.0,,48,45,3
200901020OKC,RS,DEN,1163.0,,48,47,1
200901020OKC,RS,DEN,1200.0,LC,48,49,-1
200901020OKC,RS,DEN,1238.0,LC,50,49,1
200901020OKC,RS,DEN,1257.0,T,50,50,0
200901020OKC,RS,DEN,1277.0,,52,50,2
200901020OKC,RS,DEN,1294.0,,54,50,4
200901020OKC,RS,DEN,1312.0,,54,51,3
200901020OKC,RS,DEN,1329.0,,56,51,5
200901020OKC,RS,DEN,1349.0,,58,51,7
200901020OKC,RS,DEN,1374.0,,60,51,9
200901020OKC,RS,DEN,1400.3,,62,51,11
200901020OKC,RS,DEN,1419.1,,62,53,9
200901020OKC,RS,DEN,1437.9,,64,53,11
200901020OKC,RS,DEN,1455.0,,66,53,13
200901020OKC,RS,DEN,1469.0,,66,55,11
200901020OKC,RS,DEN,1494.0,,68,55,13
200901020OKC,RS,DEN,1508.0,,68,58,10
200901020OKC,RS,DEN,1531.0,,70,58,12
200901020OKC,RS,DEN,1531.0,,71,58,13
200901020OKC,RS,DEN,1552.0,,71,60,11
200901020OKC,RS,DEN,1568.0,,73,60,13
200901020OKC,RS,DEN,1568.0,,74,60,14
200901020OKC,RS,DEN,1611.0,,74,62,12
200901020OKC,RS,DEN,1611.0,,74,63,11
200901020OKC,RS,DEN,1636.0,,74,65,9
200901020OKC,RS,DEN,1659.0,,74,66,8
200901020OKC,RS,DEN,1659.0,,74,67,7
200901020OKC,RS,DEN,1681.0,,74,69,5
200901020OKC,RS,DEN,1699.0,,76,69,7
200901020OKC,RS,DEN,1742.0,,76,71,5
200901020OKC,RS,DEN,1762.0,,79,71,8
200901020OKC,RS,DEN,1802.0,,79,74,5
200901020OKC,RS,DEN,1827.0,,82,74,8
200901020OKC,RS,DEN,1867.0,,82,77,5
200901020OKC,RS,DEN,1897.0,,84,77,7
200901020OKC,RS,DEN,1915.0,,84,78,6
200901020OKC,RS,DEN,1915.0,,84,79,5
200901020OKC,RS,DEN,1934.0,,86,79,7
200901020OKC,RS,DEN,1954.0,,88,79,9
200901020OKC,RS,DEN,1974.0,,88,81,7
200901020OKC,RS,DEN,1995.0,,90,81,9
200901020OKC,RS,DEN,2021.0,,90,83,7
200901020OKC,RS,DEN,2053.0,,90,85,5
200901020OKC,RS,DEN,2053.0,,90,86,4
200901020OKC,RS,DEN,2099.0,,91,86,5
200901020OKC,RS,DEN,2099.0,,92,86,6
200901020OKC,RS,DEN,2113.5,,92,89,3
200901020OKC,RS,DEN,2136.7,,94,89,5
200901020OKC,RS,DEN,2158.0,,96,89,7
200901020OKC,RS,DEN,2231.0,,98,89,9
200901020OKC,RS,DEN,2267.0,,98,90,8
200901020OKC,RS,DEN,2267.0,,98,91,7
200901020OKC,RS,DEN,2287.0,,99,91,8
200901020OKC,RS,DEN,2287.0,,100,91,9
200901020OKC,RS,DEN,2344.0,,100,94,6
200901020OKC,RS,DEN,2362.0,,101,94,7
200901020OKC,RS,DEN,2362.0,,102,94,8
200901020OKC,RS,DEN,2393.0,,102,97,5
200901020OKC,RS,DEN,2427.0,,105,97,8
200901020OKC,RS,DEN,2457.0,,105,100,5
200901020OKC,RS,DEN,2496.0,,105,101,4
200901020OKC,RS,DEN,2496.0,,105,102,3
200901020OKC,RS,DEN,2518.0,,107,102,5
200901020OKC,RS,DEN,2539.0,,107,104,3
200901020OKC,RS,DEN,2539.0,,107,105,2
200901020OKC,RS,DEN,2576.0,T,107,107,0
200901020OKC,RS,DEN,2650.0,LC,107,108,-1
200901020OKC,RS,DEN,2650.0,,107,109,-2
200901020OKC,RS,DEN,2658.0,,108,109,-1
200901020OKC,RS,DEN,2658.0,T,109,109,0
200901020OKC,RS,DEN,2676.0,,109,111,-2
200901020OKC,RS,DEN,2701.0,,110,111,-1
200901020OKC,RS,DEN,2701.0,T,111,111,0
200901020OKC,RS,DEN,2722.0,LC,113,111,2
200901020OKC,RS,DEN,2736.0,T,113,113,0
200901020OKC,RS,DEN,2776.0,LC,113,116,-3
200901020OKC,RS,DEN,2821.1,,113,117,-4
200901020OKC,RS,DEN,2821.3,,114,117,-3
200901020OKC,RS,DEN,2821.3,,115,117,-2
200901020OKC,RS,DEN,2842.1,,115,119,-4
200901020OKC,RS,DEN,2851.5,,117,119,-2
200901020OKC,RS,DEN,2877.3,LC,120,119,1
200901020OKC,RS,DEN,2879.9,F,120,122,-2
200901020OKC,RS,DEN,2880.0,,120,122,-2
200901060OKC,RS,NYK,0.0,,0,0,0
200901060OKC,RS,NYK,16.0,,0,3,-3
200901060OKC,RS,NYK,33.0,,2,3,-1
200901060OKC,RS,NYK,59.0,LC,4,3,1
200901060OKC,RS,NYK,106.0,,6,3,3
200901060OKC,RS,NYK,120.0,T,6,6,0
200901060OKC,RS,NYK,147.0,LC,6,9,-3
200901060OKC,RS,NYK,161.0,,7,9,-2
200901060OKC,RS,NYK,176.0,,7,11,-4
200901060OKC,RS,NYK,242.0,,9,11,-2
200901060OKC,RS,NYK,262.0,T,11,11,0
200901060OKC,RS,NYK,287.0,LC,14,11,3
200901060OKC,RS,NYK,303.0,,14,13,1
200901060OKC,RS,NYK,328.0,,17,13,4
200901060OKC,RS,NYK,345.0,,19,13,6
200901060OKC,RS,NYK,397.0,,21,13,8
200901060OKC,RS,NYK,447.0,,23,13,10
200901060OKC,RS,NYK,476.0,,25,13,12
200901060OKC,RS,NYK,485.0,,25,15,10
200901060OKC,RS,NYK,505.0,,28,15,13
200901060OKC,RS,NYK,520.0,,29,15,14
200901060OKC,RS,NYK,529.0,,29,16,13
200901060OKC,RS,NYK,529.0,,29,17,12
200901060OKC,RS,NYK,529.0,,29,18,11
200901060OKC,RS,NYK,581.0,,30,18,12
200901060OKC,RS,NYK,581.0,,31,18,13
200901060OKC,RS,NYK,598.0,,31,20,11
200901060OKC,RS,NYK,615.0,,33,20,13
200901060OKC,RS,NYK,642.0,,33,22,11
200901060OKC,RS,NYK,666.1,,35,22,13
200901060OKC,RS,NYK,670.1,,35,23,12
200901060OKC,RS,NYK,747.0,,35,26,9
200901060OKC,RS,NYK,771.0,,37,26,11
200901060OKC,RS,NYK,817.0,,37,28,9
200901060OKC,RS,NYK,857.0,,39,28,11
200901060OKC,RS,NYK,907.0,,39,31,8
200901060OKC,RS,NYK,926.0,,41,31,10
200901060OKC,RS,NYK,973.0,,41,33,8
200901060OKC,RS,NYK,987.0,,43,33,10
200901060OKC,RS,NYK,1002.0,,43,35,8
200901060OKC,RS,NYK,1002.0,,43,36,7
200901060OKC,RS,NYK,1013.0,,44,36,8
200901060OKC,RS,NYK,1013.0,,45,36,9
200901060OKC,RS,NYK,1020.0,,45,37,8
200901060OKC,RS,NYK,1020.0,,45,38,7
200901060OKC,RS,NYK,1069.0,,45,40,5
200901060OKC,RS,NYK,1069.0,,45,41,4
200901060OKC,RS,NYK,1085.0,,47,41,6
200901060OKC,RS,NYK,1129.0,,47,43,4
200901060OKC,RS,NYK,1144.0,,50,43,7
200901060OKC,RS,NYK,1220.0,,52,43,9
200901060OKC,RS,NYK,1244.0,,54,43,11
200901060OKC,RS,NYK,1244.0,,55,43,12
200901060OKC,RS,NYK,1263.0,,55,45,10
200901060OKC,RS,NYK,1340.0,,56,45,11
200901060OKC,RS,NYK,1340.0,,57,45,12
200901060OKC,RS,NYK,1359.0,,57,47,10
200901060OKC,RS,NYK,1370.0,,59,47,12
200901060OKC,RS,NYK,1408.9,,61,47,14
200901060OKC,RS,NYK,1420.5,,61,50,11
200901060OKC,RS,NYK,1438.5,,63,50,13
200901060OKC,RS,NYK,1536.0,,64,50,14
200901060OKC,RS,NYK,1536.0,,65,50,15
200901060OKC,RS,NYK,1536.0,,66,50,16
200901060OKC,RS,NYK,1611.0,,68,50,18
200901060OKC,RS,NYK,1624.0,,68,51,17
200901060OKC,RS,NYK,1624.0,,68,52,16
200901060OKC,RS,NYK,1647.0,,70,52,18
200901060OKC,RS,NYK,1671.0,,71,52,19
200901060OKC,RS,NYK,1671.0,,72,52,20
200901060OKC,RS,NYK,1693.0,,75,52,23
200901060OKC,RS,NYK,1708.0,,75,54,21
200901060OKC,RS,NYK,1741.0,,75,56,19
200901060OKC,RS,NYK,1757.0,,77,56,21
200901060OKC,RS,NYK,1781.0,,78,56,22
200901060OKC,RS,NYK,1781.0,,79,56,23
200901060OKC,RS,NYK,1827.0,,79,59,20
200901060OKC,RS,NYK,1859.0,,79,62,17
200901060OKC,RS,NYK,1924.0,,81,62,19
200901060OKC,RS,NYK,1945.0,,83,62,21
200901060OKC,RS,NYK,1961.0,,83,64,19
200901060OKC,RS,NYK,1988.0,,85,64,21
200901060OKC,RS,NYK,1999.0,,85,66,19
200901060OKC,RS,NYK,2024.0,,87,66,21
200901060OKC,RS,NYK,2036.0,,87,69,18
200901060OKC,RS,NYK,2056.0,,89,69,20
200901060OKC,RS,NYK,2070.0,,89,72,17
200901060OKC,RS,NYK,2099.0,,89,75,14
200901060OKC,RS,NYK,2122.5,,90,75,15
200901060OKC,RS,NYK,2122.5,,91,75,16
200901060OKC,RS,NYK,2130.3,,91,76,15
200901060OKC,RS,NYK,2130.3,,91,77,14
200901060OKC,RS,NYK,2158.9,,91,79,12
200901060OKC,RS,NYK,2197.0,,91,81,10
200901060OKC,RS,NYK,2215.0,,93,81,12
200901060OKC,RS,NYK,2240.0,,93,83,10
200901060OKC,RS,NYK,2285.0,,93,85,8
200901060OKC,RS,NYK,2304.0,,93,87,6
200901060OKC,RS,NYK,2359.0,,93,89,4
200901060OKC,RS,NYK,2379.0,,93,90,3
200901060OKC,RS,NYK,2379.0,,93,91,2
200901060OKC,RS,NYK,2393.0,,94,91,3
200901060OKC,RS,NYK,2393.0,,95,91,4
200901060OKC,RS,NYK,2426.0,,97,91,6
200901060OKC,RS,NYK,2518.0,,99,91,8
200901060OKC,RS,NYK,2611.0,,99,93,6
200901060OKC,RS,NYK,2643.0,,99,95,4
200901060OKC,RS,NYK,2735.0,,101,95,6
200901060OKC,RS,NYK,2792.0,,101,96,5
200901060OKC,RS,NYK,2792.0,,101,97,4
200901060OKC,RS,NYK,2805.0,,102,97,5
200901060OKC,RS,NYK,2819.0,,102,98,4
200901060OKC,RS,NYK,2819.0,,102,99,3
200901060OKC,RS,NYK,2838.5,,104,99,5
200901060OKC,RS,NYK,2850.2,,105,99,6
200901060OKC,RS,NYK,2850.2,,106,99,7
200901060OKC,RS,NYK,2859.2,F,107,99,8
200901060OKC,RS,NYK,2880.0,,107,99,8
200901070MIN,RS,MIN,0.0,,0,0,0
200901070MIN,RS,MIN,52.0,,0,3,-3
200901070MIN,RS,MIN,88.0,,0,6,-6
200901070MIN,RS,MIN,109.0,,2,6,-4
200901070MIN,RS,MIN,122.0,,2,8,-6
200901070MIN,RS,MIN,122.0,,2,9,-7
200901070MIN,RS,MIN,133.0,,4,9,-5
200901070MIN,RS,MIN,144.0,,4,11,-7
200901070MIN,RS,MIN,163.0,,6,11,-5
200901070MIN,RS,MIN,206.0,,6,13,-7
200901070MIN,RS,MIN,224.0,,8,13,-5
200901070MIN,RS,MIN,240.0,,8,14,-6
200901070MIN,RS,MIN,240.0,,8,15,-7
200901070MIN,RS,MIN,278.0,,8,17,-9
200901070MIN,RS,MIN,292.0,,9,17,-8
200901070MIN,RS,MIN,305.0,,12,17,-5
200901070MIN,RS,MIN,321.0,,12,19,-7
200901070MIN,RS,MIN,378.0,,12,21,-9
200901070MIN,RS,MIN,400.0,,14,21,-7
200901070MIN,RS,MIN,413.0,,14,23,-9
200901070MIN,RS,MIN,453.0,,14,25,-11
200901070MIN,RS,MIN,482.0,,14,26,-12
200901070MIN,RS,MIN,483.0,,14,28,-14
200901070MIN,RS,MIN,503.0,,15,28,-13
200901070MIN,RS,MIN,503.0,,16,28,-12
200901070MIN,RS,MIN,523.0,,16,30,-14
200901070MIN,RS,MIN,576.0,,16,31,-15
200901070MIN,RS,MIN,576.0,,16,32,-16
200901070MIN,RS,MIN,612.0,,16,33,-17
200901070MIN,RS,MIN,612.0,,16,34,-18
200901070MIN,RS,MIN,658.0,,16,36,-20
200901070MIN,RS,MIN,665.4,,19,36,-17
200901070MIN,RS,MIN,677.3,,21,36,-15
200901070MIN,RS,MIN,685.9,,21,39,-18
200901070MIN,RS,MIN,690.1,,24,39,-15
200901070MIN,RS,MIN,708.6,,24,42,-18
200901070MIN,RS,MIN,743.0,,24,44,-20
200901070MIN,RS,MIN,743.0,,24,45,-21
200901070MIN,RS,MIN,783.0,,24,46,-22
200901070MIN,RS,MIN,801.0,,26,46,-20
200901070MIN,RS,MIN,866.0,,26,49,-23
200901070MIN,RS,MIN,930.0,,28,49,-21
200901070MIN,RS,MIN,966.0,,28,51,-23
200901070MIN,RS,MIN,1053.0,,30,51,-21
200901070MIN,RS,MIN,1068.0,,30,54,-24
200901070MIN,RS,MIN,1075.0,,31,54,-23
200901070MIN,RS,MIN,1094.0,,31,56,-25
200901070MIN,RS,MIN,1108.0,,33,56,-23
200901070MIN,RS,MIN,1122.0,,33,57,-24
200901070MIN,RS,MIN,1122.0,,33,58,-25
200901070MIN,RS,MIN,1134.0,,35,58,-23
200901070MIN,RS,MIN,1149.0,,35,60,-25
200901070MIN,RS,MIN,1163.0,,37,60,-23
200901070MIN,RS,MIN,1187.0,,37,62,-25
200901070MIN,RS,MIN,1196.0,,38,62,-24
200901070MIN,RS,MIN,1200.0,,40,62,-22
200901070MIN,RS,MIN,1200.0,,41,62,-21
200901070MIN,RS,MIN,1216.0,,41,65,-24
200901070MIN,RS,MIN,1324.0,,41,67,-26
200901070MIN,RS,MIN,1344.0,,43,67,-24
200901070MIN,RS,MIN,1359.0,,43,69,-26
200901070MIN,RS,MIN,1404.0,,43,70,-27
200901070MIN,RS,MIN,1435.1,,43,72,-29
200901070MIN,RS,MIN,1465.0,,45,72,-27
200901070MIN,RS,MIN,1487.0,,45,74,-29
200901070MIN,RS,MIN,1573.0,,45,76,-31
200901070MIN,RS,MIN,1619.0,,45,78,-33
200901070MIN,RS,MIN,1654.0,,45,81,-36
200901070MIN,RS,MIN,1736.0,,47,81,-34
200901070MIN,RS,MIN,1757.0,,48,81,-33
200901070MIN,RS,MIN,1806.0,,48,84,-36
200901070MIN,RS,MIN,1828.0,,48,85,-37
200901070MIN,RS,MIN,1828.0,,48,86,-38
200901070MIN,RS,MIN,1845.0,,50,86,-36
200901070MIN,RS,MIN,1873.0,,52,86,-34
200901070MIN,RS,MIN,1900.0,,54,86,-32
200901070MIN,RS,MIN,1937.0,,54,89,-35
200901070MIN,RS,MIN,1966.0,,56,89,-33
200901070MIN,RS,MIN,1988.0,,56,91,-35
200901070MIN,RS,MIN,2004.0,,58,91,-33
200901070MIN,RS,MIN,2028.0,,60,91,-31
200901070MIN,RS,MIN,2046.0,,60,93,-33
200901070MIN,RS,MIN,2061.0,,62,93,-31
200901070MIN,RS,MIN,2080.0,,62,95,-33
200901070MIN,RS,MIN,2116.8,,64,95,-31
200901070MIN,RS,MIN,2147.1,,65,95,-30
200901070MIN,RS,MIN,2147.1,,66,95,-29
200901070MIN,RS,MIN,2159.1,,66,96,-30
200901070MIN,RS,MIN,2159.1,,66,97,-31
200901070MIN,RS,MIN,2159.1,,66,98,-32
200901070MIN,RS,MIN,2196.0,,68,98,-30
200901070MIN,RS,MIN,2196.0,,69,98,-29
200901070MIN,RS,MIN,2233.0,,71,98,-27
200901070MIN,RS,MIN,2251.0,,71,100,-29
200901070MIN,RS,MIN,2261.0,,73,100,-27
200901070MIN,RS,MIN,2301.0,,73,103,-30
200901070MIN,RS,MIN,2330.0,,73,104,-31
200901070MIN,RS,MIN,2376.0,,73,106,-33
200901070MIN,RS,MIN,2405.0,,73,108,-35
200901070MIN,RS,MIN,2445.0,,73,110,-37
200901070MIN,RS,MIN,2489.0,,73,112,-39
200901070MIN,RS,MIN,2507.0,,74,112,-38
200901070MIN,RS,MIN,2507.0,,75,112,-37
200901070MIN,RS,MIN,2539.0,,75,114,-39
200901070MIN,RS,MIN,2557.0,,75,116,-41
200901070MIN,RS,MIN,2567.0,,77,116,-39
200901070MIN,RS,MIN,2625.0,,77,117,-40
200901070MIN,RS,MIN,2625.0,,77,118,-41
200901070MIN,RS,MIN,2635.0,,78,118,-40
200901070MIN,RS,MIN,2635.0,,79,118,-39
200901070MIN,RS,MIN,2668.0,,79,120,-41
200901070MIN,RS,MIN,2692.0,,79,123,-44
200901070MIN,RS,MIN,2703.0,,81,123,-42
200901070MIN,RS,MIN,2754.0,,81,125,-44
200901070MIN,RS,MIN,2784.0,,83,125,-42
200901070MIN,RS,MIN,2797.0,,85,125,-40
200901070MIN,RS,MIN,2815.0,,85,127,-42
200901070MIN,RS,MIN,2839.1,,85,129,-44
200901070MIN,RS,MIN,2844.0,F,87,129,-42
200901070MIN,RS,MIN,2880.0,,87,129,-42
200901090OKC,RS,HOU,0.0,,0,0,0
200901090OKC,RS,HOU,28.0,,2,0,2
200901090OKC,RS,HOU,55.0,,3,0,3
200901090OKC,RS,HOU,55.0,,4,0,4
200901090OKC,RS,HOU,79.0,,4,1,3
200901090OKC,RS,HOU,79.0,,4,2,2
200901090OKC,RS,HOU,125.0,,6,2,4
200901090OKC,RS,HOU,137.0,,6,3,3
200901090OKC,RS,HOU,137.0,,6,4,2
200901090OKC,RS,HOU,193.0,,8,4,4
200901090OKC,RS,HOU,228.0,,10,4,6
200901090OKC,RS,HOU,247.0,,12,4,8
200901090OKC,RS,HOU,263.0,,12,5,7
200901090OKC,RS,HOU,289.0,,14,5,9
200901090OKC,RS,HOU,303.0,,14,6,8
200901090OKC,RS,HOU,303.0,,14,7,7
200901090OKC,RS,HOU,371.0,,14,8,6
200901090OKC,RS,HOU,422.0,,16,8,8
200901090OKC,RS,HOU,441.0,,16,10,6
200901090OKC,RS,HOU,458.0,,19,10,9
200901090OKC,RS,HOU,467.0,,19,11,8
200901090OKC,RS,HOU,467.0,,19,12,7
200901090OKC,RS,HOU,493.0,,19,14,5
200901090OKC,RS,HOU,513.0,,19,16,3
200901090OKC,RS,HOU,531.0,,19,17,2
200901090OKC,RS,HOU,531.0,,19,18,1
200901090OKC,RS,HOU,597.0,LC,19,20,-1
200901090OKC,RS,HOU,633.0,LC,21,20,1
200901090OKC,RS,HOU,633.0,,22,20,2
200901090OKC,RS,HOU,681.2,,22,21,1
200901090OKC,RS,HOU,681.2,T,22,22,0
200901090OKC,RS,HOU,696.0,,24,22,2
200901090OKC,RS,HOU,718.6,T,24,24,0
200901090OKC,RS,HOU,736.0,,26,24,2
200901090OKC,RS,HOU,752.0,T,26,26,0
200901090OKC,RS,HOU,825.0,LC,26,28,-2
200901090OKC,RS,HOU,863.0,,26,30,-4
200901090OKC,RS,HOU,937.0,,27,30,-3
200901090OKC,RS,HOU,937.0,,28,30,-2
200901090OKC,RS,HOU,994.0,,28,32,-4
200901090OKC,RS,HOU,1050.0,,30,32,-2
200901090OKC,RS,HOU,1065.0,,30,34,-4
200901090OKC,RS,HOU,1084.0,,32,34,-2
200901090OKC,RS,HOU,1117.0,,32,37,-5
200901090OKC,RS,HOU,1153.0,,32,39,-7
200901090OKC,RS,HOU,1168.0,,34,39,-5
200901090OKC,RS,HOU,1197.0,,34,41,-7
200901090OKC,RS,HOU,1233.0,,34,43,-9
200901090OKC,RS,HOU,1250.0,,36,43,-7
200901090OKC,RS,HOU,1271.0,,36,46,-10
200901090OKC,RS,HOU,1289.0,,38,46,-8
200901090OKC,RS,HOU,1351.0,,40,46,-6
200901090OKC,RS,HOU,1382.9,,40,48,-8
200901090OKC,RS,HOU,1408.7,,40,51,-11
200901090OKC,RS,HOU,1439.7,,40,53,-13
200901090OKC,RS,HOU,1462.0,,42,53,-11
200901090OKC,RS,HOU,1508.0,,42,55,-13
200901090OKC,RS,HOU,1531.0,,42,57,-15
200901090OKC,RS,HOU,1558.0,,44,57,-13
200901090OKC,RS,HOU,1589.0,,46,57,-11
200901090OKC,RS,HOU,1615.0,,48,57,-9
200901090OKC,RS,HOU,1632.0,,48,58,-10
200901090OKC,RS,HOU,1646.0,,50,58,-8
200901090OKC,RS,HOU,1665.0,,50,60,-10
200901090OKC,RS,HOU,1683.0,,52,60,-8
200901090OKC,RS,HOU,1712.0,,52,63,-11
200901090OKC,RS,HOU,1722.0,,53,63,-10
200901090OKC,RS,HOU,1722.0,,54,63,-9
200901090OKC,RS,HOU,1767.0,,54,65,-11
200901090OKC,RS,HOU,1789.0,,57,65,-8
200901090OKC,RS,HOU,1820.0,,59,65,-6
200901090OKC,RS,HOU,1866.0,,59,67,-8
200901090OKC,RS,HOU,1879.0,,61,67,-6
200901090OKC,RS,HOU,1914.0,,63,67,-4
200901090OKC,RS,HOU,1932.0,,63,68,-5
200901090OKC,RS,HOU,1932.0,,63,69,-6
200901090OKC,RS,HOU,1958.0,,65,69,-4
200901090OKC,RS,HOU,1976.0,,65,71,-6
200901090OKC,RS,HOU,2022.0,,65,73,-8
200901090OKC,RS,HOU,2078.0,,67,73,-6
200901090OKC,RS,HOU,2096.0,,67,75,-8
200901090OKC,RS,HOU,2120.0,,67,76,-9
200901090OKC,RS,HOU,2120.0,,67,77,-10
200901090OKC,RS,HOU,2127.3,,68,77,-9
200901090OKC,RS,HOU,2127.3,,69,77,-8
200901090OKC,RS,HOU,2159.6,,72,77,-5
200901090OKC,RS,HOU,2180.0,,72,79,-7
200901090OKC,RS,HOU,2197.0,,74,79,-5
200901090OKC,RS,HOU,2220.0,,74,81,-7
200901090OKC,RS,HOU,2235.0,,76,81,-5
200901090OKC,RS,HOU,2295.0,,78,81,-3
200901090OKC,RS,HOU,2313.0,,78,83,-5
200901090OKC,RS,HOU,2338.0,,79,83,-4
200901090OKC,RS,HOU,2338.0,,80,83,-3
200901090OKC,RS,HOU,2401.0,,81,83,-2
200901090OKC,RS,HOU,2422.0,T,83,83,0
200901090OKC,RS,HOU,2567.0,,83,85,-2
200901090OKC,RS,HOU,2602.0,T,85,85,0
200901090OKC,RS,HOU,2618.0,,85,87,-2
200901090OKC,RS,HOU,2618.0,,85,88,-3
200901090OKC,RS,HOU,2635.0,,87,88,-1
200901090OKC,RS,HOU,2661.0,,87,91,-4
200901090OKC,RS,HOU,2674.0,,88,91,-3
200901090OKC,RS,HOU,2674.0,,89,91,-2
200901090OKC,RS,HOU,2691.0,T,91,91,0
200901090OKC,RS,HOU,2709.0,,91,93,-2
200901090OKC,RS,HOU,2771.0,T,93,93,0
200901090OKC,RS,HOU,2784.0,,93,94,-1
200901090OKC,RS,HOU,2784.0,,93,95,-2
200901090OKC,RS,HOU,2871.8,,93,96,-3
200901090OKC,RS,HOU,2871.8,,93,97,-4
200901090OKC,RS,HOU,2879.1,,96,97,-1
200901090OKC,RS,HOU,2879.9,F,96,98,-2
200901090OKC,RS,HOU,2880.0,,96,98,-2
200901100CHI,RS,CHI,0.0,,0,0,0
200901100CHI,RS,CHI,21.0,,1,0,1
200901100CHI,RS,CHI,87.0,,3,0,3
200901100CHI,RS,CHI,163.0,,5,0,5
200901100CHI,RS,CHI,199.0,,7,0,7
200901100CHI,RS,CHI,216.0,,7,2,5
200901100CHI,RS,CHI,239.0,,7,3,4
200901100CHI,RS,CHI,271.0,,7,6,1
200901100CHI,RS,CHI,294.0,LC,7,8,-1
200901100CHI,RS,CHI,322.0,LC,9,8,1
200901100CHI,RS,CHI,333.0,T,9,9,0
200901100CHI,RS,CHI,333.0,LC,9,10,-1
200901100CHI,RS,CHI,345.0,T,10,10,0
200901100CHI,RS,CHI,378.0,LC,12,10,2
200901100CHI,RS,CHI,393.0,LC,12,13,-1
200901100CHI,RS,CHI,425.0,,12,15,-3
200901100CHI,RS,CHI,443.0,,14,15,-1
200901100CHI,RS,CHI,469.0,,14,17,-3
200901100CHI,RS,CHI,480.0,,14,19,-5
200901100CHI,RS,CHI,502.0,,15,19,-4
200901100CHI,RS,CHI,502.0,,16,19,-3
200901100CHI,RS,CHI,514.0,,18,19,-1
200901100CHI,RS,CHI,524.0,,18,21,-3
200901100CHI,RS,CHI,524.0,,18,22,-4
200901100CHI,RS,CHI,537.0,,19,22,-3
200901100CHI,RS,CHI,537.0,,20,22,-2
200901100CHI,RS,CHI,545.0,,20,23,-3
200901100CHI,RS,CHI,564.0,T,23,23,0
200901100CHI,RS,CHI,585.0,LC,25,23,2
200901100CHI,RS,CHI,607.0,,27,23,4
200901100CHI,RS,CHI,634.0,,29,23,6
200901100CHI,RS,CHI,649.0,,29,25,4
200901100CHI,RS,CHI,667.1,,29,27,2
200901100CHI,RS,CHI,690.3,T,29,29,0
200901100CHI,RS,CHI,712.2,,31,29,2
200901100CHI,RS,CHI,740.0,LC,31,32,-1
200901100CHI,RS,CHI,795.0,,31,34,-3
200901100CHI,RS,CHI,816.0,,33,34,-1
200901100CHI,RS,CHI,851.0,LC,35,34,1
200901100CHI,RS,CHI,874.0,,37,34,3
200901100CHI,RS,CHI,900.0,,37,36,1
200901100CHI,RS,CHI,918.0,,39,36,3
200901100CHI,RS,CHI,976.0,,41,36,5
200901100CHI,RS,CHI,1003.0,,43,36,7
200901100CHI,RS,CHI,1023.0,,43,38,5
200901100CHI,RS,CHI,1043.0,,45,38,7
200901100CHI,RS,CHI,1078.0,,45,40,5
200901100CHI,RS,CHI,1110.0,,45,42,3
200901100CHI,RS,CHI,1134.0,,47,42,5
200901100CHI,RS,CHI,1172.0,,49,42,7
200901100CHI,RS,CHI,1211.0,,50,42,8
200901100CHI,RS,CHI,1274.0,,50,45,5
200901100CHI,RS,CHI,1311.0,,50,46,4
200901100CHI,RS,CHI,1311.0,,50,47,3
200901100CHI,RS,CHI,1331.0,,52,47,5
200901100CHI,RS,CHI,1351.0,,52,49,3
200901100CHI,RS,CHI,1403.0,,52,51,1
200901100CHI,RS,CHI,1414.6,,54,51,3
200901100CHI,RS,CHI,1486.0,,54,53,1
200901100CHI,RS,CHI,1515.0,,56,53,3
200901100CHI,RS,CHI,1560.0,,58,53,5
200901100CHI,RS,CHI,1595.0,,58,55,3
200901100CHI,RS,CHI,1627.0,T,58,58,0
200901100CHI,RS,CHI,1649.0,,60,58,2
200901100CHI,RS,CHI,1673.0,T,60,60,0
200901100CHI,RS,CHI,1699.0,,62,60,2
200901100CHI,RS,CHI,1718.0,,63,60,3
200901100CHI,RS,CHI,1748.0,,65,60,5
200901100CHI,RS,CHI,1766.0,,65,62,3
200901100CHI,RS,CHI,1800.0,,65,64,1
200901100CHI,RS,CHI,1839.0,,67,64,3
200901100CHI,RS,CHI,1859.0,,69,64,5
200901100CHI,RS,CHI,1876.0,,71,64,7
200901100CHI,RS,CHI,1890.0,,71,66,5
200901100CHI,RS,CHI,1908.0,,72,66,6
200901100CHI,RS,CHI,2018.0,,72,68,4
200901100CHI,RS,CHI,2074.0,,74,68,6
200901100CHI,RS,CHI,2092.0,,74,69,5
200901100CHI,RS,CHI,2092.0,,74,70,4
200901100CHI,RS,CHI,2122.4,,74,71,3
200901100CHI,RS,CHI,2122.4,,74,72,2
200901100CHI,RS,CHI,2140.5,,75,72,3
200901100CHI,RS,CHI,2140.5,,76,72,4
200901100CHI,RS,CHI,2158.2,,76,74,2
200901100CHI,RS,CHI,2233.0,T,76,76,0
200901100CHI,RS,CHI,2285.0,LC,76,78,-2
200901100CHI,RS,CHI,2314.0,,76,80,-4
200901100CHI,RS,CHI,2331.0,,78,80,-2
200901100CHI,RS,CHI,2331.0,,79,80,-1
200901100CHI,RS,CHI,2373.0,,79,81,-2
200901100CHI,RS,CHI,2373.0,,79,82,-3
200901100CHI,RS,CHI,2392.0,,81,82,-1
200901100CHI,RS,CHI,2415.0,,81,84,-3
200901100CHI,RS,CHI,2455.0,,81,86,-5
200901100CHI,RS,CHI,2471.0,,82,86,-4
200901100CHI,RS,CHI,2471.0,,83,86,-3
200901100CHI,RS,CHI,2491.0,,83,88,-5
200901100CHI,RS,CHI,2514.0,,85,88,-3
200901100CHI,RS,CHI,2532.0,,85,90,-5
200901100CHI,RS,CHI,2603.0,,87,90,-3
200901100CHI,RS,CHI,2629.0,,88,90,-2
200901100CHI,RS,CHI,2629.0,,89,90,-1
200901100CHI,RS,CHI,2724.0,,89,92,-3
200901100CHI,RS,CHI,2738.0,,90,92,-2
200901100CHI,RS,CHI,2738.0,,91,92,-1
200901100CHI,RS,CHI,2764.0,T,92,92,0
200901100CHI,RS,CHI,2764.0,LC,93,92,1
200901100CHI,RS,CHI,2779.0,LC,93,94,-1
200901100CHI,RS,CHI,2800.0,T,94,94,0
200901100CHI,RS,CHI,2895.0,LC,95,94,1
200901100CHI,RS,CHI,2895.0,,96,94,2
200901100CHI,RS,CHI,2914.0,T,96,96,0
200901100CHI,RS,CHI,2981.0,,98,96,2
200901100CHI,RS,CHI,2981.0,,99,96,3
200901100CHI,RS,CHI,3006.0,,101,96,5
200901100CHI,RS,CHI,3044.0,,103,96,7
200901100CHI,RS,CHI,3051.0,,103,98,5
200901100CHI,RS,CHI,3072.0,,105,98,7
200901100CHI,RS,CHI,3103.0,,106,98,8
200901100CHI,RS,CHI,3103.0,,107,98,9
200901100CHI,RS,CHI,3137.2,,108,98,10
200901100CHI,RS,CHI,3137.2,F,109,98,11
200901100CHI,RS,CHI,3180.0,,109,98,11
200901120NJN,RS,NJN,0.0,,0,0,0
200901120NJN,RS,NJN,34.0,,0,2,-2
200901120NJN,RS,NJN,115.0,,0,5,-5
200901120NJN,RS,NJN,175.0,,0,7,-7
200901120NJN,RS,NJN,219.0,,1,7,-6
200901120NJN,RS,NJN,219.0,,2,7,-5
200901120NJN,RS,NJN,231.0,,2,9,-7
200901120NJN,RS,NJN,248.0,,4,9,-5
200901120NJN,RS,NJN,278.0,,6,9,-3
200901120NJN,RS,NJN,292.0,,6,11,-5
200901120NJN,RS,NJN,317.0,,8,11,-3
200901120NJN,RS,NJN,382.0,,8,13,-5
200901120NJN,RS,NJN,396.0,,10,13,-3
200901120NJN,RS,NJN,406.0,,10,14,-4
200901120NJN,RS,NJN,436.0,,11,14,-3
200901120NJN,RS,NJN,436.0,,12,14,-2
200901120NJN,RS,NJN,451.0,,12,16,-4
200901120NJN,RS,NJN,464.0,,14,16,-2
200901120NJN,RS,NJN,501.0,,14,18,-4
200901120NJN,RS,NJN,530.0,,14,20,-6
200901120NJN,RS,NJN,543.0,,16,20,-4
200901120NJN,RS,NJN,563.0,,16,21,-5
200901120NJN,RS,NJN,563.0,,16,22,-6
200901120NJN,RS,NJN,600.0,,16,24,-8
200901120NJN,RS,NJN,649.0,,17,24,-7
200901120NJN,RS,NJN,649.0,,18,24,-6
200901120NJN,RS,NJN,667.9,,20,24,-4
200901120NJN,RS,NJN,697.2,,22,24,-2
200901120NJN,RS,NJN,716.2,,22,25,-3
200901120NJN,RS,NJN,719.7,T,25,25,0
200901120NJN,RS,NJN,731.0,,25,27,-2
200901120NJN,RS,NJN,775.0,T,27,27,0
200901120NJN,RS,NJN,819.0,,27,28,-1
200901120NJN,RS,NJN,819.0,,27,29,-2
200901120NJN,RS,NJN,828.0,T,29,29,0
200901120NJN,RS,NJN,871.0,LC,31,29,2
200901120NJN,RS,NJN,924.0,,33,29,4
200901120NJN,RS,NJN,924.0,,34,29,5
200901120NJN,RS,NJN,1010.0,,34,31,3
200901120NJN,RS,NJN,1044.0,,34,32,2
200901120NJN,RS,NJN,1044.0,,34,33,1
200901120NJN,RS,NJN,1082.0,,35,33,2
200901120NJN,RS,NJN,1082.0,,36,33,3
200901120NJN,RS,NJN,1116.0,,38,33,5
200901120NJN,RS,NJN,1131.0,,38,35,3
200901120NJN,RS,NJN,1140.0,,41,35,6
200901120NJN,RS,NJN,1187.0,,41,37,4
200901120NJN,RS,NJN,1220.0,,41,38,3
200901120NJN,RS,NJN,1220.0,,41,39,2
200901120NJN,RS,NJN,1289.0,,43,39,4
200901120NJN,RS,NJN,1360.0,,45,39,6
200901120NJN,RS,NJN,1390.2,,46,39,7
200901120NJN,RS,NJN,1390.2,,47,39,8
200901120NJN,RS,NJN,1401.7,,47,41,6
200901120NJN,RS,NJN,1413.3,,49,41,8
200901120NJN,RS,NJN,1433.3,,49,44,5
200901120NJN,RS,NJN,1439.7,,51,44,7
200901120NJN,RS,NJN,1465.0,,51,46,5
200901120NJN,RS,NJN,1494.0,,51,49,2
200901120NJN,RS,NJN,1534.0,T,51,51,0
200901120NJN,RS,NJN,1551.0,,53,51,2
200901120NJN,RS,NJN,1609.0,,55,51,4
200901120NJN,RS,NJN,1676.0,,57,51,6
200901120NJN,RS,NJN,1691.0,,57,52,5
200901120NJN,RS,NJN,1691.0,,57,53,4
200901120NJN,RS,NJN,1731.0,,57,55,2
200901120NJN,RS,NJN,1758.0,T,57,57,0
200901120NJN,RS,NJN,1786.0,LC,57,59,-2
200901120NJN,RS,NJN,1825.0,,57,61,-4
200901120NJN,RS,NJN,1842.0,,57,63,-6
200901120NJN,RS,NJN,1898.0,,57,65,-8
200901120NJN,RS,NJN,1953.0,,57,67,-10
200901120NJN,RS,NJN,1972.0,,59,67,-8
200901120NJN,RS,NJN,2006.0,,61,67,-6
200901120NJN,RS,NJN,2065.0,,63,67,-4
200901120NJN,RS,NJN,2109.4,,65,67,-2
200901120NJN,RS,NJN,2197.0,,65,69,-4
200901120NJN,RS,NJN,2218.0,,65,71,-6
200901120NJN,RS,NJN,2239.0,,66,71,-5
200901120NJN,RS,NJN,2261.0,,66,74,-8
200901120NJN,RS,NJN,2279.0,,67,74,-7
200901120NJN,RS,NJN,2334.0,,67,77,-10
200901120NJN,RS,NJN,2342.0,,68,77,-9
200901120NJN,RS,NJN,2342.0,,69,77,-8
200901120NJN,RS,NJN,2357.0,,69,79,-10
200901120NJN,RS,NJN,2376.0,,69,81,-12
200901120NJN,RS,NJN,2395.0,,71,81,-10
200901120NJN,RS,NJN,2426.0,,73,81,-8
200901120NJN,RS,NJN,2523.0,,73,83,-10
200901120NJN,RS,NJN,2543.0,,75,83,-8
200901120NJN,RS,NJN,2570.0,,76,83,-7
200901120NJN,RS,NJN,2570.0,,77,83,-6
200901120NJN,RS,NJN,2597.0,,79,83,-4
200901120NJN,RS,NJN,2612.0,,79,84,-5
200901120NJN,RS,NJN,2632.0,,79,86,-7
200901120NJN,RS,NJN,2654.0,,82,86,-4
200901120NJN,RS,NJN,2671.0,,82,88,-6
200901120NJN,RS,NJN,2680.0,,84,88,-4
200901120NJN,RS,NJN,2738.0,,85,88,-3
200901120NJN,RS,NJN,2738.0,,86,88,-2
200901120NJN,RS,NJN,2755.0,T,88,88,0
200901120NJN,RS,NJN,2899.0,,88,91,-3
200901120NJN,RS,NJN,2938.0,,88,93,-5
200901120NJN,RS,NJN,2972.0,,88,94,-6
200901120NJN,RS,NJN,2972.0,,88,95,-7
200901120NJN,RS,NJN,2991.0,,90,95,-5
200901120NJN,RS,NJN,3025.0,,92,95,-3
200901120NJN,RS,NJN,3041.0,,92,97,-5
200901120NJN,RS,NJN,3095.0,,94,97,-3
200901120NJN,RS,NJN,3095.0,,95,97,-2
200901120NJN,RS,NJN,3111.0,,95,99,-4
200901120NJN,RS,NJN,3166.4,,95,100,-5
200901120NJN,RS,NJN,3166.4,,95,101,-6
200901120NJN,RS,NJN,3167.8,,96,101,-5
200901120NJN,RS,NJN,3167.8,,97,101,-4
200901120NJN,RS,NJN,3169.4,,97,102,-5
200901120NJN,RS,NJN,3169.4,,97,103,-6
200901120NJN,RS,NJN,3179.4,,98,103,-5
200901120NJN,RS,NJN,3179.4,F,99,103,-4
200901120NJN,RS,NJN,3180.0,,99,103,-4
200901140OKC,RS,UTA,0.0,,0,0,0
200901140OKC,RS,UTA,16.0,,0,2,-2
200901140OKC,RS,UTA,78.0,T,2,2,0
200901140OKC,RS,UTA,104.0,LC,4,2,2
200901140OKC,RS,UTA,116.0,T,4,4,0
200901140OKC,RS,UTA,166.0,,6,4,2
200901140OKC,RS,UTA,189.0,,8,4,4
200901140OKC,RS,UTA,250.0,,9,4,5
200901140OKC,RS,UTA,250.0,,10,4,6
200901140OKC,RS,UTA,287.0,,12,4,8
200901140OKC,RS,UTA,307.0,,12,7,5
200901140OKC,RS,UTA,344.0,,12,9,3
200901140OKC,RS,UTA,384.0,,14,9,5
200901140OKC,RS,UTA,384.0,,15,9,6
200901140OKC,RS,UTA,409.0,,16,9,7
200901140OKC,RS,UTA,409.0,,17,9,8
200901140OKC,RS,UTA,424.0,,17,11,6
200901140OKC,RS,UTA,442.0,,19,11,8
200901140OKC,RS,UTA,463.0,,19,13,6
200901140OKC,RS,UTA,481.0,,21,13,8
200901140OKC,RS,UTA,539.0,,22,13,9
200901140OKC,RS,UTA,560.0,,23,13,10
200901140OKC,RS,UTA,568.0,,23,14,9
200901140OKC,RS,UTA,568.0,,23,15,8
200901140OKC,RS,UTA,631.0,,23,17,6
200901140OKC,RS,UTA,645.0,,25,17,8
200901140OKC,RS,UTA,681.0,,27,17,10
200901140OKC,RS,UTA,687.2,,27,18,9
200901140OKC,RS,UTA,687.2,,27,19,8
200901140OKC,RS,UTA,720.0,,27,22,5
200901140OKC,RS,UTA,816.0,,27,23,4
200901140OKC,RS,UTA,837.0,,27,26,1
200901140OKC,RS,UTA,859.0,,29,26,3
200901140OKC,RS,UTA,878.0,,29,27,2
200901140OKC,RS,UTA,928.0,,31,27,4
200901140OKC,RS,UTA,946.0,,31,29,2
200901140OKC,RS,UTA,962.0,,32,29,3
200901140OKC,RS,UTA,962.0,,33,29,4
200901140OKC,RS,UTA,992.0,,35,29,6
200901140OKC,RS,UTA,1028.0,,37,29,8
200901140OKC,RS,UTA,1048.0,,37,31,6
200901140OKC,RS,UTA,1080.0,,39,31,8
200901140OKC,RS,UTA,1120.0,,39,33,6
200901140OKC,RS,UTA,1120.0,,39,34,5
200901140OKC,RS,UTA,1136.0,,42,34,8
200901140OKC,RS,UTA,1152.0,,42,36,6
200901140OKC,RS,UTA,1173.0,,44,36,8
200901140OKC,RS,UTA,1188.0,,44,38,6
200901140OKC,RS,UTA,1206.0,,45,38,7
200901140OKC,RS,UTA,1206.0,,46,38,8
200901140OKC,RS,UTA,1215.0,,46,40,6
200901140OKC,RS,UTA,1263.0,,46,42,4
200901140OKC,RS,UTA,1274.0,,48,42,6
200901140OKC,RS,UTA,1285.0,,48,44,4
200901140OKC,RS,UTA,1368.0,,48,46,2
200901140OKC,RS,UTA,1388.9,T,48,48,0
200901140OKC,RS,UTA,1436.4,,49,48,1
200901140OKC,RS,UTA,1436.4,,50,48,2
200901140OKC,RS,UTA,1453.0,,52,48,4
200901140OKC,RS,UTA,1484.0,,54,48,6
200901140OKC,RS,UTA,1551.0,,54,50,4
200901140OKC,RS,UTA,1590.0,,54,52,2
200901140OKC,RS,UTA,1616.0,,56,52,4
200901140OKC,RS,UTA,1646.0,,58,52,6
200901140OKC,RS,UTA,1665.0,,58,54,4
200901140OKC,RS,UTA,1665.0,,58,55,3
200901140OKC,RS,UTA,1675.0,,59,55,4
200901140OKC,RS,UTA,1675.0,,60,55,5
200901140OKC,RS,UTA,1693.0,,62,55,7
200901140OKC,RS,UTA,1723.0,,65,55,10
200901140OKC,RS,UTA,1777.0,,68,55,13
200901140OKC,RS,UTA,1800.0,,69,55,14
200901140OKC,RS,UTA,1809.0,,69,56,13
200901140OKC,RS,UTA,1809.0,,69,57,12
200901140OKC,RS,UTA,1823.0,,70,57,13
200901140OKC,RS,UTA,1844.0,,72,57,15
200901140OKC,RS,UTA,1862.0,,72,59,13
200901140OKC,RS,UTA,1916.0,,73,59,14
200901140OKC,RS,UTA,1916.0,,74,59,15
200901140OKC,RS,UTA,1972.0,,76,59,17
200901140OKC,RS,UTA,1999.0,,76,61,15
200901140OKC,RS,UTA,2016.0,,77,61,16
200901140OKC,RS,UTA,2016.0,,78,61,17
200901140OKC,RS,UTA,2029.0,,78,63,15
200901140OKC,RS,UTA,2048.0,,79,63,16
200901140OKC,RS,UTA,2048.0,,80,63,17
200901140OKC,RS,UTA,2060.0,,80,65,15
200901140OKC,RS,UTA,2079.0,,82,65,17
200901140OKC,RS,UTA,2086.0,,82,67,15
200901140OKC,RS,UTA,2097.0,,83,67,16
200901140OKC,RS,UTA,2097.0,,84,67,17
200901140OKC,RS,UTA,2113.0,,84,69,15
200901140OKC,RS,UTA,2128.3,,84,71,13
200901140OKC,RS,UTA,2148.0,,85,71,14
200901140OKC,RS,UTA,2148.0,,86,71,15
200901140OKC,RS,UTA,2178.0,,86,73,13
200901140OKC,RS,UTA,2226.0,,86,74,12
200901140OKC,RS,UTA,2249.0,,88,74,14
200901140OKC,RS,UTA,2290.0,,90,74,16
200901140OKC,RS,UTA,2290.0,,91,74,17
200901140OKC,RS,UTA,2305.0,,91,75,16
200901140OKC,RS,UTA,2325.0,,93,75,18
200901140OKC,RS,UTA,2371.0,,95,75,20
200901140OKC,RS,UTA,2390.0,,95,78,17
200901140OKC,RS,UTA,2416.0,,97,78,19
200901140OKC,RS,UTA,2439.0,,99,78,21
200901140OKC,RS,UTA,2467.0,,99,80,19
200901140OKC,RS,UTA,2467.0,,99,81,18
200901140OKC,RS,UTA,2498.0,,101,81,20
200901140OKC,RS,UTA,2511.0,,101,82,19
200901140OKC,RS,UTA,2535.0,,101,84,17
200901140OKC,RS,UTA,2549.0,,103,84,19
200901140OKC,RS,UTA,2601.0,,103,86,17
200901140OKC,RS,UTA,2601.0,,103,87,16
200901140OKC,RS,UTA,2619.0,,105,87,18
200901140OKC,RS,UTA,2687.0,,105,88,17
200901140OKC,RS,UTA,2687.0,,105,89,16
200901140OKC,RS,UTA,2701.0,,105,90,15
200901140OKC,RS,UTA,2701.0,,105,91,14
200901140OKC,RS,UTA,2715.0,,106,91,15
200901140OKC,RS,UTA,2715.0,,107,91,16
200901140OKC,RS,UTA,2753.0,,108,91,17
200901140OKC,RS,UTA,2775.0,,110,91,19
200901140OKC,RS,UTA,2789.0,,110,93,17
200901140OKC,RS,UTA,2807.0,,112,93,19
200901140OKC,RS,UTA,2839.9,,113,93,20
200901140OKC,RS,UTA,2839.9,F,114,93,21
200901140OKC,RS,UTA,2880.0,,114,93,21
200901160OKC,RS,DET,0.0,,0,0,0
200901160OKC,RS,DET,31.0,,0,2,-2
200901160OKC,RS,DET,111.0,T,2,2,0
200901160OKC,RS,DET,129.0,LC,4,2,2
200901160OKC,RS,DET,231.0,,6,2,4
200901160OKC,RS,DET,231.0,,7,2,5
200901160OKC,RS,DET,245.0,,7,4,3
200901160OKC,RS,DET,267.0,,7,6,1
200901160OKC,RS,DET,300.0,,9,6,3
200901160OKC,RS,DET,315.0,,9,8,1
200901160OKC,RS,DET,357.0,,10,8,2
200901160OKC,RS,DET,370.0,T,10,10,0
200901160OKC,RS,DET,414.0,,12,10,2
200901160OKC,RS,DET,433.0,T,12,12,0
200901160OKC,RS,DET,450.0,,14,12,2
200901160OKC,RS,DET,469.0,T,14,14,0
200901160OKC,RS,DET,493.0,,16,14,2
200901160OKC,RS,DET,576.0,,17,14,3
200901160OKC,RS,DET,608.0,,17,16,1
200901160OKC,RS,DET,639.0,LC,17,18,-1
200901160OKC,RS,DET,656.0,LC,19,18,1
200901160OKC,RS,DET,705.5,,21,18,3
200901160OKC,RS,DET,735.0,,21,20,1
200901160OKC,RS,DET,769.0,,23,20,3
200901160OKC,RS,DET,801.0,,24,20,4
200901160OKC,RS,DET,801.0,,25,20,5
200901160OKC,RS,DET,812.0,,25,22,3
200901160OKC,RS,DET,841.0,,27,22,5
200901160OKC,RS,DET,866.0,,27,24,3
200901160OKC,RS,DET,884.0,,29,24,5
200901160OKC,RS,DET,914.0,,29,26,3
200901160OKC,RS,DET,951.0,,29,28,1
200901160OKC,RS,DET,986.0,LC,29,30,-1
200901160OKC,RS,DET,996.0,T,30,30,0
200901160OKC,RS,DET,1024.0,LC,33,30,3
200901160OKC,RS,DET,1043.0,,33,32,1
200901160OKC,RS,DET,1062.0,,35,32,3
200901160OKC,RS,DET,1116.0,,35,34,1
200901160OKC,RS,DET,1139.0,,36,34,2
200901160OKC,RS,DET,1154.0,T,36,36,0
200901160OKC,RS,DET,1171.0,,38,36,2
200901160OKC,RS,DET,1171.0,,39,36,3
200901160OKC,RS,DET,1185.0,,39,38,1
200901160OKC,RS,DET,1216.0,LC,39,40,-1
200901160OKC,RS,DET,1232.0,LC,41,40,1
200901160OKC,RS,DET,1232.0,,42,40,2
200901160OKC,RS,DET,1258.0,T,42,42,0
200901160OKC,RS,DET,1339.0,,44,42,2
200901160OKC,RS,DET,1363.0,,44,43,1
200901160OKC,RS,DET,1363.0,T,44,44,0
200901160OKC,RS,DET,1378.0,,47,44,3
200901160OKC,RS,DET,1398.5,,47,46,1
200901160OKC,RS,DET,1417.0,,49,46,3
200901160OKC,RS,DET,1460.0,,49,48,1
200901160OKC,RS,DET,1495.0,LC,49,50,-1
200901160OKC,RS,DET,1516.0,LC,52,50,2
200901160OKC,RS,DET,1577.0,T,52,52,0
200901160OKC,RS,DET,1602.0,LC,52,54,-2
200901160OKC,RS,DET,1645.0,,52,56,-4
200901160OKC,RS,DET,1662.0,,54,56,-2
200901160OKC,RS,DET,1689.0,T,56,56,0
200901160OKC,RS,DET,1720.0,LC,58,56,2
200901160OKC,RS,DET,1749.0,,60,56,4
200901160OKC,RS,DET,1771.0,,60,58,2
200901160OKC,RS,DET,1924.0,,62,58,4
200901160OKC,RS,DET,1985.0,,62,60,2
200901160OKC,RS,DET,2011.0,,65,60,5
200901160OKC,RS,DET,2031.0,,65,61,4
200901160OKC,RS,DET,2052.0,,67,61,6
200901160OKC,RS,DET,2074.0,,67,64,3
200901160OKC,RS,DET,2092.0,,69,64,5
200901160OKC,RS,DET,2117.4,,69,67,2
200901160OKC,RS,DET,2144.3,,71,67,4
200901160OKC,RS,DET,2199.0,,72,67,5
200901160OKC,RS,DET,2233.0,,73,67,6
200901160OKC,RS,DET,2233.0,,74,67,7
200901160OKC,RS,DET,2255.0,,76,67,9
200901160OKC,RS,DET,2286.0,,78,67,11
200901160OKC,RS,DET,2386.0,,80,67,13
200901160OKC,RS,DET,2418.0,,81,67,14
200901160OKC,RS,DET,2418.0,,82,67,15
200901160OKC,RS,DET,2487.0,,84,67,17
200901160OKC,RS,DET,2506.0,,84,69,15
200901160OKC,RS,DET,2551.0,,84,71,13
200901160OKC,RS,DET,2599.0,,84,73,11
200901160OKC,RS,DET,2628.0,,86,73,13
200901160OKC,RS,DET,2682.0,,88,73,15
200901160OKC,RS,DET,2762.0,,88,75,13
200901160OKC,RS,DET,2767.0,,89,75,14
200901160OKC,RS,DET,2810.0,,89,77,12
200901160OKC,RS,DET,2859.6,F,89,79,10
200901160OKC,RS,DET,2880.0,,89,79,10
200901180OKC,RS,MIA,0.0,,0,0,0
200901180OKC,RS,MIA,49.0,,2,0,2
200901180OKC,RS,MIA,99.0,T,2,2,0
200901180OKC,RS,MIA,131.0,,4,2,2
200901180OKC,RS,MIA,155.0,T,4,4,0
200901180OKC,RS,MIA,161.0,,5,4,1
200901180OKC,RS,MIA,161.0,,6,4,2
200901180OKC,RS,MIA,171.0,LC,6,7,-1
200901180OKC,RS,MIA,186.0,T,7,7,0
200901180OKC,RS,MIA,197.0,,7,9,-2
200901180OKC,RS,MIA,211.0,T,9,9,0
200901180OKC,RS,MIA,227.0,,9,11,-2
200901180OKC,RS,MIA,239.0,T,11,11,0
200901180OKC,RS,MIA,259.0,LC,13,11,2
200901180OKC,RS,MIA,317.0,T,13,13,0
200901180OKC,RS,MIA,343.0,LC,13,15,-2
200901180OKC,RS,MIA,378.0,T,15,15,0
200901180OKC,RS,MIA,406.0,LC,17,15,2
200901180OKC,RS,MIA,430.0,LC,17,18,-1
200901180OKC,RS,MIA,448.0,LC,19,18,1
200901180OKC,RS,MIA,465.0,T,19,19,0
200901180OKC,RS,MIA,465.0,LC,19,20,-1
200901180OKC,RS,MIA,485.0,,19,22,-3
200901180OKC,RS,MIA,509.0,,19,24,-5
200901180OKC,RS,MIA,572.0,,19,26,-7
200901180OKC,RS,MIA,588.0,,20,26,-6
200901180OKC,RS,MIA,588.0,,21,26,-5
200901180OKC,RS,MIA,600.0,,21,28,-7
200901180OKC,RS,MIA,636.0,,23,28,-5
200901180OKC,RS,MIA,660.4,,25,28,-3
200901180OKC,RS,MIA,673.8,,25,30,-5
200901180OKC,RS,MIA,687.6,,27,30,-3
200901180OKC,RS,MIA,712.3,,27,31,-4
200901180OKC,RS,MIA,767.0,,27,33,-6
200901180OKC,RS,MIA,817.0,,29,33,-4
200901180OKC,RS,MIA,850.0,,31,33,-2
200901180OKC,RS,MIA,865.0,,31,35,-4
200901180OKC,RS,MIA,912.0,,33,35,-2
200901180OKC,RS,MIA,931.0,,33,37,-4
200901180OKC,RS,MIA,931.0,,33,38,-5
200901180OKC,RS,MIA,947.0,,36,38,-2
200901180OKC,RS,MIA,983.0,,36,41,-5
200901180OKC,RS,MIA,1087.0,,38,41,-3
200901180OKC,RS,MIA,1108.0,,38,43,-5
200901180OKC,RS,MIA,1144.0,,38,45,-7
200901180OKC,RS,MIA,1209.0,,38,47,-9
200901180OKC,RS,MIA,1243.0,,40,47,-7
200901180OKC,RS,MIA,1271.0,,42,47,-5
200901180OKC,RS,MIA,1297.0,,42,49,-7
200901180OKC,RS,MIA,1315.0,,45,49,-4
200901180OKC,RS,MIA,1352.0,,45,51,-6
200901180OKC,RS,MIA,1379.0,,47,51,-4
200901180OKC,RS,MIA,1379.0,,48,51,-3
200901180OKC,RS,MIA,1394.7,,48,54,-6
200901180OKC,RS,MIA,1402.3,,49,54,-5
200901180OKC,RS,MIA,1402.3,,50,54,-4
200901180OKC,RS,MIA,1425.3,,50,57,-7
200901180OKC,RS,MIA,1482.0,,50,59,-9
200901180OKC,RS,MIA,1500.0,,51,59,-8
200901180OKC,RS,MIA,1548.0,,51,60,-9
200901180OKC,RS,MIA,1548.0,,51,62,-11
200901180OKC,RS,MIA,1565.0,,53,62,-9
200901180OKC,RS,MIA,1589.0,,54,62,-8
200901180OKC,RS,MIA,1610.0,,54,65,-11
200901180OKC,RS,MIA,1625.0,,56,65,-9
200901180OKC,RS,MIA,1704.0,,58,65,-7
200901180OKC,RS,MIA,1732.0,,58,68,-10
200901180OKC,RS,MIA,1775.0,,59,68,-9
200901180OKC,RS,MIA,1787.0,,59,71,-12
200901180OKC,RS,MIA,1802.0,,61,71,-10
200901180OKC,RS,MIA,1847.0,,61,73,-12
200901180OKC,RS,MIA,1894.0,,61,75,-14
200901180OKC,RS,MIA,1907.0,,62,75,-13
200901180OKC,RS,MIA,1907.0,,63,75,-12
200901180OKC,RS,MIA,1916.0,,64,75,-11
200901180OKC,RS,MIA,1916.0,,65,75,-10
200901180OKC,RS,MIA,1927.0,,65,76,-11
200901180OKC,RS,MIA,1927.0,,65,77,-12
200901180OKC,RS,MIA,1973.0,,65,79,-14
200901180OKC,RS,MIA,1991.0,,66,79,-13
200901180OKC,RS,MIA,1991.0,,67,79,-12
200901180OKC,RS,MIA,2083.0,,67,81,-14
200901180OKC,RS,MIA,2100.0,,68,81,-13
200901180OKC,RS,MIA,2100.0,,69,81,-12
200901180OKC,RS,MIA,2110.9,,69,83,-14
200901180OKC,RS,MIA,2126.1,,71,83,-12
200901180OKC,RS,MIA,2137.4,,71,84,-13
200901180OKC,RS,MIA,2159.3,,72,84,-12
200901180OKC,RS,MIA,2159.3,,73,84,-11
200901180OKC,RS,MIA,2198.0,,73,85,-12
200901180OKC,RS,MIA,2198.0,,73,86,-13
200901180OKC,RS,MIA,2210.0,,75,86,-11
200901180OKC,RS,MIA,2252.0,,78,86,-8
200901180OKC,RS,MIA,2295.0,,81,86,-5
200901180OKC,RS,MIA,2310.0,,81,88,-7
200901180OKC,RS,MIA,2358.0,,81,90,-9
200901180OKC,RS,MIA,2378.0,,83,90,-7
200901180OKC,RS,MIA,2435.0,,85,90,-5
200901180OKC,RS,MIA,2463.0,,85,93,-8
200901180OKC,RS,MIA,2538.0,,85,95,-10
200901180OKC,RS,MIA,2551.0,,87,95,-8
200901180OKC,RS,MIA,2607.0,,87,98,-11
200901180OKC,RS,MIA,2648.0,,87,101,-14
200901180OKC,RS,MIA,2733.0,,88,101,-13
200901180OKC,RS,MIA,2748.0,,88,103,-15
200901180OKC,RS,MIA,2793.0,,90,103,-13
200901180OKC,RS,MIA,2815.0,,90,104,-14
200901180OKC,RS,MIA,2820.8,,92,104,-12
200901180OKC,RS,MIA,2849.2,F,94,104,-10
200901180OKC,RS,MIA,2880.0,,94,104,-10
200901210GSW,RS,GSW,0.0,,0,0,0
200901210GSW,RS,GSW,20.0,,2,0,2
200901210GSW,RS,GSW,36.0,T,2,2,0
200901210GSW,RS,GSW,112.0,,5,2,3
200901210GSW,RS,GSW,139.0,,7,2,5
200901210GSW,RS,GSW,139.0,,8,2,6
200901210GSW,RS,GSW,161.0,,10,2,8
200901210GSW,RS,GSW,172.0,,10,4,6
200901210GSW,RS,GSW,194.0,,12,4,8
200901210GSW,RS,GSW,204.0,,12,6,6
200901210GSW,RS,GSW,231.0,,13,6,7
200901210GSW,RS,GSW,231.0,,14,6,8
200901210GSW,RS,GSW,252.0,,14,8,6
200901210GSW,RS,GSW,283.0,,16,8,8
200901210GSW,RS,GSW,291.0,,16,10,6
200901210GSW,RS,GSW,291.0,,16,11,5
200901210GSW,RS,GSW,302.0,,18,11,7
200901210GSW,RS,GSW,318.0,,18,13,5
200901210GSW,RS,GSW,362.0,,18,15,3
200901210GSW,RS,GSW,362.0,,18,16,2
200901210GSW,RS,GSW,389.0,LC,18,19,-1
200901210GSW,RS,GSW,404.0,LC,20,19,1
200901210GSW,RS,GSW,418.0,LC,20,22,-2
200901210GSW,RS,GSW,427.0,LC,23,22,1
200901210GSW,RS,GSW,453.0,,25,22,3
200901210GSW,RS,GSW,464.0,,25,23,2
200901210GSW,RS,GSW,464.0,,25,24,1
200901210GSW,RS,GSW,491.0,LC,25,26,-1
200901210GSW,RS,GSW,508.0,LC,27,26,1
200901210GSW,RS,GSW,529.0,,29,26,3
200901210GSW,RS,GSW,542.0,,29,27,2
200901210GSW,RS,GSW,542.0,,29,28,1
200901210GSW,RS,GSW,590.0,LC,29,30,-1
200901210GSW,RS,GSW,612.0,LC,31,30,1
200901210GSW,RS,GSW,620.0,LC,31,32,-1
200901210GSW,RS,GSW,640.0,LC,33,32,1
200901210GSW,RS,GSW,667.9,,34,32,2
200901210GSW,RS,GSW,667.9,,35,32,3
200901210GSW,RS,GSW,683.1,,35,33,2
200901210GSW,RS,GSW,683.1,,35,34,1
200901210GSW,RS,GSW,704.6,,37,34,3
200901210GSW,RS,GSW,729.0,,37,35,2
200901210GSW,RS,GSW,729.0,,37,36,1
200901210GSW,RS,GSW,763.0,,39,36,3
200901210GSW,RS,GSW,763.0,,40,36,4
200901210GSW,RS,GSW,795.0,,43,36,7
200901210GSW,RS,GSW,811.0,,43,38,5
200901210GSW,RS,GSW,818.0,,45,38,7
200901210GSW,RS,GSW,829.0,,45,39,6
200901210GSW,RS,GSW,829.0,,45,40,5
200901210GSW,RS,GSW,869.0,,45,42,3
200901210GSW,RS,GSW,895.0,,45,44,1
200901210GSW,RS,GSW,909.0,,47,44,3
200901210GSW,RS,GSW,929.0,,47,46,1
200901210GSW,RS,GSW,929.0,T,47,47,0
200901210GSW,RS,GSW,939.0,,49,47,2
200901210GSW,RS,GSW,950.0,T,49,49,0
200901210GSW,RS,GSW,1000.0,,51,49,2
200901210GSW,RS,GSW,1000.0,,52,49,3
200901210GSW,RS,GSW,1012.0,T,52,52,0
200901210GSW,RS,GSW,1045.0,LC,52,54,-2
200901210GSW,RS,GSW,1066.0,,53,54,-1
200901210GSW,RS,GSW,1066.0,T,54,54,0
200901210GSW,RS,GSW,1079.0,,54,56,-2
200901210GSW,RS,GSW,1126.0,T,56,56,0
200901210GSW,RS,GSW,1148.0,,56,58,-2
200901210GSW,RS,GSW,1163.0,LC,59,58,1
200901210GSW,RS,GSW,1173.0,T,59,59,0
200901210GSW,RS,GSW,1173.0,LC,59,60,-1
200901210GSW,RS,GSW,1214.0,,59,62,-3
200901210GSW,RS,GSW,1233.0,,60,62,-2
200901210GSW,RS,GSW,1233.0,,61,62,-1
200901210GSW,RS,GSW,1267.0,LC,64,62,2
200901210GSW,RS,GSW,1287.0,T,64,64,0
200901210GSW,RS,GSW,1302.0,,65,64,1
200901210GSW,RS,GSW,1302.0,,66,64,2
200901210GSW,RS,GSW,1350.0,T,66,66,0
200901210GSW,RS,GSW,1366.0,,67,66,1
200901210GSW,RS,GSW,1366.0,,68,66,2
200901210GSW,RS,GSW,1412.1,,70,66,4
200901210GSW,RS,GSW,1435.3,,70,68,2
200901210GSW,RS,GSW,1439.7,,72,68,4
200901210GSW,RS,GSW,1484.0,,72,69,3
200901210GSW,RS,GSW,1484.0,,72,70,2
200901210GSW,RS,GSW,1498.0,,75,70,5
200901210GSW,RS,GSW,1522.0,,78,70,8
200901210GSW,RS,GSW,1531.0,,78,71,7
200901210GSW,RS,GSW,1531.0,,78,72,6
200901210GSW,RS,GSW,1589.0,,78,73,5
200901210GSW,RS,GSW,1589.0,,78,74,4
200901210GSW,RS,GSW,1589.0,,78,75,3
200901210GSW,RS,GSW,1603.0,,80,75,5
200901210GSW,RS,GSW,1666.0,,80,77,3
200901210GSW,RS,GSW,1688.0,,82,77,5
200901210GSW,RS,GSW,1736.0,,82,78,4
200901210GSW,RS,GSW,1736.0,,82,79,3
200901210GSW,RS,GSW,1783.0,,82,80,2
200901210GSW,RS,GSW,1875.0,,84,80,4
200901210GSW,RS,GSW,1893.0,,84,81,3
200901210GSW,RS,GSW,1893.0,,84,82,2
200901210GSW,RS,GSW,1917.0,T,84,84,0
200901210GSW,RS,GSW,1939.0,LC,84,86,-2
200901210GSW,RS,GSW,1964.0,,84,88,-4
200901210GSW,RS,GSW,2018.0,,85,88,-3
200901210GSW,RS,GSW,2018.0,,86,88,-2
200901210GSW,RS,GSW,2034.0,,87,88,-1
200901210GSW,RS,GSW,2034.0,T,88,88,0
200901210GSW,RS,GSW,2042.0,,88,89,-1
200901210GSW,RS,GSW,2042.0,,88,90,-2
200901210GSW,RS,GSW,2065.0,,89,90,-1
200901210GSW,RS,GSW,2118.2,,89,91,-2
200901210GSW,RS,GSW,2118.2,,89,92,-3
200901210GSW,RS,GSW,2153.2,,89,95,-6
200901210GSW,RS,GSW,2181.0,,92,95,-3
200901210GSW,RS,GSW,2225.0,,94,95,-1
200901210GSW,RS,GSW,2274.0,LC,96,95,1
200901210GSW,RS,GSW,2295.0,LC,96,97,-1
200901210GSW,RS,GSW,2315.0,T,97,97,0
200901210GSW,RS,GSW,2332.0,,97,99,-2
200901210GSW,RS,GSW,2355.0,,97,102,-5
200901210GSW,RS,GSW,2382.0,,99,102,-3
200901210GSW,RS,GSW,2398.0,,99,104,-5
200901210GSW,RS,GSW,2398.0,,99,105,-6
200901210GSW,RS,GSW,2417.0,,101,105,-4
200901210GSW,RS,GSW,2462.0,,102,105,-3
200901210GSW,RS,GSW,2462.0,,103,105,-2
200901210GSW,RS,GSW,2482.0,,103,107,-4
200901210GSW,RS,GSW,2502.0,,105,107,-2
200901210GSW,RS,GSW,2502.0,,106,107,-1
200901210GSW,RS,GSW,2516.0,,106,108,-2
200901210GSW,RS,GSW,2516.0,,106,109,-3
200901210GSW,RS,GSW,2533.0,,108,109,-1
200901210GSW,RS,GSW,2575.0,T,109,109,0
200901210GSW,RS,GSW,2575.0,LC,110,109,1
200901210GSW,RS,GSW,2606.0,,112,109,3
200901210GSW,RS,GSW,2606.0,,113,109,4
200901210GSW,RS,GSW,2674.0,,113,111,2
200901210GSW,RS,GSW,2699.0,,114,111,3
200901210GSW,RS,GSW,2716.0,,116,111,5
200901210GSW,RS,GSW,2730.0,,116,113,3
200901210GSW,RS,GSW,2760.0,,116,115,1
200901210GSW,RS,GSW,2760.0,T,116,116,0
200901210GSW,RS,GSW,2783.0,,117,116,1
200901210GSW,RS,GSW,2783.0,,118,116,2
200901210GSW,RS,GSW,2793.0,,118,117,1
200901210GSW,RS,GSW,2808.0,T,118,118,0
200901210GSW,RS,GSW,2808.0,LC,118,119,-1
200901210GSW,RS,GSW,2838.4,LC,120,119,1
200901210GSW,RS,GSW,2878.4,LC,120,121,-1
200901210GSW,RS,GSW,2879.3,F,122,121,1
200901210GSW,RS,GSW,2880.0,,122,121,1
200901230LAC,RS,LAC,0.0,,0,0,0
200901230LAC,RS,LAC,63.0,,0,1,-1
200901230LAC,RS,LAC,63.0,,0,2,-2
200901230LAC,RS,LAC,81.0,T,2,2,0
200901230LAC,RS,LAC,113.0,LC,4,2,2
200901230LAC,RS,LAC,131.0,,4,3,1
200901230LAC,RS,LAC,131.0,T,4,4,0
200901230LAC,RS,LAC,151.0,LC,4,6,-2
200901230LAC,RS,LAC,167.0,,5,6,-1
200901230LAC,RS,LAC,167.0,T,6,6,0
200901230LAC,RS,LAC,184.0,,6,8,-2
200901230LAC,RS,LAC,216.0,,6,10,-4
200901230LAC,RS,LAC,247.0,,8,10,-2
200901230LAC,RS,LAC,270.0,,8,12,-4
200901230LAC,RS,LAC,281.0,,9,12,-3
200901230LAC,RS,LAC,281.0,,10,12,-2
200901230LAC,RS,LAC,302.0,,10,14,-4
200901230LAC,RS,LAC,341.0,,12,14,-2
200901230LAC,RS,LAC,366.0,,12,17,-5
200901230LAC,RS,LAC,413.0,,12,18,-6
200901230LAC,RS,LAC,424.0,,14,18,-4
200901230LAC,RS,LAC,457.0,,17,18,-1
200901230LAC,RS,LAC,475.0,,17,20,-3
200901230LAC,RS,LAC,511.0,,17,22,-5
200901230LAC,RS,LAC,543.0,,17,24,-7
200901230LAC,RS,LAC,562.0,,20,24,-4
200901230LAC,RS,LAC,594.0,,21,24,-3
200901230LAC,RS,LAC,594.0,,22,24,-2
200901230LAC,RS,LAC,630.0,T,24,24,0
200901230LAC,RS,LAC,630.0,LC,25,24,1
200901230LAC,RS,LAC,650.0,,26,24,2
200901230LAC,RS,LAC,650.0,,27,24,3
200901230LAC,RS,LAC,674.0,,27,25,2
200901230LAC,RS,LAC,688.2,,29,25,4
200901230LAC,RS,LAC,733.0,,29,28,1
200901230LAC,RS,LAC,755.0,,32,28,4
200901230LAC,RS,LAC,782.0,,32,31,1
200901230LAC,RS,LAC,799.0,,33,31,2
200901230LAC,RS,LAC,871.0,,34,31,3
200901230LAC,RS,LAC,891.0,,34,33,1
200901230LAC,RS,LAC,913.0,,36,33,3
200901230LAC,RS,LAC,932.0,,36,35,1
200901230LAC,RS,LAC,955.0,,38,35,3
200901230LAC,RS,LAC,970.0,,40,35,5
200901230LAC,RS,LAC,1068.0,,42,35,7
200901230LAC,RS,LAC,1094.0,,42,37,5
200901230LAC,RS,LAC,1112.0,,42,38,4
200901230LAC,RS,LAC,1112.0,,42,39,3
200901230LAC,RS,LAC,1148.0,,42,41,1
200901230LAC,RS,LAC,1166.0,,43,41,2
200901230LAC,RS,LAC,1166.0,,44,41,3
200901230LAC,RS,LAC,1216.0,,44,42,2
200901230LAC,RS,LAC,1216.0,,44,43,1
200901230LAC,RS,LAC,1232.0,,46,43,3
200901230LAC,RS,LAC,1264.0,,48,43,5
200901230LAC,RS,LAC,1287.0,,48,46,2
200901230LAC,RS,LAC,1303.0,,49,46,3
200901230LAC,RS,LAC,1348.0,,51,46,5
200901230LAC,RS,LAC,1374.0,,53,46,7
200901230LAC,RS,LAC,1390.7,,53,47,6
200901230LAC,RS,LAC,1390.7,,53,48,5
200901230LAC,RS,LAC,1422.5,,53,50,3
200901230LAC,RS,LAC,1513.0,,55,50,5
200901230LAC,RS,LAC,1526.0,,55,53,2
200901230LAC,RS,LAC,1553.0,,57,53,4
200901230LAC,RS,LAC,1574.0,,57,56,1
200901230LAC,RS,LAC,1593.0,,59,56,3
200901230LAC,RS,LAC,1644.0,,59,57,2
200901230LAC,RS,LAC,1684.0,LC,59,60,-1
200901230LAC,RS,LAC,1723.0,,59,62,-3
200901230LAC,RS,LAC,1741.0,,61,62,-1
200901230LAC,RS,LAC,1741.0,T,62,62,0
200901230LAC,RS,LAC,1785.0,,62,64,-2
200901230LAC,RS,LAC,1815.0,,63,64,-1
200901230LAC,RS,LAC,1815.0,T,64,64,0
200901230LAC,RS,LAC,1830.0,,64,66,-2
200901230LAC,RS,LAC,1849.0,LC,67,66,1
200901230LAC,RS,LAC,1865.0,LC,67,68,-1
200901230LAC,RS,LAC,1898.0,,67,71,-4
200901230LAC,RS,LAC,1949.0,,68,71,-3
200901230LAC,RS,LAC,2000.0,,68,73,-5
200901230LAC,RS,LAC,2014.0,,70,73,-3
200901230LAC,RS,LAC,2061.0,,70,75,-5
200901230LAC,RS,LAC,2123.8,,71,75,-4
200901230LAC,RS,LAC,2123.8,,72,75,-3
200901230LAC,RS,LAC,2139.0,,72,77,-5
200901230LAC,RS,LAC,2179.0,,73,77,-4
200901230LAC,RS,LAC,2179.0,,74,77,-3
200901230LAC,RS,LAC,2202.0,,74,80,-6
200901230LAC,RS,LAC,2227.0,,77,80,-3
200901230LAC,RS,LAC,2254.0,,77,82,-5
200901230LAC,RS,LAC,2284.0,,78,82,-4
200901230LAC,RS,LAC,2284.0,,79,82,-3
200901230LAC,RS,LAC,2330.0,,81,82,-1
200901230LAC,RS,LAC,2423.0,,81,83,-2
200901230LAC,RS,LAC,2423.0,,81,84,-3
200901230LAC,RS,LAC,2446.0,,81,86,-5
200901230LAC,RS,LAC,2462.0,,84,86,-2
200901230LAC,RS,LAC,2477.0,,84,87,-3
200901230LAC,RS,LAC,2533.0,,84,89,-5
200901230LAC,RS,LAC,2568.0,,84,90,-6
200901230LAC,RS,LAC,2568.0,,84,91,-7
200901230LAC,RS,LAC,2584.0,,86,91,-5
200901230LAC,RS,LAC,2609.0,,86,93,-7
200901230LAC,RS,LAC,2626.0,,87,93,-6
200901230LAC,RS,LAC,2626.0,,88,93,-5
200901230LAC,RS,LAC,2638.0,,88,96,-8
200901230LAC,RS,LAC,2653.0,,90,96,-6
200901230LAC,RS,LAC,2680.0,,91,96,-5
200901230LAC,RS,LAC,2680.0,,92,96,-4
200901230LAC,RS,LAC,2699.0,,92,98,-6
200901230LAC,RS,LAC,2734.0,,92,99,-7
200901230LAC,RS,LAC,2734.0,,92,100,-8
200901230LAC,RS,LAC,2741.0,,93,100,-7
200901230LAC,RS,LAC,2741.0,,94,100,-6
200901230LAC,RS,LAC,2757.0,,94,102,-8
200901230LAC,RS,LAC,2763.0,,96,102,-6
200901230LAC,RS,LAC,2763.0,,97,102,-5
200901230LAC,RS,LAC,2780.0,,98,102,-4
200901230LAC,RS,LAC,2780.0,,99,102,-3
200901230LAC,RS,LAC,2802.0,,99,105,-6
200901230LAC,RS,LAC,2811.0,,102,105,-3
200901230LAC,RS,LAC,2831.4,,102,107,-5
200901230LAC,RS,LAC,2845.7,F,104,107,-3
200901230LAC,RS,LAC,2880.0,,104,107,-3
200901260OKC,RS,NJN,0.0,,0,0,0
200901260OKC,RS,NJN,25.0,,0,2,-2
200901260OKC,RS,NJN,110.0,,0,4,-4
200901260OKC,RS,NJN,130.0,,1,4,-3
200901260OKC,RS,NJN,130.0,,2,4,-2
200901260OKC,RS,NJN,163.0,,3,4,-1
200901260OKC,RS,NJN,200.0,LC,6,4,2
200901260OKC,RS,NJN,225.0,,9,4,5
200901260OKC,RS,NJN,275.0,,9,7,2
200901260OKC,RS,NJN,291.0,,11,7,4
200901260OKC,RS,NJN,307.0,,11,9,2
200901260OKC,RS,NJN,329.0,,13,9,4
200901260OKC,RS,NJN,346.0,,15,9,6
200901260OKC,RS,NJN,362.0,,15,12,3
200901260OKC,RS,NJN,409.0,T,15,15,0
200901260OKC,RS,NJN,496.0,,17,15,2
200901260OKC,RS,NJN,541.0,T,17,17,0
200901260OKC,RS,NJN,568.0,,19,17,2
200901260OKC,RS,NJN,583.0,T,19,19,0
200901260OKC,RS,NJN,630.0,,21,19,2
200901260OKC,RS,NJN,630.0,,22,19,3
200901260OKC,RS,NJN,653.0,,22,21,1
200901260OKC,RS,NJN,674.4,,23,21,2
200901260OKC,RS,NJN,674.4,,24,21,3
200901260OKC,RS,NJN,715.8,,24,23,1
200901260OKC,RS,NJN,744.0,,26,23,3
200901260OKC,RS,NJN,779.0,,26,25,1
200901260OKC,RS,NJN,824.0,,28,25,3
200901260OKC,RS,NJN,843.0,,30,25,5
200901260OKC,RS,NJN,867.0,,30,27,3
200901260OKC,RS,NJN,890.0,,30,29,1
200901260OKC,RS,NJN,919.0,,32,29,3
200901260OKC,RS,NJN,934.0,,32,31,1
200901260OKC,RS,NJN,960.0,,33,31,2
200901260OKC,RS,NJN,960.0,,34,31,3
200901260OKC,RS,NJN,995.0,,35,31,4
200901260OKC,RS,NJN,995.0,,36,31,5
200901260OKC,RS,NJN,1013.0,,38,31,7
200901260OKC,RS,NJN,1063.0,,38,33,5
200901260OKC,RS,NJN,1086.0,,40,33,7
200901260OKC,RS,NJN,1108.0,,42,33,9
200901260OKC,RS,NJN,1133.0,,42,35,7
200901260OKC,RS,NJN,1164.0,,42,36,6
200901260OKC,RS,NJN,1164.0,,42,37,5
200901260OKC,RS,NJN,1213.0,,42,38,4
200901260OKC,RS,NJN,1237.0,,43,38,5
200901260OKC,RS,NJN,1237.0,,44,38,6
200901260OKC,RS,NJN,1273.0,,46,38,8
200901260OKC,RS,NJN,1273.0,,47,38,9
200901260OKC,RS,NJN,1336.0,,47,40,7
200901260OKC,RS,NJN,1391.7,,48,40,8
200901260OKC,RS,NJN,1391.7,,49,40,9
200901260OKC,RS,NJN,1429.2,,50,40,10
200901260OKC,RS,NJN,1429.2,,51,40,11
200901260OKC,RS,NJN,1458.0,,53,40,13
200901260OKC,RS,NJN,1496.0,,55,40,15
200901260OKC,RS,NJN,1521.0,,57,40,17
200901260OKC,RS,NJN,1543.0,,59,40,19
200901260OKC,RS,NJN,1560.0,,59,41,18
200901260OKC,RS,NJN,1560.0,,59,42,17
200901260OKC,RS,NJN,1568.0,,61,42,19
200901260OKC,RS,NJN,1614.0,,62,42,20
200901260OKC,RS,NJN,1614.0,,63,42,21
200901260OKC,RS,NJN,1642.0,,65,42,23
200901260OKC,RS,NJN,1659.0,,65,44,21
200901260OKC,RS,NJN,1677.0,,68,44,24
200901260OKC,RS,NJN,1701.0,,68,45,23
200901260OKC,RS,NJN,1701.0,,68,46,22
200901260OKC,RS,NJN,1720.0,,70,46,24
200901260OKC,RS,NJN,1736.0,,70,47,23
200901260OKC,RS,NJN,1792.0,,72,47,25
200901260OKC,RS,NJN,1814.0,,73,47,26
200901260OKC,RS,NJN,1814.0,,74,47,27
200901260OKC,RS,NJN,1863.0,,74,48,26
200901260OKC,RS,NJN,1921.0,,74,50,24
200901260OKC,RS,NJN,1992.0,,75,50,25
200901260OKC,RS,NJN,2040.0,,77,50,27
200901260OKC,RS,NJN,2058.0,,77,52,25
200901260OKC,RS,NJN,2079.0,,80,52,28
200901260OKC,RS,NJN,2142.5,,80,54,26
200901260OKC,RS,NJN,2160.0,,82,54,28
200901260OKC,RS,NJN,2208.0,,82,56,26
200901260OKC,RS,NJN,2310.0,,84,56,28
200901260OKC,RS,NJN,2366.0,,86,56,30
200901260OKC,RS,NJN,2382.0,,86,58,28
200901260OKC,RS,NJN,2403.0,,87,58,29
200901260OKC,RS,NJN,2403.0,,88,58,30
200901260OKC,RS,NJN,2428.0,,88,60,28
200901260OKC,RS,NJN,2459.0,,88,61,27
200901260OKC,RS,NJN,2459.0,,88,62,26
200901260OKC,RS,NJN,2486.0,,88,64,24
200901260OKC,RS,NJN,2499.0,,88,66,22
200901260OKC,RS,NJN,2567.0,,88,68,20
200901260OKC,RS,NJN,2603.0,,88,70,18
200901260OKC,RS,NJN,2686.0,,88,72,16
200901260OKC,RS,NJN,2718.0,,88,74,14
200901260OKC,RS,NJN,2765.0,,88,76,12
200901260OKC,RS,NJN,2797.0,,88,78,10
200901260OKC,RS,NJN,2798.0,,89,78,11
200901260OKC,RS,NJN,2805.0,,89,79,10
200901260OKC,RS,NJN,2805.0,,89,80,9
200901260OKC,RS,NJN,2817.0,,89,82,7
200901260OKC,RS,NJN,2834.5,,90,82,8
200901260OKC,RS,NJN,2848.0,,91,82,9
200901260OKC,RS,NJN,2848.0,,92,82,10
200901260OKC,RS,NJN,2854.0,,92,85,7
200901260OKC,RS,NJN,2867.2,,93,85,8
200901260OKC,RS,NJN,2867.2,F,94,85,9
200901260OKC,RS,NJN,2880.0,,94,85,9
200901280OKC,RS,MEM,0.0,,0,0,0
200901280OKC,RS,MEM,15.0,,2,0,2
200901280OKC,RS,MEM,34.0,T,2,2,0
200901280OKC,RS,MEM,54.0,LC,2,4,-2
200901280OKC,RS,MEM,107.0,,3,4,-1
200901280OKC,RS,MEM,138.0,,3,6,-3
200901280OKC,RS,MEM,163.0,,3,8,-5
200901280OKC,RS,MEM,190.0,,5,8,-3
200901280OKC,RS,MEM,218.0,,5,10,-5
200901280OKC,RS,MEM,233.0,,8,10,-2
200901280OKC,RS,MEM,252.0,,8,12,-4
200901280OKC,RS,MEM,271.0,,10,12,-2
200901280OKC,RS,MEM,282.0,,10,13,-3
200901280OKC,RS,MEM,282.0,,10,14,-4
200901280OKC,RS,MEM,297.0,,12,14,-2
200901280OKC,RS,MEM,310.0,,12,17,-5
200901280OKC,RS,MEM,337.0,,12,19,-7
200901280OKC,RS,MEM,353.0,,14,19,-5
200901280OKC,RS,MEM,375.0,,14,21,-7
200901280OKC,RS,MEM,402.0,,14,23,-9
200901280OKC,RS,MEM,420.0,,16,23,-7
200901280OKC,RS,MEM,443.0,,16,25,-9
200901280OKC,RS,MEM,476.0,,16,27,-11
200901280OKC,RS,MEM,492.0,,17,27,-10
200901280OKC,RS,MEM,492.0,,18,27,-9
200901280OKC,RS,MEM,554.0,,18,29,-11
200901280OKC,RS,MEM,597.0,,18,32,-14
200901280OKC,RS,MEM,617.0,,20,32,-12
200901280OKC,RS,MEM,631.0,,20,34,-14
200901280OKC,RS,MEM,696.6,,22,34,-12
200901280OKC,RS,MEM,714.1,,24,34,-10
200901280OKC,RS,MEM,720.0,,24,37,-13
200901280OKC,RS,MEM,761.0,,27,37,-10
200901280OKC,RS,MEM,788.0,,27,39,-12
200901280OKC,RS,MEM,807.0,,29,39,-10
200901280OKC,RS,MEM,828.0,,29,41,-12
200901280OKC,RS,MEM,828.0,,29,42,-13
200901280OKC,RS,MEM,842.0,,31,42,-11
200901280OKC,RS,MEM,868.0,,33,42,-9
200901280OKC,RS,MEM,926.0,,33,45,-12
200901280OKC,RS,MEM,967.0,,35,45,-10
200901280OKC,RS,MEM,967.0,,36,45,-9
200901280OKC,RS,MEM,987.0,,39,45,-6
200901280OKC,RS,MEM,1004.0,,39,47,-8
200901280OKC,RS,MEM,1057.0,,41,47,-6
200901280OKC,RS,MEM,1101.0,,41,49,-8
200901280OKC,RS,MEM,1118.0,,42,49,-7
200901280OKC,RS,MEM,1141.0,,43,49,-6
200901280OKC,RS,MEM,1141.0,,44,49,-5
200901280OKC,RS,MEM,1184.0,,44,51,-7
200901280OKC,RS,MEM,1229.0,,45,51,-6
200901280OKC,RS,MEM,1229.0,,46,51,-5
200901280OKC,RS,MEM,1291.0,,46,52,-6
200901280OKC,RS,MEM,1291.0,,46,53,-7
200901280OKC,RS,MEM,1313.0,,49,53,-4
200901280OKC,RS,MEM,1349.0,,52,53,-1
200901280OKC,RS,MEM,1383.7,LC,54,53,1
200901280OKC,RS,MEM,1407.0,T,54,54,0
200901280OKC,RS,MEM,1407.0,LC,54,55,-1
200901280OKC,RS,MEM,1415.1,,54,56,-2
200901280OKC,RS,MEM,1435.6,T,56,56,0
200901280OKC,RS,MEM,1439.6,,56,57,-1
200901280OKC,RS,MEM,1455.0,,56,60,-4
200901280OKC,RS,MEM,1480.0,,58,60,-2
200901280OKC,RS,MEM,1520.0,T,60,60,0
200901280OKC,RS,MEM,1538.0,,60,62,-2
200901280OKC,RS,MEM,1571.0,,60,63,-3
200901280OKC,RS,MEM,1591.0,,62,63,-1
200901280OKC,RS,MEM,1610.0,LC,64,63,1
200901280OKC,RS,MEM,1690.0,,66,63,3
200901280OKC,RS,MEM,1707.0,,66,65,1
200901280OKC,RS,MEM,1724.0,,69,65,4
200901280OKC,RS,MEM,1739.0,,69,67,2
200901280OKC,RS,MEM,1801.0,LC,69,70,-1
200901280OKC,RS,MEM,1838.0,LC,72,70,2
200901280OKC,RS,MEM,1943.0,,74,70,4
200901280OKC,RS,MEM,1943.0,,75,70,5
200901280OKC,RS,MEM,1971.0,,77,70,7
200901280OKC,RS,MEM,2039.0,,77,71,6
200901280OKC,RS,MEM,2087.0,,79,71,8
200901280OKC,RS,MEM,2158.3,,81,71,10
200901280OKC,RS,MEM,2187.0,,81,73,8
200901280OKC,RS,MEM,2212.0,,84,73,11
200901280OKC,RS,MEM,2262.0,,84,76,8
200901280OKC,RS,MEM,2299.0,,86,76,10
200901280OKC,RS,MEM,2330.0,,88,76,12
200901280OKC,RS,MEM,2354.0,,88,79,9
200901280OKC,RS,MEM,2431.0,,88,81,7
200901280OKC,RS,MEM,2483.0,,90,81,9
200901280OKC,RS,MEM,2529.0,,90,82,8
200901280OKC,RS,MEM,2557.0,,92,82,10
200901280OKC,RS,MEM,2582.0,,94,82,12
200901280OKC,RS,MEM,2584.0,,94,83,11
200901280OKC,RS,MEM,2596.0,,94,85,9
200901280OKC,RS,MEM,2614.0,,96,85,11
200901280OKC,RS,MEM,2635.0,,96,87,9
200901280OKC,RS,MEM,2635.0,,96,88,8
200901280OKC,RS,MEM,2650.0,,97,88,9
200901280OKC,RS,MEM,2650.0,,98,88,10
200901280OKC,RS,MEM,2668.0,,98,89,9
200901280OKC,RS,MEM,2668.0,,98,90,8
200901280OKC,RS,MEM,2734.0,,98,91,7
200901280OKC,RS,MEM,2734.0,,98,92,6
200901280OKC,RS,MEM,2761.0,,98,93,5
200901280OKC,RS,MEM,2761.0,,98,94,4
200901280OKC,RS,MEM,2806.0,,99,94,5
200901280OKC,RS,MEM,2806.0,,100,94,6
200901280OKC,RS,MEM,2818.0,,100,96,4
200901280OKC,RS,MEM,2841.9,,100,98,2
200901280OKC,RS,MEM,2880.0,T,100,100,0
200901280OKC,RS,MEM,2896.0,LC,100,102,-2
200901280OKC,RS,MEM,2915.0,T,102,102,0
200901280OKC,RS,MEM,2994.0,LC,104,102,2
200901280OKC,RS,MEM,3034.0,,106,102,4
200901280OKC,RS,MEM,3085.0,,108,102,6
200901280OKC,RS,MEM,3126.4,,110,102,8
200901280OKC,RS,MEM,3145.8,,111,102,9
200901280OKC,RS,MEM,3145.8,,112,102,10
200901280OKC,RS,MEM,3153.8,,113,102,11
200901280OKC,RS,MEM,3153.8,F,114,102,12
200901280OKC,RS,MEM,3180.0,,114,102,12
200901300UTA,RS,UTA,0.0,,0,0,0
200901300UTA,RS,UTA,16.0,,2,0,2
200901300UTA,RS,UTA,16.0,,3,0,3
200901300UTA,RS,UTA,22.0,,3,2,1
200901300UTA,RS,UTA,63.0,T,3,3,0
200901300UTA,RS,UTA,126.0,LC,3,5,-2
200901300UTA,RS,UTA,141.0,,4,5,-1
200901300UTA,RS,UTA,171.0,,4,7,-3
200901300UTA,RS,UTA,203.0,,6,7,-1
200901300UTA,RS,UTA,244.0,LC,8,7,1
200901300UTA,RS,UTA,258.0,LC,8,9,-1
200901300UTA,RS,UTA,284.0,LC,10,9,1
200901300UTA,RS,UTA,346.0,,12,9,3
200901300UTA,RS,UTA,352.0,,12,10,2
200901300UTA,RS,UTA,352.0,,12,11,1
200901300UTA,RS,UTA,371.0,LC,12,13,-1
200901300UTA,RS,UTA,394.0,LC,14,13,1
200901300UTA,RS,UTA,424.0,,16,13,3
200901300UTA,RS,UTA,443.0,,16,14,2
200901300UTA,RS,UTA,452.0,,18,14,4
200901300UTA,RS,UTA,471.0,,18,16,2
200901300UTA,RS,UTA,486.0,,20,16,4
200901300UTA,RS,UTA,503.0,,20,18,2
200901300UTA,RS,UTA,524.0,T,20,20,0
200901300UTA,RS,UTA,556.0,LC,20,21,-1
200901300UTA,RS,UTA,571.0,LC,22,21,1
200901300UTA,RS,UTA,590.0,LC,22,23,-1
200901300UTA,RS,UTA,604.0,LC,24,23,1
200901300UTA,RS,UTA,630.0,LC,24,25,-1
200901300UTA,RS,UTA,657.0,,24,26,-2
200901300UTA,RS,UTA,670.4,T,26,26,0
200901300UTA,RS,UTA,674.7,,26,28,-2
200901300UTA,RS,UTA,738.0,T,28,28,0
200901300UTA,RS,UTA,773.0,,28,30,-2
200901300UTA,RS,UTA,838.0,,28,32,-4
200901300UTA,RS,UTA,849.0,,30,32,-2
200901300UTA,RS,UTA,867.0,,30,34,-4
200901300UTA,RS,UTA,909.0,,30,36,-6
200901300UTA,RS,UTA,942.0,,30,38,-8
200901300UTA,RS,UTA,975.0,,30,41,-11
200901300UTA,RS,UTA,1019.0,,30,43,-13
200901300UTA,RS,UTA,1035.0,,32,43,-11
200901300UTA,RS,UTA,1077.0,,32,45,-13
200901300UTA,RS,UTA,1109.0,,34,45,-11
200901300UTA,RS,UTA,1109.0,,35,45,-10
200901300UTA,RS,UTA,1120.0,,35,47,-12
200901300UTA,RS,UTA,1138.0,,36,47,-11
200901300UTA,RS,UTA,1138.0,,37,47,-10
200901300UTA,RS,UTA,1148.0,,37,48,-11
200901300UTA,RS,UTA,1148.0,,37,49,-12
200901300UTA,RS,UTA,1160.0,,39,49,-10
200901300UTA,RS,UTA,1179.0,,39,50,-11
200901300UTA,RS,UTA,1196.0,,41,50,-9
200901300UTA,RS,UTA,1239.0,,41,53,-12
200901300UTA,RS,UTA,1246.0,,42,53,-11
200901300UTA,RS,UTA,1246.0,,43,53,-10
200901300UTA,RS,UTA,1262.0,,44,53,-9
200901300UTA,RS,UTA,1262.0,,45,53,-8
200901300UTA,RS,UTA,1277.0,,45,55,-10
200901300UTA,RS,UTA,1292.0,,46,55,-9
200901300UTA,RS,UTA,1319.0,,47,55,-8
200901300UTA,RS,UTA,1342.0,,47,57,-10
200901300UTA,RS,UTA,1367.0,,49,57,-8
200901300UTA,RS,UTA,1382.9,,49,59,-10
200901300UTA,RS,UTA,1394.4,,50,59,-9
200901300UTA,RS,UTA,1394.4,,51,59,-8
200901300UTA,RS,UTA,1403.0,,51,62,-11
200901300UTA,RS,UTA,1439.3,,51,64,-13
200901300UTA,RS,UTA,1479.0,,54,64,-10
200901300UTA,RS,UTA,1491.0,,54,66,-12
200901300UTA,RS,UTA,1516.0,,56,66,-10
200901300UTA,RS,UTA,1528.0,,56,69,-13
200901300UTA,RS,UTA,1554.0,,57,69,-12
200901300UTA,RS,UTA,1554.0,,58,69,-11
200901300UTA,RS,UTA,1575.0,,58,71,-13
200901300UTA,RS,UTA,1595.0,,60,71,-11
200901300UTA,RS,UTA,1617.0,,60,74,-14
200901300UTA,RS,UTA,1650.0,,60,77,-17
200901300UTA,RS,UTA,1675.0,,60,79,-19
200901300UTA,RS,UTA,1709.0,,60,81,-21
200901300UTA,RS,UTA,1709.0,,60,82,-22
200901300UTA,RS,UTA,1750.0,,60,84,-24
200901300UTA,RS,UTA,1773.0,,62,84,-22
200901300UTA,RS,UTA,1789.0,,64,84,-20
200901300UTA,RS,UTA,1789.0,,65,84,-19
200901300UTA,RS,UTA,1812.0,,65,86,-21
200901300UTA,RS,UTA,1833.0,,67,86,-19
200901300UTA,RS,UTA,1856.0,,69,86,-17
200901300UTA,RS,UTA,1870.0,,69,88,-19
200901300UTA,RS,UTA,1953.0,,70,88,-18
200901300UTA,RS,UTA,1953.0,,71,88,-17
200901300UTA,RS,UTA,1994.0,,71,89,-18
200901300UTA,RS,UTA,1994.0,,71,90,-19
200901300UTA,RS,UTA,2002.0,,71,92,-21
200901300UTA,RS,UTA,2032.0,,71,94,-23
200901300UTA,RS,UTA,2046.0,,73,94,-21
200901300UTA,RS,UTA,2115.7,,74,94,-20
200901300UTA,RS,UTA,2115.7,,75,94,-19
200901300UTA,RS,UTA,2141.7,,75,95,-20
200901300UTA,RS,UTA,2180.0,,77,95,-18
200901300UTA,RS,UTA,2203.0,,77,97,-20
200901300UTA,RS,UTA,2225.0,,80,97,-17
200901300UTA,RS,UTA,2325.0,,82,97,-15
200901300UTA,RS,UTA,2399.0,,84,97,-13
200901300UTA,RS,UTA,2421.0,,84,99,-15
200901300UTA,RS,UTA,2454.0,,84,101,-17
200901300UTA,RS,UTA,2574.0,,84,103,-19
200901300UTA,RS,UTA,2600.0,,86,103,-17
200901300UTA,RS,UTA,2625.0,,88,103,-15
200901300UTA,RS,UTA,2650.0,,88,106,-18
200901300UTA,RS,UTA,2690.0,,88,107,-19
200901300UTA,RS,UTA,2712.0,,88,109,-21
200901300UTA,RS,UTA,2812.0,,90,109,-19
200901300UTA,RS,UTA,2828.3,F,90,110,-20
200901300UTA,RS,UTA,2880.0,,90,110,-20
200902010SAC,RS,SAC,0.0,,0,0,0
200902010SAC,RS,SAC,27.0,,0,2,-2
200902010SAC,RS,SAC,41.0,T,2,2,0
200902010SAC,RS,SAC,68.0,LC,4,2,2
200902010SAC,RS,SAC,88.0,,4,3,1
200902010SAC,RS,SAC,111.0,,6,3,3
200902010SAC,RS,SAC,127.0,,6,5,1
200902010SAC,RS,SAC,159.0,,7,5,2
200902010SAC,RS,SAC,182.0,,9,5,4
200902010SAC,RS,SAC,199.0,,9,7,2
200902010SAC,RS,SAC,221.0,,11,7,4
200902010SAC,RS,SAC,264.0,,11,8,3
200902010SAC,RS,SAC,264.0,,11,9,2
200902010SAC,RS,SAC,287.0,LC,11,12,-1
200902010SAC,RS,SAC,331.0,,11,14,-3
200902010SAC,RS,SAC,349.0,,13,14,-1
200902010SAC,RS,SAC,365.0,,13,15,-2
200902010SAC,RS,SAC,398.0,T,15,15,0
200902010SAC,RS,SAC,417.0,,15,17,-2
200902010SAC,RS,SAC,448.0,,15,18,-3
200902010SAC,RS,SAC,448.0,,15,19,-4
200902010SAC,RS,SAC,474.0,,15,21,-6
200902010SAC,RS,SAC,495.0,,17,21,-4
200902010SAC,RS,SAC,518.0,,18,21,-3
200902010SAC,RS,SAC,518.0,,19,21,-2
200902010SAC,RS,SAC,533.0,T,21,21,0
200902010SAC,RS,SAC,533.0,LC,22,21,1
200902010SAC,RS,SAC,559.0,,23,21,2
200902010SAC,RS,SAC,578.0,,25,21,4
200902010SAC,RS,SAC,592.0,,25,22,3
200902010SAC,RS,SAC,592.0,,25,23,2
200902010SAC,RS,SAC,607.0,,28,23,5
200902010SAC,RS,SAC,617.0,,28,25,3
200902010SAC,RS,SAC,648.0,T,28,28,0
200902010SAC,RS,SAC,665.9,LC,28,31,-3
200902010SAC,RS,SAC,675.4,,30,31,-1
200902010SAC,RS,SAC,675.4,T,31,31,0
200902010SAC,RS,SAC,689.6,,31,33,-2
200902010SAC,RS,SAC,730.0,,31,36,-5
200902010SAC,RS,SAC,773.0,,32,36,-4
200902010SAC,RS,SAC,822.0,,32,38,-6
200902010SAC,RS,SAC,836.0,,34,38,-4
200902010SAC,RS,SAC,849.0,,34,40,-6
200902010SAC,RS,SAC,868.0,,35,40,-5
200902010SAC,RS,SAC,868.0,,36,40,-4
200902010SAC,RS,SAC,881.0,,36,43,-7
200902010SAC,RS,SAC,939.0,,38,43,-5
200902010SAC,RS,SAC,1011.0,,40,43,-3
200902010SAC,RS,SAC,1026.0,,40,45,-5
200902010SAC,RS,SAC,1042.0,,41,45,-4
200902010SAC,RS,SAC,1042.0,,42,45,-3
200902010SAC,RS,SAC,1051.0,,42,46,-4
200902010SAC,RS,SAC,1074.0,,44,46,-2
200902010SAC,RS,SAC,1094.0,,44,48,-4
200902010SAC,RS,SAC,1130.0,,46,48,-2
200902010SAC,RS,SAC,1141.0,,46,49,-3
200902010SAC,RS,SAC,1161.0,,46,51,-5
200902010SAC,RS,SAC,1205.0,,46,52,-6
200902010SAC,RS,SAC,1205.0,,46,53,-7
200902010SAC,RS,SAC,1219.0,,49,53,-4
200902010SAC,RS,SAC,1244.0,,51,53,-2
200902010SAC,RS,SAC,1293.0,,51,55,-4
200902010SAC,RS,SAC,1297.0,,51,57,-6
200902010SAC,RS,SAC,1319.0,,51,58,-7
200902010SAC,RS,SAC,1319.0,,51,59,-8
200902010SAC,RS,SAC,1334.0,,53,59,-6
200902010SAC,RS,SAC,1353.0,,53,61,-8
200902010SAC,RS,SAC,1365.0,,54,61,-7
200902010SAC,RS,SAC,1365.0,,55,61,-6
200902010SAC,RS,SAC,1378.0,,55,63,-8
200902010SAC,RS,SAC,1397.4,,56,63,-7
200902010SAC,RS,SAC,1397.4,,57,63,-6
200902010SAC,RS,SAC,1475.0,,57,65,-8
200902010SAC,RS,SAC,1491.0,,59,65,-6
200902010SAC,RS,SAC,1522.0,,61,65,-4
200902010SAC,RS,SAC,1538.0,,61,66,-5
200902010SAC,RS,SAC,1559.0,,64,66,-2
200902010SAC,RS,SAC,1604.0,T,66,66,0
200902010SAC,RS,SAC,1664.0,LC,68,66,2
200902010SAC,RS,SAC,1676.0,,70,66,4
200902010SAC,RS,SAC,1689.0,,70,68,2
200902010SAC,RS,SAC,1705.0,,71,68,3
200902010SAC,RS,SAC,1725.0,,72,68,4
200902010SAC,RS,SAC,1725.0,,73,68,5
200902010SAC,RS,SAC,1743.0,,73,69,4
200902010SAC,RS,SAC,1793.0,,73,70,3
200902010SAC,RS,SAC,1814.0,,75,70,5
200902010SAC,RS,SAC,1830.0,,75,72,3
200902010SAC,RS,SAC,1852.0,,77,72,5
200902010SAC,RS,SAC,1879.0,,77,75,2
200902010SAC,RS,SAC,1885.0,,78,75,3
200902010SAC,RS,SAC,1885.0,,79,75,4
200902010SAC,RS,SAC,1896.0,,79,77,2
200902010SAC,RS,SAC,1918.0,T,79,79,0
200902010SAC,RS,SAC,1935.0,,81,79,2
200902010SAC,RS,SAC,1985.0,,82,79,3
200902010SAC,RS,SAC,1987.0,,84,79,5
200902010SAC,RS,SAC,2006.0,,84,81,3
200902010SAC,RS,SAC,2032.0,,84,82,2
200902010SAC,RS,SAC,2032.0,,84,83,1
200902010SAC,RS,SAC,2041.0,,86,83,3
200902010SAC,RS,SAC,2054.0,,86,85,1
200902010SAC,RS,SAC,2060.0,,87,85,2
200902010SAC,RS,SAC,2060.0,,88,85,3
200902010SAC,RS,SAC,2071.0,T,88,88,0
200902010SAC,RS,SAC,2083.0,,89,88,1
200902010SAC,RS,SAC,2083.0,,90,88,2
200902010SAC,RS,SAC,2111.4,,90,89,1
200902010SAC,RS,SAC,2111.4,T,90,90,0
200902010SAC,RS,SAC,2134.6,LC,90,92,-2
200902010SAC,RS,SAC,2248.0,,90,94,-4
200902010SAC,RS,SAC,2269.0,,92,94,-2
200902010SAC,RS,SAC,2279.0,,92,95,-3
200902010SAC,RS,SAC,2279.0,,92,96,-4
200902010SAC,RS,SAC,2314.0,,93,96,-3
200902010SAC,RS,SAC,2314.0,,94,96,-2
200902010SAC,RS,SAC,2370.0,,95,96,-1
200902010SAC,RS,SAC,2370.0,T,96,96,0
200902010SAC,RS,SAC,2389.0,,96,98,-2
200902010SAC,RS,SAC,2415.0,T,98,98,0
200902010SAC,RS,SAC,2458.0,,98,100,-2
200902010SAC,RS,SAC,2475.0,,99,100,-1
200902010SAC,RS,SAC,2487.0,,99,102,-3
200902010SAC,RS,SAC,2501.0,,101,102,-1
200902010SAC,RS,SAC,2530.0,,101,104,-3
200902010SAC,RS,SAC,2576.0,,103,104,-1
200902010SAC,RS,SAC,2648.0,LC,105,104,1
200902010SAC,RS,SAC,2720.0,LC,105,106,-1
200902010SAC,RS,SAC,2731.0,T,106,106,0
200902010SAC,RS,SAC,2731.0,LC,107,106,1
200902010SAC,RS,SAC,2750.0,LC,107,108,-1
200902010SAC,RS,SAC,2750.0,,107,109,-2
200902010SAC,RS,SAC,2777.0,,107,111,-4
200902010SAC,RS,SAC,2797.0,,109,111,-2
200902010SAC,RS,SAC,2811.0,,109,112,-3
200902010SAC,RS,SAC,2877.5,,110,112,-2
200902010SAC,RS,SAC,2879.0,T,112,112,0
200902010SAC,RS,SAC,2902.0,,112,114,-2
200902010SAC,RS,SAC,2918.0,T,114,114,0
200902010SAC,RS,SAC,2935.0,,114,116,-2
200902010SAC,RS,SAC,3021.0,T,116,116,0
200902010SAC,RS,SAC,3041.0,,116,118,-2
200902010SAC,RS,SAC,3078.0,,116,120,-4
200902010SAC,RS,SAC,3095.0,,118,120,-2
200902010SAC,RS,SAC,3166.8,,118,121,-3
200902010SAC,RS,SAC,3166.8,F,118,122,-4
200902010SAC,RS,SAC,3180.0,,118,122,-4
200902040OKC,RS,DEN,0.0,,0,0,0
200902040OKC,RS,DEN,34.0,,0,1,-1
200902040OKC,RS,DEN,34.0,,0,2,-2
200902040OKC,RS,DEN,45.0,T,2,2,0
200902040OKC,RS,DEN,59.0,,2,4,-2
200902040OKC,RS,DEN,114.0,,2,6,-4
200902040OKC,RS,DEN,136.0,,4,6,-2
200902040OKC,RS,DEN,174.0,T,6,6,0
200902040OKC,RS,DEN,182.0,,6,7,-1
200902040OKC,RS,DEN,182.0,,6,8,-2
200902040OKC,RS,DEN,257.0,T,8,8,0
200902040OKC,RS,DEN,267.0,,8,10,-2
200902040OKC,RS,DEN,279.0,T,10,10,0
200902040OKC,RS,DEN,293.0,,10,12,-2
200902040OKC,RS,DEN,302.0,T,12,12,0
200902040OKC,RS,DEN,312.0,,12,14,-2
200902040OKC,RS,DEN,374.0,,12,16,-4
200902040OKC,RS,DEN,393.0,,14,16,-2
200902040OKC,RS,DEN,411.0,,14,17,-3
200902040OKC,RS,DEN,411.0,,14,18,-4
200902040OKC,RS,DEN,430.0,,16,18,-2
200902040OKC,RS,DEN,454.0,T,18,18,0
200902040OKC,RS,DEN,478.0,LC,19,18,1
200902040OKC,RS,DEN,478.0,,20,18,2
200902040OKC,RS,DEN,515.0,,21,18,3
200902040OKC,RS,DEN,515.0,,22,18,4
200902040OKC,RS,DEN,530.0,,22,20,2
200902040OKC,RS,DEN,553.0,,25,20,5
200902040OKC,RS,DEN,564.0,,25,22,3
200902040OKC,RS,DEN,593.0,,25,24,1
200902040OKC,RS,DEN,623.0,LC,25,27,-2
200902040OKC,RS,DEN,652.0,LC,28,27,1
200902040OKC,RS,DEN,664.8,LC,28,29,-1
200902040OKC,RS,DEN,683.5,T,29,29,0
200902040OKC,RS,DEN,696.0,,29,32,-3
200902040OKC,RS,DEN,715.5,,31,32,-1
200902040OKC,RS,DEN,746.0,,31,35,-4
200902040OKC,RS,DEN,797.0,,31,37,-6
200902040OKC,RS,DEN,807.0,,33,37,-4
200902040OKC,RS,DEN,820.0,,33,38,-5
200902040OKC,RS,DEN,833.0,,35,38,-3
200902040OKC,RS,DEN,852.0,,37,38,-1
200902040OKC,RS,DEN,912.0,T,38,38,0
200902040OKC,RS,DEN,912.0,LC,39,38,1
200902040OKC,RS,DEN,927.0,LC,39,40,-1
200902040OKC,RS,DEN,932.0,T,40,40,0
200902040OKC,RS,DEN,951.0,LC,42,40,2
200902040OKC,RS,DEN,951.0,,43,40,3
200902040OKC,RS,DEN,966.0,,43,42,1
200902040OKC,RS,DEN,981.0,,45,42,3
200902040OKC,RS,DEN,998.0,,47,42,5
200902040OKC,RS,DEN,1047.0,,48,42,6
200902040OKC,RS,DEN,1047.0,,49,42,7
200902040OKC,RS,DEN,1086.0,,52,42,10
200902040OKC,RS,DEN,1137.0,,54,42,12
200902040OKC,RS,DEN,1197.0,,56,42,14
200902040OKC,RS,DEN,1228.0,,57,42,15
200902040OKC,RS,DEN,1228.0,,58,42,16
200902040OKC,RS,DEN,1250.0,,58,44,14
200902040OKC,RS,DEN,1262.0,,60,44,16
200902040OKC,RS,DEN,1284.0,,60,46,14
200902040OKC,RS,DEN,1293.0,,62,46,16
200902040OKC,RS,DEN,1317.0,,62,48,14
200902040OKC,RS,DEN,1331.0,,64,48,16
200902040OKC,RS,DEN,1331.0,,65,48,17
200902040OKC,RS,DEN,1348.0,,65,50,15
200902040OKC,RS,DEN,1371.0,,65,52,13
200902040OKC,RS,DEN,1397.5,,65,55,10
200902040OKC,RS,DEN,1405.1,,66,55,11
200902040OKC,RS,DEN,1405.1,,67,55,12
200902040OKC,RS,DEN,1409.8,,67,56,11
200902040OKC,RS,DEN,1409.8,,67,57,10
200902040OKC,RS,DEN,1425.4,,69,57,12
200902040OKC,RS,DEN,1425.4,,70,57,13
200902040OKC,RS,DEN,1431.6,,70,59,11
200902040OKC,RS,DEN,1502.0,,72,59,13
200902040OKC,RS,DEN,1513.0,,72,61,11
200902040OKC,RS,DEN,1526.0,,75,61,14
200902040OKC,RS,DEN,1540.0,,75,63,12
200902040OKC,RS,DEN,1540.0,,75,64,11
200902040OKC,RS,DEN,1554.0,,77,64,13
200902040OKC,RS,DEN,1583.0,,77,66,11
200902040OKC,RS,DEN,1660.0,,77,68,9
200902040OKC,RS,DEN,1690.0,,77,70,7
200902040OKC,RS,DEN,1705.0,,79,70,9
200902040OKC,RS,DEN,1756.0,,81,70,11
200902040OKC,RS,DEN,1797.0,,81,72,9
200902040OKC,RS,DEN,1821.0,,81,74,7
200902040OKC,RS,DEN,1821.0,,81,75,6
200902040OKC,RS,DEN,1856.0,,81,77,4
200902040OKC,RS,DEN,1878.0,,84,77,7
200902040OKC,RS,DEN,1899.0,,84,79,5
200902040OKC,RS,DEN,1951.0,,85,79,6
200902040OKC,RS,DEN,1951.0,,86,79,7
200902040OKC,RS,DEN,1967.0,,86,81,5
200902040OKC,RS,DEN,2000.0,,86,83,3
200902040OKC,RS,DEN,2027.0,,86,85,1
200902040OKC,RS,DEN,2048.0,,88,85,3
200902040OKC,RS,DEN,2080.0,,90,85,5
200902040OKC,RS,DEN,2097.0,,90,87,3
200902040OKC,RS,DEN,2102.2,,92,87,5
200902040OKC,RS,DEN,2136.3,,92,89,3
200902040OKC,RS,DEN,2160.0,,94,89,5
200902040OKC,RS,DEN,2175.0,,95,89,6
200902040OKC,RS,DEN,2187.0,,95,91,4
200902040OKC,RS,DEN,2215.0,,98,91,7
200902040OKC,RS,DEN,2234.0,,98,93,5
200902040OKC,RS,DEN,2290.0,,98,95,3
200902040OKC,RS,DEN,2312.0,,98,97,1
200902040OKC,RS,DEN,2367.0,,100,97,3
200902040OKC,RS,DEN,2378.0,,100,98,2
200902040OKC,RS,DEN,2391.0,,102,98,4
200902040OKC,RS,DEN,2489.0,,102,100,2
200902040OKC,RS,DEN,2522.0,T,102,102,0
200902040OKC,RS,DEN,2548.0,LC,102,103,-1
200902040OKC,RS,DEN,2564.0,,102,106,-4
200902040OKC,RS,DEN,2589.0,,104,106,-2
200902040OKC,RS,DEN,2687.0,,105,106,-1
200902040OKC,RS,DEN,2726.0,LC,107,106,1
200902040OKC,RS,DEN,2744.0,LC,107,108,-1
200902040OKC,RS,DEN,2774.0,LC,109,108,1
200902040OKC,RS,DEN,2791.0,LC,109,111,-2
200902040OKC,RS,DEN,2800.0,,110,111,-1
200902040OKC,RS,DEN,2800.0,T,111,111,0
200902040OKC,RS,DEN,2857.5,,111,112,-1
200902040OKC,RS,DEN,2862.8,LC,113,112,1
200902040OKC,RS,DEN,2874.7,F,113,114,-1
200902040OKC,RS,DEN,2880.0,,113,114,-1
200902060OKC,RS,POR,0.0,,0,0,0
200902060OKC,RS,POR,29.0,,2,0,2
200902060OKC,RS,POR,47.0,T,2,2,0
200902060OKC,RS,POR,67.0,,3,2,1
200902060OKC,RS,POR,67.0,,4,2,2
200902060OKC,RS,POR,100.0,T,4,4,0
200902060OKC,RS,POR,116.0,,6,4,2
200902060OKC,RS,POR,134.0,T,6,6,0
200902060OKC,RS,POR,146.0,,8,6,2
200902060OKC,RS,POR,212.0,,10,6,4
200902060OKC,RS,POR,224.0,,10,7,3
200902060OKC,RS,POR,260.0,,10,9,1
200902060OKC,RS,POR,287.0,,12,9,3
200902060OKC,RS,POR,304.0,T,12,12,0
200902060OKC,RS,POR,330.0,,14,12,2
200902060OKC,RS,POR,347.0,T,14,14,0
200902060OKC,RS,POR,357.0,,16,14,2
200902060OKC,RS,POR,357.0,,17,14,3
200902060OKC,RS,POR,380.0,,18,14,4
200902060OKC,RS,POR,380.0,,19,14,5
200902060OKC,RS,POR,410.0,,21,14,7
200902060OKC,RS,POR,437.0,,21,16,5
200902060OKC,RS,POR,452.0,,23,16,7
200902060OKC,RS,POR,452.0,,24,16,8
200902060OKC,RS,POR,476.0,,26,16,10
200902060OKC,RS,POR,494.0,,26,18,8
200902060OKC,RS,POR,555.0,,26,20,6
200902060OKC,RS,POR,574.0,,28,20,8
200902060OKC,RS,POR,598.0,,30,20,10
200902060OKC,RS,POR,624.0,,30,22,8
200902060OKC,RS,POR,642.0,,33,22,11
200902060OKC,RS,POR,677.3,,35,22,13
200902060OKC,RS,POR,683.7,,35,23,12
200902060OKC,RS,POR,683.7,,35,24,11
200902060OKC,RS,POR,689.7,,36,24,12
200902060OKC,RS,POR,689.7,,37,24,13
200902060OKC,RS,POR,713.9,,37,25,12
200902060OKC,RS,POR,768.0,,38,25,13
200902060OKC,RS,POR,803.0,,40,25,15
200902060OKC,RS,POR,826.0,,42,25,17
200902060OKC,RS,POR,904.0,,44,25,19
200902060OKC,RS,POR,926.0,,44,28,16
200902060OKC,RS,POR,990.0,,44,30,14
200902060OKC,RS,POR,1066.0,,46,30,16
200902060OKC,RS,POR,1084.0,,48,30,18
200902060OKC,RS,POR,1117.0,,50,30,20
200902060OKC,RS,POR,1143.0,,50,32,18
200902060OKC,RS,POR,1184.0,,52,32,20
200902060OKC,RS,POR,1204.0,,52,34,18
200902060OKC,RS,POR,1204.0,,52,35,17
200902060OKC,RS,POR,1265.0,,53,35,18
200902060OKC,RS,POR,1265.0,,54,35,19
200902060OKC,RS,POR,1300.0,,56,35,21
200902060OKC,RS,POR,1331.0,,56,37,19
200902060OKC,RS,POR,1356.0,,56,40,16
200902060OKC,RS,POR,1378.0,,58,40,18
200902060OKC,RS,POR,1413.0,,60,40,20
200902060OKC,RS,POR,1465.0,,62,40,22
200902060OKC,RS,POR,1481.0,,62,41,21
200902060OKC,RS,POR,1481.0,,62,42,20
200902060OKC,RS,POR,1517.0,,62,44,18
200902060OKC,RS,POR,1540.0,,62,46,16
200902060OKC,RS,POR,1566.0,,64,46,18
200902060OKC,RS,POR,1586.0,,64,48,16
200902060OKC,RS,POR,1607.0,,66,48,18
200902060OKC,RS,POR,1647.0,,66,50,16
200902060OKC,RS,POR,1663.0,,67,50,17
200902060OKC,RS,POR,1663.0,,68,50,18
200902060OKC,RS,POR,1707.0,,69,50,19
200902060OKC,RS,POR,1707.0,,70,50,20
200902060OKC,RS,POR,1741.0,,70,52,18
200902060OKC,RS,POR,1775.0,,70,54,16
200902060OKC,RS,POR,1801.0,,73,54,19
200902060OKC,RS,POR,1833.0,,73,56,17
200902060OKC,RS,POR,1871.0,,73,58,15
200902060OKC,RS,POR,1889.0,,75,58,17
200902060OKC,RS,POR,1926.0,,77,58,19
200902060OKC,RS,POR,1948.0,,77,59,18
200902060OKC,RS,POR,1972.0,,79,59,20
200902060OKC,RS,POR,1990.0,,81,59,22
200902060OKC,RS,POR,2011.0,,81,61,20
200902060OKC,RS,POR,2056.0,,81,64,17
200902060OKC,RS,POR,2090.0,,81,66,15
200902060OKC,RS,POR,2180.0,,81,68,13
200902060OKC,RS,POR,2204.0,,82,68,14
200902060OKC,RS,POR,2204.0,,83,68,15
200902060OKC,RS,POR,2220.0,,83,70,13
200902060OKC,RS,POR,2238.0,,85,70,15
200902060OKC,RS,POR,2263.0,,85,72,13
200902060OKC,RS,POR,2299.0,,87,72,15
200902060OKC,RS,POR,2329.0,,87,74,13
200902060OKC,RS,POR,2329.0,,87,75,12
200902060OKC,RS,POR,2360.0,,89,75,14
200902060OKC,RS,POR,2410.0,,89,76,13
200902060OKC,RS,POR,2410.0,,89,77,12
200902060OKC,RS,POR,2410.0,,89,78,11
200902060OKC,RS,POR,2519.0,,90,78,12
200902060OKC,RS,POR,2531.0,,90,80,10
200902060OKC,RS,POR,2547.0,,92,80,12
200902060OKC,RS,POR,2563.0,,92,82,10
200902060OKC,RS,POR,2603.0,,92,83,9
200902060OKC,RS,POR,2644.0,,92,84,8
200902060OKC,RS,POR,2666.0,,94,84,10
200902060OKC,RS,POR,2763.0,,94,85,9
200902060OKC,RS,POR,2791.0,,95,85,10
200902060OKC,RS,POR,2791.0,,96,85,11
200902060OKC,RS,POR,2801.0,,96,88,8
200902060OKC,RS,POR,2822.2,,98,88,10
200902060OKC,RS,POR,2827.3,,98,90,8
200902060OKC,RS,POR,2842.7,,100,90,10
200902060OKC,RS,POR,2872.1,,102,90,12
200902060OKC,RS,POR,2880.0,,102,93,9
200902060OKC,RS,POR,2880.0,F,102,93,9
200902080OKC,RS,SAC,0.0,,0,0,0
200902080OKC,RS,SAC,37.0,,0,2,-2
200902080OKC,RS,SAC,56.0,T,2,2,0
200902080OKC,RS,SAC,78.0,,2,4,-2
200902080OKC,RS,SAC,96.0,T,4,4,0
200902080OKC,RS,SAC,135.0,LC,6,4,2
200902080OKC,RS,SAC,157.0,T,6,6,0
200902080OKC,RS,SAC,169.0,,8,6,2
200902080OKC,RS,SAC,182.0,T,8,8,0
200902080OKC,RS,SAC,221.0,LC,8,11,-3
200902080OKC,RS,SAC,240.0,,10,11,-1
200902080OKC,RS,SAC,260.0,T,11,11,0
200902080OKC,RS,SAC,260.0,LC,12,11,1
200902080OKC,RS,SAC,295.0,,14,11,3
200902080OKC,RS,SAC,316.0,,16,11,5
200902080OKC,RS,SAC,342.0,,16,13,3
200902080OKC,RS,SAC,342.0,,16,14,2
200902080OKC,RS,SAC,368.0,T,16,16,0
200902080OKC,RS,SAC,394.0,,18,16,2
200902080OKC,RS,SAC,441.0,,20,16,4
200902080OKC,RS,SAC,476.0,,22,16,6
200902080OKC,RS,SAC,520.0,,24,16,8
200902080OKC,RS,SAC,535.0,,24,19,5
200902080OKC,RS,SAC,554.0,,26,19,7
200902080OKC,RS,SAC,554.0,,27,19,8
200902080OKC,RS,SAC,577.0,,29,19,10
200902080OKC,RS,SAC,587.0,,29,21,8
200902080OKC,RS,SAC,621.0,,31,21,10
200902080OKC,RS,SAC,621.0,,32,21,11
200902080OKC,RS,SAC,661.0,,34,21,13
200902080OKC,RS,SAC,680.3,,34,23,11
200902080OKC,RS,SAC,761.0,,36,23,13
200902080OKC,RS,SAC,802.0,,38,23,15
200902080OKC,RS,SAC,865.0,,39,23,16
200902080OKC,RS,SAC,865.0,,40,23,17
200902080OKC,RS,SAC,891.0,,40,26,14
200902080OKC,RS,SAC,903.0,,42,26,16
200902080OKC,RS,SAC,935.0,,44,26,18
200902080OKC,RS,SAC,978.0,,44,29,15
200902080OKC,RS,SAC,1047.0,,46,29,17
200902080OKC,RS,SAC,1069.0,,46,31,15
200902080OKC,RS,SAC,1099.0,,46,32,14
200902080OKC,RS,SAC,1133.0,,48,32,16
200902080OKC,RS,SAC,1133.0,,49,32,17
200902080OKC,RS,SAC,1159.0,,50,32,18
200902080OKC,RS,SAC,1159.0,,51,32,19
200902080OKC,RS,SAC,1182.0,,51,34,17
200902080OKC,RS,SAC,1199.0,,51,36,15
200902080OKC,RS,SAC,1240.0,,51,37,14
200902080OKC,RS,SAC,1240.0,,51,38,13
200902080OKC,RS,SAC,1252.0,,52,38,14
200902080OKC,RS,SAC,1252.0,,53,38,15
200902080OKC,RS,SAC,1287.0,,55,38,17
200902080OKC,RS,SAC,1313.0,,57,38,19
200902080OKC,RS,SAC,1342.0,,57,39,18
200902080OKC,RS,SAC,1342.0,,57,40,17
200902080OKC,RS,SAC,1370.0,,57,42,15
200902080OKC,RS,SAC,1387.7,,57,43,14
200902080OKC,RS,SAC,1387.7,,57,44,13
200902080OKC,RS,SAC,1405.2,,59,44,15
200902080OKC,RS,SAC,1440.0,,59,46,13
200902080OKC,RS,SAC,1454.0,,59,48,11
200902080OKC,RS,SAC,1474.0,,59,50,9
200902080OKC,RS,SAC,1512.0,,61,50,11
200902080OKC,RS,SAC,1512.0,,62,50,12
200902080OKC,RS,SAC,1571.0,,62,52,10
200902080OKC,RS,SAC,1609.0,,62,54,8
200902080OKC,RS,SAC,1624.0,,63,54,9
200902080OKC,RS,SAC,1624.0,,64,54,10
200902080OKC,RS,SAC,1670.0,,64,55,9
200902080OKC,RS,SAC,1670.0,,64,56,8
200902080OKC,RS,SAC,1697.0,,66,56,10
200902080OKC,RS,SAC,1711.0,,66,58,8
200902080OKC,RS,SAC,1731.0,,68,58,10
200902080OKC,RS,SAC,1752.0,,68,60,8
200902080OKC,RS,SAC,1781.0,,68,62,6
200902080OKC,RS,SAC,1794.0,,70,62,8
200902080OKC,RS,SAC,1805.0,,70,64,6
200902080OKC,RS,SAC,1842.0,,70,67,3
200902080OKC,RS,SAC,1856.0,,72,67,5
200902080OKC,RS,SAC,1895.0,,74,67,7
200902080OKC,RS,SAC,1911.0,,74,69,5
200902080OKC,RS,SAC,1939.0,,74,71,3
200902080OKC,RS,SAC,1956.0,,76,71,5
200902080OKC,RS,SAC,1976.0,,76,74,2
200902080OKC,RS,SAC,2004.0,,78,74,4
200902080OKC,RS,SAC,2024.0,,78,76,2
200902080OKC,RS,SAC,2050.0,,81,76,5
200902080OKC,RS,SAC,2104.1,,81,78,3
200902080OKC,RS,SAC,2125.4,,84,78,6
200902080OKC,RS,SAC,2146.1,,84,80,4
200902080OKC,RS,SAC,2190.0,,84,82,2
200902080OKC,RS,SAC,2226.0,LC,84,85,-1
200902080OKC,RS,SAC,2256.0,,84,86,-2
200902080OKC,RS,SAC,2272.0,T,86,86,0
200902080OKC,RS,SAC,2306.0,LC,88,86,2
200902080OKC,RS,SAC,2319.0,T,88,88,0
200902080OKC,RS,SAC,2337.0,,90,88,2
200902080OKC,RS,SAC,2337.0,,91,88,3
200902080OKC,RS,SAC,2395.0,,92,88,4
200902080OKC,RS,SAC,2395.0,,93,88,5
200902080OKC,RS,SAC,2409.0,,93,91,2
200902080OKC,RS,SAC,2436.0,T,93,93,0
200902080OKC,RS,SAC,2485.0,LC,93,95,-2
200902080OKC,RS,SAC,2497.0,LC,96,95,1
200902080OKC,RS,SAC,2545.0,LC,96,98,-2
200902080OKC,RS,SAC,2571.0,T,98,98,0
200902080OKC,RS,SAC,2576.0,,98,99,-1
200902080OKC,RS,SAC,2576.0,,98,100,-2
200902080OKC,RS,SAC,2590.0,,99,100,-1
200902080OKC,RS,SAC,2590.0,T,100,100,0
200902080OKC,RS,SAC,2611.0,,100,102,-2
200902080OKC,RS,SAC,2648.0,T,102,102,0
200902080OKC,RS,SAC,2671.0,,102,104,-2
200902080OKC,RS,SAC,2692.0,LC,105,104,1
200902080OKC,RS,SAC,2721.0,,107,104,3
200902080OKC,RS,SAC,2721.0,,108,104,4
200902080OKC,RS,SAC,2749.0,,110,104,6
200902080OKC,RS,SAC,2775.0,,110,107,3
200902080OKC,RS,SAC,2792.0,,112,107,5
200902080OKC,RS,SAC,2807.0,,112,110,2
200902080OKC,RS,SAC,2826.3,,114,110,4
200902080OKC,RS,SAC,2826.3,,115,110,5
200902080OKC,RS,SAC,2843.1,,115,113,2
200902080OKC,RS,SAC,2876.7,F,116,113,3
200902080OKC,RS,SAC,2880.0,,116,113,3
200902100LAL,RS,LAL,0.0,,0,0,0
200902100LAL,RS,LAL,56.0,,0,2,-2
200902100LAL,RS,LAL,90.0,T,2,2,0
200902100LAL,RS,LAL,108.0,LC,4,2,2
200902100LAL,RS,LAL,164.0,T,4,4,0
200902100LAL,RS,LAL,212.0,LC,4,6,-2
200902100LAL,RS,LAL,236.0,LC,7,6,1
200902100LAL,RS,LAL,272.0,LC,7,8,-1
200902100LAL,RS,LAL,284.0,LC,10,8,2
200902100LAL,RS,LAL,310.0,,11,8,3
200902100LAL,RS,LAL,310.0,,12,8,4
200902100LAL,RS,LAL,321.0,,12,10,2
200902100LAL,RS,LAL,345.0,,14,10,4
200902100LAL,RS,LAL,361.0,,14,12,2
200902100LAL,RS,LAL,375.0,,17,12,5
200902100LAL,RS,LAL,392.0,,17,14,3
200902100LAL,RS,LAL,463.0,,19,14,5
200902100LAL,RS,LAL,483.0,,19,16,3
200902100LAL,RS,LAL,540.0,,19,18,1
200902100LAL,RS,LAL,557.0,,21,18,3
200902100LAL,RS,LAL,630.0,,23,18,5
200902100LAL,RS,LAL,638.0,,23,20,3
200902100LAL,RS,LAL,662.4,,23,22,1
200902100LAL,RS,LAL,662.4,T,23,23,0
200902100LAL,RS,LAL,715.9,,24,23,1
200902100LAL,RS,LAL,715.9,,25,23,2
200902100LAL,RS,LAL,717.5,T,25,25,0
200902100LAL,RS,LAL,747.0,,27,25,2
200902100LAL,RS,LAL,773.0,T,27,27,0
200902100LAL,RS,LAL,803.0,LC,27,29,-2
200902100LAL,RS,LAL,827.0,,27,31,-4
200902100LAL,RS,LAL,853.0,,29,31,-2
200902100LAL,RS,LAL,929.0,T,31,31,0
200902100LAL,RS,LAL,944.0,LC,33,31,2
200902100LAL,RS,LAL,954.0,LC,33,34,-1
200902100LAL,RS,LAL,963.0,LC,35,34,1
200902100LAL,RS,LAL,976.0,LC,35,37,-2
200902100LAL,RS,LAL,991.0,T,37,37,0
200902100LAL,RS,LAL,1012.0,LC,39,37,2
200902100LAL,RS,LAL,1054.0,T,39,39,0
200902100LAL,RS,LAL,1080.0,,41,39,2
200902100LAL,RS,LAL,1091.0,T,41,41,0
200902100LAL,RS,LAL,1106.0,,43,41,2
200902100LAL,RS,LAL,1127.0,,43,42,1
200902100LAL,RS,LAL,1127.0,T,43,43,0
200902100LAL,RS,LAL,1208.0,LC,43,45,-2
200902100LAL,RS,LAL,1239.0,,43,47,-4
200902100LAL,RS,LAL,1239.0,,43,48,-5
200902100LAL,RS,LAL,1276.0,,43,50,-7
200902100LAL,RS,LAL,1308.0,,43,52,-9
200902100LAL,RS,LAL,1351.0,,45,52,-7
200902100LAL,RS,LAL,1369.0,,45,54,-9
200902100LAL,RS,LAL,1373.0,,45,56,-11
200902100LAL,RS,LAL,1386.4,,46,56,-10
200902100LAL,RS,LAL,1386.4,,47,56,-9
200902100LAL,RS,LAL,1393.5,,47,58,-11
200902100LAL,RS,LAL,1416.3,,47,60,-13
200902100LAL,RS,LAL,1459.0,,47,62,-15
200902100LAL,RS,LAL,1506.0,,49,62,-13
200902100LAL,RS,LAL,1522.0,,49,64,-15
200902100LAL,RS,LAL,1529.0,,50,64,-14
200902100LAL,RS,LAL,1555.0,,53,64,-11
200902100LAL,RS,LAL,1566.0,,53,65,-12
200902100LAL,RS,LAL,1566.0,,53,66,-13
200902100LAL,RS,LAL,1576.0,,55,66,-11
200902100LAL,RS,LAL,1620.0,,55,68,-13
200902100LAL,RS,LAL,1646.0,,58,68,-10
200902100LAL,RS,LAL,1699.0,,61,68,-7
200902100LAL,RS,LAL,1758.0,,61,70,-9
200902100LAL,RS,LAL,1777.0,,63,70,-7
200902100LAL,RS,LAL,1839.0,,65,70,-5
200902100LAL,RS,LAL,1853.0,,65,72,-7
200902100LAL,RS,LAL,1875.0,,67,72,-5
200902100LAL,RS,LAL,1903.0,,68,72,-4
200902100LAL,RS,LAL,1903.0,,69,72,-3
200902100LAL,RS,LAL,1922.0,,69,74,-5
200902100LAL,RS,LAL,1987.0,,69,76,-7
200902100LAL,RS,LAL,2030.0,,69,78,-9
200902100LAL,RS,LAL,2077.0,,71,78,-7
200902100LAL,RS,LAL,2100.0,,73,78,-5
200902100LAL,RS,LAL,2119.1,,73,79,-6
200902100LAL,RS,LAL,2119.1,,73,80,-7
200902100LAL,RS,LAL,2183.0,,75,80,-5
200902100LAL,RS,LAL,2183.0,,76,80,-4
200902100LAL,RS,LAL,2195.0,,76,82,-6
200902100LAL,RS,LAL,2270.0,,76,84,-8
200902100LAL,RS,LAL,2305.0,,76,86,-10
200902100LAL,RS,LAL,2329.0,,77,86,-9
200902100LAL,RS,LAL,2357.0,,79,86,-7
200902100LAL,RS,LAL,2372.0,,79,89,-10
200902100LAL,RS,LAL,2383.0,,81,89,-8
200902100LAL,RS,LAL,2442.0,,81,92,-11
200902100LAL,RS,LAL,2464.0,,82,92,-10
200902100LAL,RS,LAL,2464.0,,83,92,-9
200902100LAL,RS,LAL,2487.0,,83,94,-11
200902100LAL,RS,LAL,2495.0,,84,94,-10
200902100LAL,RS,LAL,2498.0,,86,94,-8
200902100LAL,RS,LAL,2530.0,,86,97,-11
200902100LAL,RS,LAL,2565.0,,87,97,-10
200902100LAL,RS,LAL,2579.0,,87,99,-12
200902100LAL,RS,LAL,2599.0,,88,99,-11
200902100LAL,RS,LAL,2599.0,,89,99,-10
200902100LAL,RS,LAL,2640.0,,89,101,-12
200902100LAL,RS,LAL,2704.0,,90,101,-11
200902100LAL,RS,LAL,2704.0,,91,101,-10
200902100LAL,RS,LAL,2747.0,,93,101,-8
200902100LAL,RS,LAL,2800.0,,93,102,-9
200902100LAL,RS,LAL,2800.0,,93,103,-10
200902100LAL,RS,LAL,2806.0,,94,103,-9
200902100LAL,RS,LAL,2806.0,,95,103,-8
200902100LAL,RS,LAL,2867.4,,98,103,-5
200902100LAL,RS,LAL,2876.0,F,98,105,-7
200902100LAL,RS,LAL,2880.0,,98,105,-7
200902110POR,RS,POR,0.0,,0,0,0
200902110POR,RS,POR,22.0,,0,2,-2
200902110POR,RS,POR,42.0,T,2,2,0
200902110POR,RS,POR,81.0,,2,4,-2
200902110POR,RS,POR,101.0,T,4,4,0
200902110POR,RS,POR,145.0,LC,6,4,2
200902110POR,RS,POR,161.0,T,6,6,0
200902110POR,RS,POR,202.0,LC,6,8,-2
200902110POR,RS,POR,238.0,,6,10,-4
200902110POR,RS,POR,265.0,,8,10,-2
200902110POR,RS,POR,285.0,,8,12,-4
200902110POR,RS,POR,312.0,,10,12,-2
200902110POR,RS,POR,324.0,,10,13,-3
200902110POR,RS,POR,354.0,,10,15,-5
200902110POR,RS,POR,365.0,,12,15,-3
200902110POR,RS,POR,365.0,,13,15,-2
200902110POR,RS,POR,442.0,,13,17,-4
200902110POR,RS,POR,542.0,,13,19,-6
200902110POR,RS,POR,561.0,,15,19,-4
200902110POR,RS,POR,596.0,,15,21,-6
200902110POR,RS,POR,668.7,,16,21,-5
200902110POR,RS,POR,691.0,,18,21,-3
200902110POR,RS,POR,708.1,,20,21,-1
200902110POR,RS,POR,712.1,,20,23,-3
200902110POR,RS,POR,760.0,,20,26,-6
200902110POR,RS,POR,769.0,,22,26,-4
200902110POR,RS,POR,828.0,,24,26,-2
200902110POR,RS,POR,850.0,,24,28,-4
200902110POR,RS,POR,901.0,,26,28,-2
200902110POR,RS,POR,923.0,,26,31,-5
200902110POR,RS,POR,934.0,,28,31,-3
200902110POR,RS,POR,956.0,,29,31,-2
200902110POR,RS,POR,978.0,,29,33,-4
200902110POR,RS,POR,993.0,,29,35,-6
200902110POR,RS,POR,1018.0,,31,35,-4
200902110POR,RS,POR,1018.0,,32,35,-3
200902110POR,RS,POR,1057.0,,34,35,-1
200902110POR,RS,POR,1078.0,T,35,35,0
200902110POR,RS,POR,1078.0,LC,36,35,1
200902110POR,RS,POR,1096.0,LC,36,37,-1
200902110POR,RS,POR,1148.0,,36,40,-4
200902110POR,RS,POR,1166.0,,37,40,-3
200902110POR,RS,POR,1166.0,,38,40,-2
200902110POR,RS,POR,1184.0,,38,42,-4
200902110POR,RS,POR,1217.0,,39,42,-3
200902110POR,RS,POR,1217.0,,40,42,-2
200902110POR,RS,POR,1239.0,,41,42,-1
200902110POR,RS,POR,1239.0,T,42,42,0
200902110POR,RS,POR,1277.0,LC,44,42,2
200902110POR,RS,POR,1290.0,T,44,44,0
200902110POR,RS,POR,1331.0,,46,44,2
200902110POR,RS,POR,1350.0,T,46,46,0
200902110POR,RS,POR,1392.3,LC,46,48,-2
200902110POR,RS,POR,1417.2,,46,51,-5
200902110POR,RS,POR,1439.2,,46,53,-7
200902110POR,RS,POR,1469.0,,48,53,-5
200902110POR,RS,POR,1492.0,,49,53,-4
200902110POR,RS,POR,1492.0,,50,53,-3
200902110POR,RS,POR,1505.0,,50,55,-5
200902110POR,RS,POR,1525.0,,51,55,-4
200902110POR,RS,POR,1525.0,,52,55,-3
200902110POR,RS,POR,1548.0,,52,57,-5
200902110POR,RS,POR,1586.0,,53,57,-4
200902110POR,RS,POR,1586.0,,54,57,-3
200902110POR,RS,POR,1624.0,,54,58,-4
200902110POR,RS,POR,1624.0,,54,59,-5
200902110POR,RS,POR,1635.0,,56,59,-3
200902110POR,RS,POR,1648.0,,56,60,-4
200902110POR,RS,POR,1648.0,,56,61,-5
200902110POR,RS,POR,1680.0,,58,61,-3
200902110POR,RS,POR,1706.0,,58,63,-5
200902110POR,RS,POR,1723.0,,59,63,-4
200902110POR,RS,POR,1723.0,,60,63,-3
200902110POR,RS,POR,1753.0,,60,64,-4
200902110POR,RS,POR,1753.0,,60,65,-5
200902110POR,RS,POR,1809.0,,62,65,-3
200902110POR,RS,POR,1833.0,,62,68,-6
200902110POR,RS,POR,1857.0,,63,68,-5
200902110POR,RS,POR,1857.0,,64,68,-4
200902110POR,RS,POR,1881.0,,64,70,-6
200902110POR,RS,POR,1926.0,,66,70,-4
200902110POR,RS,POR,1943.0,,66,71,-5
200902110POR,RS,POR,1943.0,,66,72,-6
200902110POR,RS,POR,1955.0,,68,72,-4
200902110POR,RS,POR,1969.0,,68,75,-7
200902110POR,RS,POR,1994.0,,68,77,-9
200902110POR,RS,POR,2013.0,,70,77,-7
200902110POR,RS,POR,2055.0,,72,77,-5
200902110POR,RS,POR,2069.0,,72,79,-7
200902110POR,RS,POR,2093.0,,74,79,-5
200902110POR,RS,POR,2129.4,,74,80,-6
200902110POR,RS,POR,2195.0,,76,80,-4
200902110POR,RS,POR,2215.0,,76,81,-5
200902110POR,RS,POR,2215.0,,76,82,-6
200902110POR,RS,POR,2254.0,,76,84,-8
200902110POR,RS,POR,2280.0,,76,85,-9
200902110POR,RS,POR,2280.0,,76,86,-10
200902110POR,RS,POR,2322.0,,76,89,-13
200902110POR,RS,POR,2352.0,,76,91,-15
200902110POR,RS,POR,2385.0,,76,94,-18
200902110POR,RS,POR,2402.0,,78,94,-16
200902110POR,RS,POR,2458.0,,78,96,-18
200902110POR,RS,POR,2499.0,,78,98,-20
200902110POR,RS,POR,2514.0,,80,98,-18
200902110POR,RS,POR,2551.0,,81,98,-17
200902110POR,RS,POR,2551.0,,82,98,-16
200902110POR,RS,POR,2624.0,,82,100,-18
200902110POR,RS,POR,2635.0,,83,100,-17
200902110POR,RS,POR,2653.0,,83,102,-19
200902110POR,RS,POR,2675.0,,85,102,-17
200902110POR,RS,POR,2737.0,,86,102,-16
200902110POR,RS,POR,2737.0,,87,102,-15
200902110POR,RS,POR,2756.0,,89,102,-13
200902110POR,RS,POR,2784.0,,89,104,-15
200902110POR,RS,POR,2820.1,,89,106,-17
200902110POR,RS,POR,2860.3,F,92,106,-14
200902110POR,RS,POR,2880.0,,92,106,-14
200902170OKC,RS,NOH,0.0,,0,0,0
200902170OKC,RS,NOH,17.0,,1,0,1
200902170OKC,RS,NOH,49.0,LC,1,3,-2
200902170OKC,RS,NOH,84.0,,1,5,-4
200902170OKC,RS,NOH,118.0,,1,6,-5
200902170OKC,RS,NOH,150.0,,1,8,-7
200902170OKC,RS,NOH,194.0,,1,10,-9
200902170OKC,RS,NOH,225.0,,3,10,-7
200902170OKC,RS,NOH,242.0,,3,12,-9
200902170OKC,RS,NOH,283.0,,5,12,-7
200902170OKC,RS,NOH,298.0,,5,14,-9
200902170OKC,RS,NOH,314.0,,6,14,-8
200902170OKC,RS,NOH,314.0,,7,14,-7
200902170OKC,RS,NOH,330.0,,7,16,-9
200902170OKC,RS,NOH,352.0,,9,16,-7
200902170OKC,RS,NOH,364.0,,9,19,-10
200902170OKC,RS,NOH,417.0,,9,21,-12
200902170OKC,RS,NOH,447.0,,9,24,-15
200902170OKC,RS,NOH,458.0,,11,24,-13
200902170OKC,RS,NOH,458.0,,12,24,-12
200902170OKC,RS,NOH,561.0,,15,24,-9
200902170OKC,RS,NOH,590.0,,15,25,-10
200902170OKC,RS,NOH,640.0,,15,27,-12
200902170OKC,RS,NOH,669.5,,17,27,-10
200902170OKC,RS,NOH,669.5,,18,27,-9
200902170OKC,RS,NOH,682.1,,18,29,-11
200902170OKC,RS,NOH,720.0,,18,32,-14
200902170OKC,RS,NOH,745.0,,18,34,-16
200902170OKC,RS,NOH,779.0,,19,34,-15
200902170OKC,RS,NOH,779.0,,20,34,-14
200902170OKC,RS,NOH,840.0,,22,34,-12
200902170OKC,RS,NOH,867.0,,24,34,-10
200902170OKC,RS,NOH,884.0,,24,36,-12
200902170OKC,RS,NOH,902.0,,25,36,-11
200902170OKC,RS,NOH,916.0,,27,36,-9
200902170OKC,RS,NOH,941.0,,27,38,-11
200902170OKC,RS,NOH,970.0,,29,38,-9
200902170OKC,RS,NOH,1008.0,,29,39,-10
200902170OKC,RS,NOH,1039.0,,29,41,-12
200902170OKC,RS,NOH,1039.0,,29,42,-13
200902170OKC,RS,NOH,1091.0,,31,42,-11
200902170OKC,RS,NOH,1114.0,,31,44,-13
200902170OKC,RS,NOH,1123.0,,32,44,-12
200902170OKC,RS,NOH,1123.0,,33,44,-11
200902170OKC,RS,NOH,1140.0,,33,47,-14
200902170OKC,RS,NOH,1158.0,,35,47,-12
200902170OKC,RS,NOH,1158.0,,36,47,-11
200902170OKC,RS,NOH,1179.0,,36,49,-13
200902170OKC,RS,NOH,1194.0,,38,49,-11
200902170OKC,RS,NOH,1244.0,,38,51,-13
200902170OKC,RS,NOH,1283.0,,38,52,-14
200902170OKC,RS,NOH,1283.0,,38,53,-15
200902170OKC,RS,NOH,1297.0,,40,53,-13
200902170OKC,RS,NOH,1386.3,,42,53,-11
200902170OKC,RS,NOH,1405.9,,45,53,-8
200902170OKC,RS,NOH,1438.6,,47,53,-6
200902170OKC,RS,NOH,1475.0,,47,55,-8
200902170OKC,RS,NOH,1508.0,,49,55,-6
200902170OKC,RS,NOH,1520.0,,49,56,-7
200902170OKC,RS,NOH,1520.0,,49,57,-8
200902170OKC,RS,NOH,1532.0,,51,57,-6
200902170OKC,RS,NOH,1560.0,,52,57,-5
200902170OKC,RS,NOH,1560.0,,53,57,-4
200902170OKC,RS,NOH,1584.0,,53,59,-6
200902170OKC,RS,NOH,1603.0,,55,59,-4
200902170OKC,RS,NOH,1614.0,,55,61,-6
200902170OKC,RS,NOH,1660.0,,55,63,-8
200902170OKC,RS,NOH,1679.0,,57,63,-6
200902170OKC,RS,NOH,1733.0,,59,63,-4
200902170OKC,RS,NOH,1785.0,,59,65,-6
200902170OKC,RS,NOH,1815.0,,59,67,-8
200902170OKC,RS,NOH,1834.0,,61,67,-6
200902170OKC,RS,NOH,1913.0,,61,69,-8
200902170OKC,RS,NOH,1931.0,,62,69,-7
200902170OKC,RS,NOH,1948.0,,62,70,-8
200902170OKC,RS,NOH,1948.0,,62,71,-9
200902170OKC,RS,NOH,1964.0,,64,71,-7
200902170OKC,RS,NOH,1999.0,,66,71,-5
200902170OKC,RS,NOH,2059.0,,66,73,-7
200902170OKC,RS,NOH,2108.6,,66,74,-8
200902170OKC,RS,NOH,2108.6,,66,75,-9
200902170OKC,RS,NOH,2125.4,,68,75,-7
200902170OKC,RS,NOH,2137.9,,68,78,-10
200902170OKC,RS,NOH,2158.3,,71,78,-7
200902170OKC,RS,NOH,2170.0,,72,78,-6
200902170OKC,RS,NOH,2170.0,,73,78,-5
200902170OKC,RS,NOH,2204.0,,75,78,-3
200902170OKC,RS,NOH,2224.0,,75,80,-5
200902170OKC,RS,NOH,2233.0,,78,80,-2
200902170OKC,RS,NOH,2262.0,T,80,80,0
200902170OKC,RS,NOH,2279.0,,80,82,-2
200902170OKC,RS,NOH,2288.0,LC,83,82,1
200902170OKC,RS,NOH,2331.0,T,83,83,0
200902170OKC,RS,NOH,2331.0,LC,83,84,-1
200902170OKC,RS,NOH,2345.0,LC,85,84,1
200902170OKC,RS,NOH,2485.0,LC,85,87,-2
200902170OKC,RS,NOH,2501.0,T,87,87,0
200902170OKC,RS,NOH,2530.0,,87,89,-2
200902170OKC,RS,NOH,2548.0,T,89,89,0
200902170OKC,RS,NOH,2595.0,LC,90,89,1
200902170OKC,RS,NOH,2595.0,,91,89,2
200902170OKC,RS,NOH,2606.0,T,91,91,0
200902170OKC,RS,NOH,2643.0,,92,91,1
200902170OKC,RS,NOH,2643.0,,93,91,2
200902170OKC,RS,NOH,2653.0,LC,93,94,-1
200902170OKC,RS,NOH,2674.0,LC,95,94,1
200902170OKC,RS,NOH,2728.0,LC,95,96,-1
200902170OKC,RS,NOH,2822.6,,95,98,-3
200902170OKC,RS,NOH,2866.2,T,98,98,0
200902170OKC,RS,NOH,2877.3,F,98,100,-2
200902170OKC,RS,NOH,2880.0,,98,100,-2
200902200PHO,RS,PHO,0.0,,0,0,0
200902200PHO,RS,PHO,11.0,,0,2,-2
200902200PHO,RS,PHO,68.0,T,2,2,0
200902200PHO,RS,PHO,75.0,,2,4,-2
200902200PHO,RS,PHO,75.0,,2,5,-3
200902200PHO,RS,PHO,118.0,T,5,5,0
200902200PHO,RS,PHO,125.0,,5,7,-2
200902200PHO,RS,PHO,152.0,T,7,7,0
200902200PHO,RS,PHO,161.0,,7,9,-2
200902200PHO,RS,PHO,168.0,T,9,9,0
200902200PHO,RS,PHO,204.0,,9,11,-2
200902200PHO,RS,PHO,238.0,T,11,11,0
200902200PHO,RS,PHO,250.0,,11,12,-1
200902200PHO,RS,PHO,250.0,,11,13,-2
200902200PHO,RS,PHO,288.0,,11,15,-4
200902200PHO,RS,PHO,323.0,,11,17,-6
200902200PHO,RS,PHO,352.0,,11,19,-8
200902200PHO,RS,PHO,376.0,,11,21,-10
200902200PHO,RS,PHO,407.0,,11,22,-11
200902200PHO,RS,PHO,407.0,,11,23,-12
200902200PHO,RS,PHO,419.0,,13,23,-10
200902200PHO,RS,PHO,426.0,,13,25,-12
200902200PHO,RS,PHO,459.0,,13,28,-15
200902200PHO,RS,PHO,492.0,,15,28,-13
200902200PHO,RS,PHO,492.0,,16,28,-12
200902200PHO,RS,PHO,515.0,,18,28,-10
200902200PHO,RS,PHO,547.0,,19,28,-9
200902200PHO,RS,PHO,547.0,,20,28,-8
200902200PHO,RS,PHO,568.0,,20,29,-9
200902200PHO,RS,PHO,587.0,,20,31,-11
200902200PHO,RS,PHO,612.0,,20,34,-14
200902200PHO,RS,PHO,630.0,,22,34,-12
200902200PHO,RS,PHO,640.0,,22,36,-14
200902200PHO,RS,PHO,658.0,,22,38,-16
200902200PHO,RS,PHO,695.5,,23,38,-15
200902200PHO,RS,PHO,735.0,,25,38,-13
200902200PHO,RS,PHO,767.0,,26,38,-12
200902200PHO,RS,PHO,767.0,,27,38,-11
200902200PHO,RS,PHO,782.0,,27,41,-14
200902200PHO,RS,PHO,791.0,,29,41,-12
200902200PHO,RS,PHO,804.0,,29,43,-14
200902200PHO,RS,PHO,815.0,,29,45,-16
200902200PHO,RS,PHO,831.0,,31,45,-14
200902200PHO,RS,PHO,846.0,,31,48,-17
200902200PHO,RS,PHO,867.0,,33,48,-15
200902200PHO,RS,PHO,879.0,,33,49,-16
200902200PHO,RS,PHO,879.0,,33,50,-17
200902200PHO,RS,PHO,944.0,,35,50,-15
200902200PHO,RS,PHO,983.0,,35,53,-18
200902200PHO,RS,PHO,1005.0,,35,55,-20
200902200PHO,RS,PHO,1031.0,,37,55,-18
200902200PHO,RS,PHO,1049.0,,37,57,-20
200902200PHO,RS,PHO,1073.0,,40,57,-17
200902200PHO,RS,PHO,1103.0,,40,59,-19
200902200PHO,RS,PHO,1122.0,,40,61,-21
200902200PHO,RS,PHO,1143.0,,41,61,-20
200902200PHO,RS,PHO,1143.0,,42,61,-19
200902200PHO,RS,PHO,1154.0,,42,63,-21
200902200PHO,RS,PHO,1192.0,,42,65,-23
200902200PHO,RS,PHO,1214.0,,43,65,-22
200902200PHO,RS,PHO,1214.0,,44,65,-21
200902200PHO,RS,PHO,1229.0,,44,68,-24
200902200PHO,RS,PHO,1266.0,,44,69,-25
200902200PHO,RS,PHO,1266.0,,44,70,-26
200902200PHO,RS,PHO,1278.0,,47,70,-23
200902200PHO,RS,PHO,1285.0,,47,73,-26
200902200PHO,RS,PHO,1311.0,,47,75,-28
200902200PHO,RS,PHO,1323.0,,48,75,-27
200902200PHO,RS,PHO,1323.0,,49,75,-26
200902200PHO,RS,PHO,1348.0,,51,75,-24
200902200PHO,RS,PHO,1375.0,,53,75,-22
200902200PHO,RS,PHO,1391.9,,53,76,-23
200902200PHO,RS,PHO,1391.9,,53,77,-24
200902200PHO,RS,PHO,1421.2,,54,77,-23
200902200PHO,RS,PHO,1432.9,,54,79,-25
200902200PHO,RS,PHO,1439.9,,57,79,-22
200902200PHO,RS,PHO,1521.0,,59,79,-20
200902200PHO,RS,PHO,1557.0,,59,81,-22
200902200PHO,RS,PHO,1574.0,,62,81,-19
200902200PHO,RS,PHO,1615.0,,62,84,-22
200902200PHO,RS,PHO,1630.0,,65,84,-19
200902200PHO,RS,PHO,1658.0,,65,86,-21
200902200PHO,RS,PHO,1673.0,,67,86,-19
200902200PHO,RS,PHO,1684.0,,67,88,-21
200902200PHO,RS,PHO,1711.0,,69,88,-19
200902200PHO,RS,PHO,1734.0,,69,91,-22
200902200PHO,RS,PHO,1759.0,,72,91,-19
200902200PHO,RS,PHO,1815.0,,72,93,-21
200902200PHO,RS,PHO,1837.0,,74,93,-19
200902200PHO,RS,PHO,1855.0,,74,95,-21
200902200PHO,RS,PHO,1869.0,,76,95,-19
200902200PHO,RS,PHO,1940.0,,76,97,-21
200902200PHO,RS,PHO,1986.0,,77,97,-20
200902200PHO,RS,PHO,1986.0,,78,97,-19
200902200PHO,RS,PHO,2008.0,,80,97,-17
200902200PHO,RS,PHO,2008.0,,81,97,-16
200902200PHO,RS,PHO,2017.0,,81,98,-17
200902200PHO,RS,PHO,2033.0,,84,98,-14
200902200PHO,RS,PHO,2044.0,,84,99,-15
200902200PHO,RS,PHO,2064.0,,86,99,-13
200902200PHO,RS,PHO,2084.0,,89,99,-10
200902200PHO,RS,PHO,2097.0,,90,99,-9
200902200PHO,RS,PHO,2097.0,,91,99,-8
200902200PHO,RS,PHO,2110.3,,91,100,-9
200902200PHO,RS,PHO,2110.3,,91,101,-10
200902200PHO,RS,PHO,2123.1,,93,101,-8
200902200PHO,RS,PHO,2134.8,,93,103,-10
200902200PHO,RS,PHO,2180.0,,93,105,-12
200902200PHO,RS,PHO,2242.0,,95,105,-10
200902200PHO,RS,PHO,2271.0,,97,105,-8
200902200PHO,RS,PHO,2298.0,,99,105,-6
200902200PHO,RS,PHO,2376.0,,99,108,-9
200902200PHO,RS,PHO,2413.0,,101,108,-7
200902200PHO,RS,PHO,2421.0,,101,109,-8
200902200PHO,RS,PHO,2421.0,,101,110,-9
200902200PHO,RS,PHO,2444.0,,103,110,-7
200902200PHO,RS,PHO,2461.0,,103,111,-8
200902200PHO,RS,PHO,2479.0,,103,113,-10
200902200PHO,RS,PHO,2533.0,,103,115,-12
200902200PHO,RS,PHO,2560.0,,103,116,-13
200902200PHO,RS,PHO,2560.0,,103,117,-14
200902200PHO,RS,PHO,2579.0,,105,117,-12
200902200PHO,RS,PHO,2587.0,,105,119,-14
200902200PHO,RS,PHO,2614.0,,105,122,-17
200902200PHO,RS,PHO,2636.0,,108,122,-14
200902200PHO,RS,PHO,2654.0,,108,124,-16
200902200PHO,RS,PHO,2683.0,,108,126,-18
200902200PHO,RS,PHO,2683.0,,108,127,-19
200902200PHO,RS,PHO,2697.0,,110,127,-17
200902200PHO,RS,PHO,2712.0,,110,129,-19
200902200PHO,RS,PHO,2716.0,,110,131,-21
200902200PHO,RS,PHO,2723.0,,113,131,-18
200902200PHO,RS,PHO,2738.0,,113,133,-20
200902200PHO,RS,PHO,2754.0,,116,133,-17
200902200PHO,RS,PHO,2776.0,,118,133,-15
200902200PHO,RS,PHO,2784.0,,118,135,-17
200902200PHO,RS,PHO,2827.7,,118,138,-20
200902200PHO,RS,PHO,2859.3,F,118,140,-22
200902200PHO,RS,PHO,2880.0,,118,140,-22
200902210GSW,RS,GSW,0.0,,0,0,0
200902210GSW,RS,GSW,51.0,,2,0,2
200902210GSW,RS,GSW,72.0,T,2,2,0
200902210GSW,RS,GSW,93.0,,4,2,2
200902210GSW,RS,GSW,119.0,LC,4,5,-1
200902210GSW,RS,GSW,148.0,LC,6,5,1
200902210GSW,RS,GSW,165.0,,8,5,3
200902210GSW,RS,GSW,183.0,,8,7,1
200902210GSW,RS,GSW,198.0,,10,7,3
200902210GSW,RS,GSW,216.0,,12,7,5
200902210GSW,RS,GSW,241.0,,15,7,8
200902210GSW,RS,GSW,257.0,,15,8,7
200902210GSW,RS,GSW,257.0,,15,9,6
200902210GSW,RS,GSW,301.0,,17,9,8
200902210GSW,RS,GSW,315.0,,17,11,6
200902210GSW,RS,GSW,327.0,,19,11,8
200902210GSW,RS,GSW,347.0,,21,11,10
200902210GSW,RS,GSW,351.0,,21,12,9
200902210GSW,RS,GSW,351.0,,21,13,8
200902210GSW,RS,GSW,364.0,,21,14,7
200902210GSW,RS,GSW,364.0,,21,15,6
200902210GSW,RS,GSW,379.0,,22,15,7
200902210GSW,RS,GSW,379.0,,23,15,8
200902210GSW,RS,GSW,391.0,,23,17,6
200902210GSW,RS,GSW,419.0,,23,20,3
200902210GSW,RS,GSW,433.0,,25,20,5
200902210GSW,RS,GSW,459.0,,25,22,3
200902210GSW,RS,GSW,461.0,,26,22,4
200902210GSW,RS,GSW,471.0,,28,22,6
200902210GSW,RS,GSW,502.0,,31,22,9
200902210GSW,RS,GSW,518.0,,31,24,7
200902210GSW,RS,GSW,537.0,,31,26,5
200902210GSW,RS,GSW,568.0,,33,26,7
200902210GSW,RS,GSW,568.0,,34,26,8
200902210GSW,RS,GSW,583.0,,34,28,6
200902210GSW,RS,GSW,622.0,,36,28,8
200902210GSW,RS,GSW,632.0,,36,30,6
200902210GSW,RS,GSW,660.0,,38,30,8
200902210GSW,RS,GSW,689.1,,38,31,7
200902210GSW,RS,GSW,689.1,,38,32,6
200902210GSW,RS,GSW,703.1,,38,34,4
200902210GSW,RS,GSW,746.0,,40,34,6
200902210GSW,RS,GSW,759.0,,40,36,4
200902210GSW,RS,GSW,780.0,,41,36,5
200902210GSW,RS,GSW,780.0,,42,36,6
200902210GSW,RS,GSW,794.0,,42,37,5
200902210GSW,RS,GSW,835.0,,42,40,2
200902210GSW,RS,GSW,855.0,,44,40,4
200902210GSW,RS,GSW,865.0,,44,42,2
200902210GSW,RS,GSW,882.0,T,44,44,0
200902210GSW,RS,GSW,915.0,,46,44,2
200902210GSW,RS,GSW,942.0,,48,44,4
200902210GSW,RS,GSW,962.0,,50,44,6
200902210GSW,RS,GSW,973.0,,50,46,4
200902210GSW,RS,GSW,973.0,,50,47,3
200902210GSW,RS,GSW,1002.0,,51,47,4
200902210GSW,RS,GSW,1002.0,,52,47,5
200902210GSW,RS,GSW,1024.0,,52,49,3
200902210GSW,RS,GSW,1050.0,T,52,52,0
200902210GSW,RS,GSW,1079.0,LC,52,53,-1
200902210GSW,RS,GSW,1097.0,LC,54,53,1
200902210GSW,RS,GSW,1133.0,LC,54,56,-2
200902210GSW,RS,GSW,1160.0,,55,56,-1
200902210GSW,RS,GSW,1160.0,T,56,56,0
200902210GSW,RS,GSW,1181.0,,56,57,-1
200902210GSW,RS,GSW,1181.0,,56,58,-2
200902210GSW,RS,GSW,1192.0,T,58,58,0
200902210GSW,RS,GSW,1208.0,,58,59,-1
200902210GSW,RS,GSW,1208.0,,58,60,-2
200902210GSW,RS,GSW,1219.0,T,60,60,0
200902210GSW,RS,GSW,1273.0,,60,61,-1
200902210GSW,RS,GSW,1273.0,,60,62,-2
200902210GSW,RS,GSW,1304.0,,60,64,-4
200902210GSW,RS,GSW,1348.0,,60,65,-5
200902210GSW,RS,GSW,1348.0,,60,66,-6
200902210GSW,RS,GSW,1367.0,,62,66,-4
200902210GSW,RS,GSW,1375.0,,62,68,-6
200902210GSW,RS,GSW,1391.5,,64,68,-4
200902210GSW,RS,GSW,1393.6,,65,68,-3
200902210GSW,RS,GSW,1393.6,,66,68,-2
200902210GSW,RS,GSW,1407.6,T,68,68,0
200902210GSW,RS,GSW,1433.8,LC,70,68,2
200902210GSW,RS,GSW,1438.4,T,70,70,0
200902210GSW,RS,GSW,1456.0,LC,70,72,-2
200902210GSW,RS,GSW,1482.0,,70,73,-3
200902210GSW,RS,GSW,1482.0,,70,74,-4
200902210GSW,RS,GSW,1522.0,,70,76,-6
200902210GSW,RS,GSW,1535.0,,72,76,-4
200902210GSW,RS,GSW,1579.0,,72,78,-6
200902210GSW,RS,GSW,1609.0,,73,78,-5
200902210GSW,RS,GSW,1609.0,,74,78,-4
200902210GSW,RS,GSW,1621.0,,74,80,-6
200902210GSW,RS,GSW,1639.0,,74,83,-9
200902210GSW,RS,GSW,1688.0,,75,83,-8
200902210GSW,RS,GSW,1698.0,,75,85,-10
200902210GSW,RS,GSW,1707.0,,77,85,-8
200902210GSW,RS,GSW,1743.0,,79,85,-6
200902210GSW,RS,GSW,1757.0,,80,85,-5
200902210GSW,RS,GSW,1757.0,,81,85,-4
200902210GSW,RS,GSW,1772.0,,81,86,-5
200902210GSW,RS,GSW,1772.0,,81,87,-6
200902210GSW,RS,GSW,1786.0,,83,87,-4
200902210GSW,RS,GSW,1865.0,,84,87,-3
200902210GSW,RS,GSW,1865.0,,85,87,-2
200902210GSW,RS,GSW,1885.0,,85,88,-3
200902210GSW,RS,GSW,1899.0,,87,88,-1
200902210GSW,RS,GSW,1913.0,,87,90,-3
200902210GSW,RS,GSW,1913.0,,87,91,-4
200902210GSW,RS,GSW,1930.0,,87,93,-6
200902210GSW,RS,GSW,1951.0,,87,94,-7
200902210GSW,RS,GSW,1951.0,,87,95,-8
200902210GSW,RS,GSW,1968.0,,89,95,-6
200902210GSW,RS,GSW,2000.0,,89,97,-8
200902210GSW,RS,GSW,2024.0,,89,98,-9
200902210GSW,RS,GSW,2024.0,,89,99,-10
200902210GSW,RS,GSW,2041.0,,90,99,-9
200902210GSW,RS,GSW,2041.0,,91,99,-8
200902210GSW,RS,GSW,2053.0,,91,101,-10
200902210GSW,RS,GSW,2096.0,,93,101,-8
200902210GSW,RS,GSW,2154.0,,94,101,-7
200902210GSW,RS,GSW,2181.0,,96,101,-5
200902210GSW,RS,GSW,2197.0,,96,103,-7
200902210GSW,RS,GSW,2229.0,,96,106,-10
200902210GSW,RS,GSW,2288.0,,98,106,-8
200902210GSW,RS,GSW,2314.0,,100,106,-6
200902210GSW,RS,GSW,2362.0,,100,107,-7
200902210GSW,RS,GSW,2362.0,,100,108,-8
200902210GSW,RS,GSW,2377.0,,102,108,-6
200902210GSW,RS,GSW,2420.0,,104,108,-4
200902210GSW,RS,GSW,2452.0,,106,108,-2
200902210GSW,RS,GSW,2469.0,,106,109,-3
200902210GSW,RS,GSW,2469.0,,106,110,-4
200902210GSW,RS,GSW,2489.0,,107,110,-3
200902210GSW,RS,GSW,2489.0,,108,110,-2
200902210GSW,RS,GSW,2506.0,,108,112,-4
200902210GSW,RS,GSW,2527.0,,110,112,-2
200902210GSW,RS,GSW,2542.0,,110,114,-4
200902210GSW,RS,GSW,2554.0,,111,114,-3
200902210GSW,RS,GSW,2554.0,,112,114,-2
200902210GSW,RS,GSW,2566.0,,112,116,-4
200902210GSW,RS,GSW,2588.0,,112,118,-6
200902210GSW,RS,GSW,2617.0,,112,120,-8
200902210GSW,RS,GSW,2636.0,,114,120,-6
200902210GSW,RS,GSW,2653.0,,114,122,-8
200902210GSW,RS,GSW,2682.0,,114,125,-11
200902210GSW,RS,GSW,2711.0,,115,125,-10
200902210GSW,RS,GSW,2711.0,,116,125,-9
200902210GSW,RS,GSW,2735.0,,118,125,-7
200902210GSW,RS,GSW,2756.0,,118,128,-10
200902210GSW,RS,GSW,2776.0,,120,128,-8
200902210GSW,RS,GSW,2828.1,,120,130,-10
200902210GSW,RS,GSW,2828.1,,120,131,-11
200902210GSW,RS,GSW,2846.7,F,120,133,-13
200902210GSW,RS,GSW,2880.0,,120,133,-13
200902240OKC,RS,LAL,0.0,,0,0,0
200902240OKC,RS,LAL,21.0,,2,0,2
200902240OKC,RS,LAL,51.0,LC,2,3,-1
200902240OKC,RS,LAL,92.0,,2,5,-3
200902240OKC,RS,LAL,130.0,,2,7,-5
200902240OKC,RS,LAL,181.0,,2,10,-8
200902240OKC,RS,LAL,199.0,,4,10,-6
200902240OKC,RS,LAL,215.0,,4,12,-8
200902240OKC,RS,LAL,275.0,,4,14,-10
200902240OKC,RS,LAL,295.0,,6,14,-8
200902240OKC,RS,LAL,320.0,,7,14,-7
200902240OKC,RS,LAL,338.0,,7,17,-10
200902240OKC,RS,LAL,374.0,,9,17,-8
200902240OKC,RS,LAL,389.0,,9,18,-9
200902240OKC,RS,LAL,389.0,,9,19,-10
200902240OKC,RS,LAL,432.0,,9,21,-12
200902240OKC,RS,LAL,477.0,,11,21,-10
200902240OKC,RS,LAL,534.0,,14,21,-7
200902240OKC,RS,LAL,553.0,,14,23,-9
200902240OKC,RS,LAL,574.0,,16,23,-7
200902240OKC,RS,LAL,597.0,,16,25,-9
200902240OKC,RS,LAL,611.0,,17,25,-8
200902240OKC,RS,LAL,611.0,,18,25,-7
200902240OKC,RS,LAL,624.0,,18,27,-9
200902240OKC,RS,LAL,670.6,,20,27,-7
200902240OKC,RS,LAL,681.3,,20,29,-9
200902240OKC,RS,LAL,712.0,,20,32,-12
200902240OKC,RS,LAL,719.7,,22,32,-10
200902240OKC,RS,LAL,738.0,,24,32,-8
200902240OKC,RS,LAL,760.0,,24,34,-10
200902240OKC,RS,LAL,782.0,,26,34,-8
200902240OKC,RS,LAL,812.0,,27,34,-7
200902240OKC,RS,LAL,849.0,,27,36,-9
200902240OKC,RS,LAL,890.0,,27,39,-12
200902240OKC,RS,LAL,923.0,,27,40,-13
200902240OKC,RS,LAL,932.0,,27,42,-15
200902240OKC,RS,LAL,981.0,,27,44,-17
200902240OKC,RS,LAL,993.0,,29,44,-15
200902240OKC,RS,LAL,1012.0,,29,46,-17
200902240OKC,RS,LAL,1052.0,,29,47,-18
200902240OKC,RS,LAL,1080.0,,31,47,-16
200902240OKC,RS,LAL,1110.0,,34,47,-13
200902240OKC,RS,LAL,1125.0,,34,49,-15
200902240OKC,RS,LAL,1149.0,,37,49,-12
200902240OKC,RS,LAL,1205.0,,39,49,-10
200902240OKC,RS,LAL,1260.0,,39,51,-12
200902240OKC,RS,LAL,1307.0,,39,53,-14
200902240OKC,RS,LAL,1360.0,,41,53,-12
200902240OKC,RS,LAL,1395.1,,41,56,-15
200902240OKC,RS,LAL,1419.3,,44,56,-12
200902240OKC,RS,LAL,1454.0,,44,58,-14
200902240OKC,RS,LAL,1503.0,,45,58,-13
200902240OKC,RS,LAL,1517.0,,45,59,-14
200902240OKC,RS,LAL,1528.0,,47,59,-12
200902240OKC,RS,LAL,1578.0,,47,61,-14
200902240OKC,RS,LAL,1618.0,,47,62,-15
200902240OKC,RS,LAL,1618.0,,47,63,-16
200902240OKC,RS,LAL,1637.0,,49,63,-14
200902240OKC,RS,LAL,1669.0,,49,65,-16
200902240OKC,RS,LAL,1735.0,,49,67,-18
200902240OKC,RS,LAL,1747.0,,51,67,-16
200902240OKC,RS,LAL,1808.0,,53,67,-14
200902240OKC,RS,LAL,1825.0,,53,69,-16
200902240OKC,RS,LAL,1854.0,,54,69,-15
200902240OKC,RS,LAL,1854.0,,55,69,-14
200902240OKC,RS,LAL,1875.0,,55,70,-15
200902240OKC,RS,LAL,1875.0,,55,71,-16
200902240OKC,RS,LAL,1888.0,,57,71,-14
200902240OKC,RS,LAL,1940.0,,59,71,-12
200902240OKC,RS,LAL,1961.0,,59,72,-13
200902240OKC,RS,LAL,1961.0,,59,73,-14
200902240OKC,RS,LAL,1975.0,,60,73,-13
200902240OKC,RS,LAL,1975.0,,61,73,-12
200902240OKC,RS,LAL,1999.0,,63,73,-10
200902240OKC,RS,LAL,2048.0,,64,73,-9
200902240OKC,RS,LAL,2048.0,,65,73,-8
200902240OKC,RS,LAL,2119.6,,65,75,-10
200902240OKC,RS,LAL,2131.1,,68,75,-7
200902240OKC,RS,LAL,2175.0,,70,75,-5
200902240OKC,RS,LAL,2213.0,,72,75,-3
200902240OKC,RS,LAL,2249.0,,74,75,-1
200902240OKC,RS,LAL,2268.0,,74,77,-3
200902240OKC,RS,LAL,2280.0,,74,79,-5
200902240OKC,RS,LAL,2307.0,,76,79,-3
200902240OKC,RS,LAL,2307.0,,77,79,-2
200902240OKC,RS,LAL,2326.0,,77,81,-4
200902240OKC,RS,LAL,2341.0,,79,81,-2
200902240OKC,RS,LAL,2341.0,,80,81,-1
200902240OKC,RS,LAL,2353.0,,80,82,-2
200902240OKC,RS,LAL,2353.0,,80,83,-3
200902240OKC,RS,LAL,2384.0,,80,85,-5
200902240OKC,RS,LAL,2427.0,,80,87,-7
200902240OKC,RS,LAL,2448.0,,81,87,-6
200902240OKC,RS,LAL,2448.0,,82,87,-5
200902240OKC,RS,LAL,2459.0,,82,88,-6
200902240OKC,RS,LAL,2459.0,,82,89,-7
200902240OKC,RS,LAL,2489.0,,82,91,-9
200902240OKC,RS,LAL,2509.0,,83,91,-8
200902240OKC,RS,LAL,2535.0,,85,91,-6
200902240OKC,RS,LAL,2558.0,,85,93,-8
200902240OKC,RS,LAL,2593.0,,85,94,-9
200902240OKC,RS,LAL,2593.0,,85,95,-10
200902240OKC,RS,LAL,2604.0,,86,95,-9
200902240OKC,RS,LAL,2639.0,,86,96,-10
200902240OKC,RS,LAL,2652.0,,87,96,-9
200902240OKC,RS,LAL,2652.0,,88,96,-8
200902240OKC,RS,LAL,2652.0,,89,96,-7
200902240OKC,RS,LAL,2667.0,,89,98,-9
200902240OKC,RS,LAL,2716.0,,89,100,-11
200902240OKC,RS,LAL,2777.0,,89,102,-13
200902240OKC,RS,LAL,2794.0,,89,104,-15
200902240OKC,RS,LAL,2797.0,,90,104,-14
200902240OKC,RS,LAL,2797.0,,91,104,-13
200902240OKC,RS,LAL,2856.9,,91,107,-16
200902240OKC,RS,LAL,2864.7,F,93,107,-14
200902240OKC,RS,LAL,2880.0,,93,107,-14
200902270DAL,RS,DAL,0.0,,0,0,0
200902270DAL,RS,DAL,44.0,,0,2,-2
200902270DAL,RS,DAL,63.0,T,2,2,0
200902270DAL,RS,DAL,96.0,LC,4,2,2
200902270DAL,RS,DAL,114.0,T,4,4,0
200902270DAL,RS,DAL,147.0,LC,4,6,-2
200902270DAL,RS,DAL,180.0,,4,7,-3
200902270DAL,RS,DAL,212.0,,4,9,-5
200902270DAL,RS,DAL,230.0,,6,9,-3
200902270DAL,RS,DAL,245.0,,6,11,-5
200902270DAL,RS,DAL,245.0,,6,12,-6
200902270DAL,RS,DAL,287.0,,7,12,-5
200902270DAL,RS,DAL,287.0,,8,12,-4
200902270DAL,RS,DAL,309.0,,10,12,-2
200902270DAL,RS,DAL,323.0,,10,14,-4
200902270DAL,RS,DAL,335.0,,12,14,-2
200902270DAL,RS,DAL,346.0,,12,16,-4
200902270DAL,RS,DAL,389.0,,12,18,-6
200902270DAL,RS,DAL,415.0,,12,20,-8
200902270DAL,RS,DAL,440.0,,14,20,-6
200902270DAL,RS,DAL,475.0,,17,20,-3
200902270DAL,RS,DAL,552.0,,18,20,-2
200902270DAL,RS,DAL,552.0,,19,20,-1
200902270DAL,RS,DAL,604.0,,19,22,-3
200902270DAL,RS,DAL,633.0,,19,24,-5
200902270DAL,RS,DAL,717.7,,20,24,-4
200902270DAL,RS,DAL,717.7,,21,24,-3
200902270DAL,RS,DAL,717.7,,22,24,-2
200902270DAL,RS,DAL,733.0,T,24,24,0
200902270DAL,RS,DAL,754.0,,24,25,-1
200902270DAL,RS,DAL,783.0,LC,26,25,1
200902270DAL,RS,DAL,801.0,T,26,26,0
200902270DAL,RS,DAL,801.0,LC,26,27,-1
200902270DAL,RS,DAL,822.0,LC,28,27,1
200902270DAL,RS,DAL,854.0,LC,28,29,-1
200902270DAL,RS,DAL,874.0,,28,31,-3
200902270DAL,RS,DAL,880.0,,30,31,-1
200902270DAL,RS,DAL,991.0,,30,33,-3
200902270DAL,RS,DAL,1016.0,,31,33,-2
200902270DAL,RS,DAL,1036.0,T,33,33,0
200902270DAL,RS,DAL,1081.0,,33,35,-2
200902270DAL,RS,DAL,1102.0,T,35,35,0
200902270DAL,RS,DAL,1121.0,,35,36,-1
200902270DAL,RS,DAL,1121.0,,35,37,-2
200902270DAL,RS,DAL,1180.0,T,37,37,0
200902270DAL,RS,DAL,1191.0,,37,38,-1
200902270DAL,RS,DAL,1191.0,,37,39,-2
200902270DAL,RS,DAL,1209.0,T,39,39,0
200902270DAL,RS,DAL,1222.0,,39,41,-2
200902270DAL,RS,DAL,1254.0,T,41,41,0
200902270DAL,RS,DAL,1296.0,,41,43,-2
200902270DAL,RS,DAL,1314.0,T,43,43,0
200902270DAL,RS,DAL,1357.0,,43,45,-2
200902270DAL,RS,DAL,1357.0,,43,46,-3
200902270DAL,RS,DAL,1397.8,,43,48,-5
200902270DAL,RS,DAL,1497.0,,45,48,-3
200902270DAL,RS,DAL,1509.0,,45,50,-5
200902270DAL,RS,DAL,1535.0,,48,50,-2
200902270DAL,RS,DAL,1557.0,,48,52,-4
200902270DAL,RS,DAL,1567.0,,49,52,-3
200902270DAL,RS,DAL,1634.0,,51,52,-1
200902270DAL,RS,DAL,1680.0,,51,53,-2
200902270DAL,RS,DAL,1697.0,T,53,53,0
200902270DAL,RS,DAL,1743.0,LC,56,53,3
200902270DAL,RS,DAL,1759.0,T,56,56,0
200902270DAL,RS,DAL,1781.0,,58,56,2
200902270DAL,RS,DAL,1802.0,T,58,58,0
200902270DAL,RS,DAL,1828.0,LC,58,59,-1
200902270DAL,RS,DAL,1850.0,,58,61,-3
200902270DAL,RS,DAL,1955.0,,60,61,-1
200902270DAL,RS,DAL,1982.0,LC,63,61,2
200902270DAL,RS,DAL,2074.0,T,63,63,0
200902270DAL,RS,DAL,2114.4,,65,63,2
200902270DAL,RS,DAL,2147.6,,67,63,4
200902270DAL,RS,DAL,2157.2,,67,64,3
200902270DAL,RS,DAL,2158.0,,68,64,4
200902270DAL,RS,DAL,2158.0,,69,64,5
200902270DAL,RS,DAL,2179.0,,69,66,3
200902270DAL,RS,DAL,2203.0,,71,66,5
200902270DAL,RS,DAL,2239.0,,71,68,3
200902270DAL,RS,DAL,2262.0,,71,69,2
200902270DAL,RS,DAL,2292.0,T,71,71,0
200902270DAL,RS,DAL,2306.0,,72,71,1
200902270DAL,RS,DAL,2306.0,,73,71,2
200902270DAL,RS,DAL,2331.0,,75,71,4
200902270DAL,RS,DAL,2331.0,,76,71,5
200902270DAL,RS,DAL,2352.0,,76,73,3
200902270DAL,RS,DAL,2369.0,,78,73,5
200902270DAL,RS,DAL,2429.0,,79,73,6
200902270DAL,RS,DAL,2429.0,,80,73,7
200902270DAL,RS,DAL,2462.0,,82,73,9
200902270DAL,RS,DAL,2500.0,,85,73,12
200902270DAL,RS,DAL,2516.0,,85,75,10
200902270DAL,RS,DAL,2574.0,,87,75,12
200902270DAL,RS,DAL,2593.0,,87,77,10
200902270DAL,RS,DAL,2593.0,,87,78,9
200902270DAL,RS,DAL,2634.0,,87,80,7
200902270DAL,RS,DAL,2669.0,,87,82,5
200902270DAL,RS,DAL,2708.0,,87,84,3
200902270DAL,RS,DAL,2708.0,,87,85,2
200902270DAL,RS,DAL,2736.0,T,87,87,0
200902270DAL,RS,DAL,2771.0,LC,87,89,-2
200902270DAL,RS,DAL,2798.0,,87,91,-4
200902270DAL,RS,DAL,2806.0,,90,91,-1
200902270DAL,RS,DAL,2834.0,,90,93,-3
200902270DAL,RS,DAL,2853.4,,90,95,-5
200902270DAL,RS,DAL,2857.3,,91,95,-4
200902270DAL,RS,DAL,2857.3,,92,95,-3
200902270DAL,RS,DAL,2863.0,T,95,95,0
200902270DAL,RS,DAL,2902.0,LC,96,95,1
200902270DAL,RS,DAL,2902.0,,97,95,2
200902270DAL,RS,DAL,2919.0,LC,97,98,-1
200902270DAL,RS,DAL,3034.0,LC,99,98,1
200902270DAL,RS,DAL,3051.0,T,99,99,0
200902270DAL,RS,DAL,3051.0,LC,99,100,-1
200902270DAL,RS,DAL,3081.0,,99,103,-4
200902270DAL,RS,DAL,3135.4,,101,103,-2
200902270DAL,RS,DAL,3159.3,,101,106,-5
200902270DAL,RS,DAL,3166.4,,103,106,-3
200902270DAL,RS,DAL,3169.2,,103,107,-4
200902270DAL,RS,DAL,3169.2,,103,108,-5
200902270DAL,RS,DAL,3172.9,,104,108,-4
200902270DAL,RS,DAL,3172.9,,105,108,-3
200902270DAL,RS,DAL,3172.9,,106,108,-2
200902270DAL,RS,DAL,3173.6,,106,109,-3
200902270DAL,RS,DAL,3173.6,,106,110,-4
200902270DAL,RS,DAL,3179.7,F,108,110,-2
200902270DAL,RS,DAL,3180.0,,108,110,-2
200902280MEM,RS,MEM,0.0,,0,0,0
200902280MEM,RS,MEM,27.0,,0,2,-2
200902280MEM,RS,MEM,45.0,T,2,2,0
200902280MEM,RS,MEM,45.0,LC,3,2,1
200902280MEM,RS,MEM,91.0,,5,2,3
200902280MEM,RS,MEM,123.0,,7,2,5
200902280MEM,RS,MEM,144.0,,7,4,3
200902280MEM,RS,MEM,164.0,,10,4,6
200902280MEM,RS,MEM,179.0,,10,6,4
200902280MEM,RS,MEM,216.0,,12,6,6
200902280MEM,RS,MEM,262.0,,12,8,4
200902280MEM,RS,MEM,297.0,,13,8,5
200902280MEM,RS,MEM,324.0,,15,8,7
200902280MEM,RS,MEM,344.0,,15,10,5
200902280MEM,RS,MEM,367.0,,18,10,8
200902280MEM,RS,MEM,390.0,,18,12,6
200902280MEM,RS,MEM,412.0,,20,12,8
200902280MEM,RS,MEM,447.0,,22,12,10
200902280MEM,RS,MEM,447.0,,23,12,11
200902280MEM,RS,MEM,582.0,,23,14,9
200902280MEM,RS,MEM,592.0,,24,14,10
200902280MEM,RS,MEM,592.0,,25,14,11
200902280MEM,RS,MEM,617.0,,27,14,13
200902280MEM,RS,MEM,628.0,,27,16,11
200902280MEM,RS,MEM,683.8,,27,17,10
200902280MEM,RS,MEM,707.6,,29,17,12
200902280MEM,RS,MEM,737.0,,31,17,14
200902280MEM,RS,MEM,776.0,,31,19,12
200902280MEM,RS,MEM,797.0,,33,19,14
200902280MEM,RS,MEM,812.0,,33,20,13
200902280MEM,RS,MEM,812.0,,33,21,12
200902280MEM,RS,MEM,859.0,,33,24,9
200902280MEM,RS,MEM,898.0,,33,26,7
200902280MEM,RS,MEM,922.0,,33,28,5
200902280MEM,RS,MEM,953.0,,35,28,7
200902280MEM,RS,MEM,953.0,,36,28,8
200902280MEM,RS,MEM,992.0,,38,28,10
200902280MEM,RS,MEM,1008.0,,38,29,9
200902280MEM,RS,MEM,1008.0,,38,30,8
200902280MEM,RS,MEM,1033.0,,38,32,6
200902280MEM,RS,MEM,1063.0,,38,34,4
200902280MEM,RS,MEM,1070.0,,40,34,6
200902280MEM,RS,MEM,1082.0,,40,35,5
200902280MEM,RS,MEM,1114.0,,42,35,7
200902280MEM,RS,MEM,1139.0,,42,37,5
200902280MEM,RS,MEM,1151.0,,43,37,6
200902280MEM,RS,MEM,1170.0,,43,39,4
200902280MEM,RS,MEM,1182.0,,44,39,5
200902280MEM,RS,MEM,1182.0,,45,39,6
200902280MEM,RS,MEM,1206.0,,45,41,4
200902280MEM,RS,MEM,1230.0,,47,41,6
200902280MEM,RS,MEM,1290.0,,49,41,8
200902280MEM,RS,MEM,1315.0,,51,41,10
200902280MEM,RS,MEM,1336.0,,51,43,8
200902280MEM,RS,MEM,1373.0,,52,43,9
200902280MEM,RS,MEM,1384.4,,52,45,7
200902280MEM,RS,MEM,1412.1,,53,45,8
200902280MEM,RS,MEM,1412.1,,54,45,9
200902280MEM,RS,MEM,1439.9,,56,45,11
200902280MEM,RS,MEM,1464.0,,58,45,13
200902280MEM,RS,MEM,1504.0,,58,47,11
200902280MEM,RS,MEM,1516.0,,60,47,13
200902280MEM,RS,MEM,1557.0,,61,47,14
200902280MEM,RS,MEM,1557.0,,62,47,15
200902280MEM,RS,MEM,1570.0,,62,49,13
200902280MEM,RS,MEM,1646.0,,64,49,15
200902280MEM,RS,MEM,1733.0,,64,51,13
200902280MEM,RS,MEM,1733.0,,64,52,12
200902280MEM,RS,MEM,1766.0,,64,54,10
200902280MEM,RS,MEM,1797.0,,64,56,8
200902280MEM,RS,MEM,1817.0,,64,58,6
200902280MEM,RS,MEM,1835.0,,66,58,8
200902280MEM,RS,MEM,1895.0,,69,58,11
200902280MEM,RS,MEM,1984.0,,72,58,14
200902280MEM,RS,MEM,2054.0,,74,58,16
200902280MEM,RS,MEM,2075.0,,74,61,13
200902280MEM,RS,MEM,2117.2,,75,61,14
200902280MEM,RS,MEM,2157.9,,76,61,15
200902280MEM,RS,MEM,2157.9,,77,61,16
200902280MEM,RS,MEM,2181.0,,77,62,15
200902280MEM,RS,MEM,2181.0,,77,63,14
200902280MEM,RS,MEM,2205.0,,77,65,12
200902280MEM,RS,MEM,2242.0,,77,67,10
200902280MEM,RS,MEM,2266.0,,78,67,11
200902280MEM,RS,MEM,2266.0,,79,67,12
200902280MEM,RS,MEM,2283.0,,79,70,9
200902280MEM,RS,MEM,2346.0,,81,70,11
200902280MEM,RS,MEM,2365.0,,81,72,9
200902280MEM,RS,MEM,2365.0,,81,73,8
200902280MEM,RS,MEM,2389.0,,83,73,10
200902280MEM,RS,MEM,2401.0,,83,74,9
200902280MEM,RS,MEM,2401.0,,83,75,8
200902280MEM,RS,MEM,2419.0,,85,75,10
200902280MEM,RS,MEM,2419.0,,86,75,11
200902280MEM,RS,MEM,2435.0,,87,75,12
200902280MEM,RS,MEM,2492.0,,87,76,11
200902280MEM,RS,MEM,2492.0,,87,77,10
200902280MEM,RS,MEM,2527.0,,87,78,9
200902280MEM,RS,MEM,2527.0,,87,79,8
200902280MEM,RS,MEM,2553.0,,87,81,6
200902280MEM,RS,MEM,2661.0,,89,81,8
200902280MEM,RS,MEM,2683.0,,90,81,9
200902280MEM,RS,MEM,2702.0,,90,83,7
200902280MEM,RS,MEM,2728.0,,91,83,8
200902280MEM,RS,MEM,2728.0,,92,83,9
200902280MEM,RS,MEM,2775.0,,92,85,7
200902280MEM,RS,MEM,2801.0,,92,86,6
200902280MEM,RS,MEM,2801.0,,92,87,5
200902280MEM,RS,MEM,2822.7,,94,87,7
200902280MEM,RS,MEM,2823.6,,94,89,5
200902280MEM,RS,MEM,2825.9,,95,89,6
200902280MEM,RS,MEM,2833.0,,95,91,4
200902280MEM,RS,MEM,2861.9,,95,92,3
200902280MEM,RS,MEM,2864.8,,96,92,4
200902280MEM,RS,MEM,2864.8,,97,92,5
200902280MEM,RS,MEM,2877.8,,98,92,6
200902280MEM,RS,MEM,2877.8,F,99,92,7
200902280MEM,RS,MEM,2880.0,,99,92,7
200903020OKC,RS,DAL,0.0,,0,0,0
200903020OKC,RS,DAL,35.0,,2,0,2
200903020OKC,RS,DAL,85.0,T,2,2,0
200903020OKC,RS,DAL,108.0,,4,2,2
200903020OKC,RS,DAL,151.0,T,4,4,0
200903020OKC,RS,DAL,168.0,,6,4,2
200903020OKC,RS,DAL,184.0,T,6,6,0
200903020OKC,RS,DAL,202.0,,8,6,2
200903020OKC,RS,DAL,202.0,,9,6,3
200903020OKC,RS,DAL,218.0,,9,8,1
200903020OKC,RS,DAL,304.0,LC,9,10,-1
200903020OKC,RS,DAL,366.0,LC,11,10,1
200903020OKC,RS,DAL,429.0,,13,10,3
200903020OKC,RS,DAL,452.0,,13,12,1
200903020OKC,RS,DAL,468.0,,15,12,3
200903020OKC,RS,DAL,492.0,,15,14,1
200903020OKC,RS,DAL,534.0,LC,15,17,-2
200903020OKC,RS,DAL,553.0,T,17,17,0
200903020OKC,RS,DAL,605.0,LC,19,17,2
200903020OKC,RS,DAL,639.0,T,19,19,0
200903020OKC,RS,DAL,660.0,,21,19,2
200903020OKC,RS,DAL,660.0,,22,19,3
200903020OKC,RS,DAL,672.7,,22,21,1
200903020OKC,RS,DAL,695.5,LC,22,23,-1
200903020OKC,RS,DAL,695.5,T,23,23,0
200903020OKC,RS,DAL,756.0,LC,25,23,2
200903020OKC,RS,DAL,851.0,,27,23,4
200903020OKC,RS,DAL,872.0,,27,25,2
200903020OKC,RS,DAL,892.0,,29,25,4
200903020OKC,RS,DAL,910.0,,29,27,2
200903020OKC,RS,DAL,934.0,,31,27,4
200903020OKC,RS,DAL,958.0,,33,27,6
200903020OKC,RS,DAL,979.0,,33,29,4
200903020OKC,RS,DAL,996.0,,35,29,6
200903020OKC,RS,DAL,1016.0,,35,31,4
200903020OKC,RS,DAL,1031.0,,37,31,6
200903020OKC,RS,DAL,1052.0,,37,32,5
200903020OKC,RS,DAL,1052.0,,37,33,4
200903020OKC,RS,DAL,1085.0,,37,35,2
200903020OKC,RS,DAL,1140.0,,40,35,5
200903020OKC,RS,DAL,1159.0,,41,35,6
200903020OKC,RS,DAL,1159.0,,42,35,7
200903020OKC,RS,DAL,1181.0,,42,37,5
200903020OKC,RS,DAL,1196.0,,42,40,2
200903020OKC,RS,DAL,1237.0,T,42,42,0
200903020OKC,RS,DAL,1302.0,,44,42,2
200903020OKC,RS,DAL,1345.0,,46,42,4
200903020OKC,RS,DAL,1380.0,,48,42,6
200903020OKC,RS,DAL,1392.6,,48,44,4
200903020OKC,RS,DAL,1462.0,,50,44,6
200903020OKC,RS,DAL,1473.0,,50,46,4
200903020OKC,RS,DAL,1488.0,,51,46,5
200903020OKC,RS,DAL,1488.0,,52,46,6
200903020OKC,RS,DAL,1519.0,,54,46,8
200903020OKC,RS,DAL,1545.0,,57,46,11
200903020OKC,RS,DAL,1557.0,,57,48,9
200903020OKC,RS,DAL,1574.0,,59,48,11
200903020OKC,RS,DAL,1584.0,,59,49,10
200903020OKC,RS,DAL,1629.0,,61,49,12
200903020OKC,RS,DAL,1684.0,,63,49,14
200903020OKC,RS,DAL,1716.0,,65,49,16
200903020OKC,RS,DAL,1768.0,,66,49,17
200903020OKC,RS,DAL,1817.0,,68,49,19
200903020OKC,RS,DAL,1834.0,,68,51,17
200903020OKC,RS,DAL,1846.0,,70,51,19
200903020OKC,RS,DAL,1883.0,,71,51,20
200903020OKC,RS,DAL,1915.0,,72,51,21
200903020OKC,RS,DAL,1915.0,,73,51,22
200903020OKC,RS,DAL,1973.0,,73,54,19
200903020OKC,RS,DAL,1988.0,,74,54,20
200903020OKC,RS,DAL,2036.0,,76,54,22
200903020OKC,RS,DAL,2047.0,,76,55,21
200903020OKC,RS,DAL,2047.0,,76,56,20
200903020OKC,RS,DAL,2101.2,,79,56,23
200903020OKC,RS,DAL,2137.5,,79,59,20
200903020OKC,RS,DAL,2204.0,,79,60,19
200903020OKC,RS,DAL,2204.0,,79,61,18
200903020OKC,RS,DAL,2243.0,,79,63,16
200903020OKC,RS,DAL,2270.0,,79,64,15
200903020OKC,RS,DAL,2270.0,,79,65,14
200903020OKC,RS,DAL,2297.0,,79,66,13
200903020OKC,RS,DAL,2297.0,,79,67,12
200903020OKC,RS,DAL,2312.0,,81,67,14
200903020OKC,RS,DAL,2368.0,,81,69,12
200903020OKC,RS,DAL,2368.0,,81,70,11
200903020OKC,RS,DAL,2409.0,,81,73,8
200903020OKC,RS,DAL,2488.0,,81,75,6
200903020OKC,RS,DAL,2505.0,,82,75,7
200903020OKC,RS,DAL,2505.0,,83,75,8
200903020OKC,RS,DAL,2523.0,,83,77,6
200903020OKC,RS,DAL,2540.0,,86,77,9
200903020OKC,RS,DAL,2556.0,,86,79,7
200903020OKC,RS,DAL,2574.0,,88,79,9
200903020OKC,RS,DAL,2595.0,,88,81,7
200903020OKC,RS,DAL,2628.0,,88,84,4
200903020OKC,RS,DAL,2639.0,,91,84,7
200903020OKC,RS,DAL,2760.0,,93,84,9
200903020OKC,RS,DAL,2835.1,,95,84,11
200903020OKC,RS,DAL,2835.1,,96,84,12
200903020OKC,RS,DAL,2871.9,F,96,87,9
200903020OKC,RS,DAL,2880.0,,96,87,9
200903040OKC,RS,WAS,0.0,,0,0,0
200903040OKC,RS,WAS,26.0,,2,0,2
200903040OKC,RS,WAS,49.0,T,2,2,0
200903040OKC,RS,WAS,94.0,LC,2,4,-2
200903040OKC,RS,WAS,115.0,T,4,4,0
200903040OKC,RS,WAS,129.0,,4,6,-2
200903040OKC,RS,WAS,141.0,T,6,6,0
200903040OKC,RS,WAS,194.0,,6,8,-2
200903040OKC,RS,WAS,256.0,,6,10,-4
200903040OKC,RS,WAS,275.0,,8,10,-2
200903040OKC,RS,WAS,288.0,,8,11,-3
200903040OKC,RS,WAS,288.0,,8,12,-4
200903040OKC,RS,WAS,315.0,,10,12,-2
200903040OKC,RS,WAS,332.0,,10,14,-4
200903040OKC,RS,WAS,341.0,,12,14,-2
200903040OKC,RS,WAS,360.0,,12,16,-4
200903040OKC,RS,WAS,397.0,,12,18,-6
200903040OKC,RS,WAS,414.0,,14,18,-4
200903040OKC,RS,WAS,472.0,,16,18,-2
200903040OKC,RS,WAS,501.0,,17,18,-1
200903040OKC,RS,WAS,501.0,T,18,18,0
200903040OKC,RS,WAS,528.0,,18,20,-2
200903040OKC,RS,WAS,549.0,,18,22,-4
200903040OKC,RS,WAS,603.0,,20,22,-2
200903040OKC,RS,WAS,687.0,,20,24,-4
200903040OKC,RS,WAS,719.6,,20,25,-5
200903040OKC,RS,WAS,719.6,,20,26,-6
200903040OKC,RS,WAS,735.0,,21,26,-5
200903040OKC,RS,WAS,735.0,,22,26,-4
200903040OKC,RS,WAS,753.0,,22,28,-6
200903040OKC,RS,WAS,774.0,,24,28,-4
200903040OKC,RS,WAS,823.0,,26,28,-2
200903040OKC,RS,WAS,946.0,,26,31,-5
200903040OKC,RS,WAS,990.0,,26,33,-7
200903040OKC,RS,WAS,1007.0,,28,33,-5
200903040OKC,RS,WAS,1035.0,,30,33,-3
200903040OKC,RS,WAS,1063.0,,32,33,-1
200903040OKC,RS,WAS,1093.0,LC,34,33,1
200903040OKC,RS,WAS,1108.0,LC,34,35,-1
200903040OKC,RS,WAS,1121.0,LC,36,35,1
200903040OKC,RS,WAS,1191.0,LC,36,37,-1
200903040OKC,RS,WAS,1212.0,LC,38,37,1
200903040OKC,RS,WAS,1228.0,LC,38,39,-1
200903040OKC,RS,WAS,1247.0,LC,40,39,1
200903040OKC,RS,WAS,1276.0,,42,39,3
200903040OKC,RS,WAS,1340.0,,42,41,1
200903040OKC,RS,WAS,1408.7,,43,41,2
200903040OKC,RS,WAS,1408.7,,44,41,3
200903040OKC,RS,WAS,1422.2,,44,42,2
200903040OKC,RS,WAS,1422.2,,44,43,1
200903040OKC,RS,WAS,1458.0,,46,43,3
200903040OKC,RS,WAS,1489.0,,46,45,1
200903040OKC,RS,WAS,1505.0,,48,45,3
200903040OKC,RS,WAS,1549.0,,50,45,5
200903040OKC,RS,WAS,1603.0,,52,45,7
200903040OKC,RS,WAS,1624.0,,52,48,4
200903040OKC,RS,WAS,1673.0,,52,50,2
200903040OKC,RS,WAS,1732.0,,55,50,5
200903040OKC,RS,WAS,1754.0,,55,52,3
200903040OKC,RS,WAS,1769.0,,57,52,5
200903040OKC,RS,WAS,1818.0,,59,52,7
200903040OKC,RS,WAS,1834.0,,59,54,5
200903040OKC,RS,WAS,1867.0,,59,55,4
200903040OKC,RS,WAS,1954.0,,61,55,6
200903040OKC,RS,WAS,1966.0,,61,57,4
200903040OKC,RS,WAS,1987.0,,63,57,6
200903040OKC,RS,WAS,2010.0,,63,58,5
200903040OKC,RS,WAS,2025.0,,65,58,7
200903040OKC,RS,WAS,2054.0,,68,58,10
200903040OKC,RS,WAS,2067.0,,68,60,8
200903040OKC,RS,WAS,2095.0,,68,61,7
200903040OKC,RS,WAS,2095.0,,68,62,6
200903040OKC,RS,WAS,2182.0,,68,63,5
200903040OKC,RS,WAS,2182.0,,68,64,4
200903040OKC,RS,WAS,2191.0,,69,64,5
200903040OKC,RS,WAS,2206.0,,69,66,3
200903040OKC,RS,WAS,2247.0,T,69,69,0
200903040OKC,RS,WAS,2261.0,,71,69,2
200903040OKC,RS,WAS,2283.0,,71,70,1
200903040OKC,RS,WAS,2283.0,T,71,71,0
200903040OKC,RS,WAS,2297.0,,72,71,1
200903040OKC,RS,WAS,2357.0,T,72,72,0
200903040OKC,RS,WAS,2398.0,LC,72,74,-2
200903040OKC,RS,WAS,2453.0,,72,76,-4
200903040OKC,RS,WAS,2478.0,,75,76,-1
200903040OKC,RS,WAS,2544.0,LC,77,76,1
200903040OKC,RS,WAS,2565.0,,78,76,2
200903040OKC,RS,WAS,2573.0,,78,77,1
200903040OKC,RS,WAS,2573.0,T,78,78,0
200903040OKC,RS,WAS,2584.0,,80,78,2
200903040OKC,RS,WAS,2598.0,,80,79,1
200903040OKC,RS,WAS,2624.0,,82,79,3
200903040OKC,RS,WAS,2683.0,,82,81,1
200903040OKC,RS,WAS,2728.0,T,82,82,0
200903040OKC,RS,WAS,2728.0,LC,82,83,-1
200903040OKC,RS,WAS,2773.0,LC,84,83,1
200903040OKC,RS,WAS,2846.7,,86,83,3
200903040OKC,RS,WAS,2870.5,,87,83,4
200903040OKC,RS,WAS,2870.5,F,88,83,5
200903040OKC,RS,WAS,2880.0,,88,83,5
200903070NOH,RS,NOH,0.0,,0,0,0
200903070NOH,RS,NOH,25.0,,0,2,-2
200903070NOH,RS,NOH,52.0,LC,3,2,1
200903070NOH,RS,NOH,68.0,T,3,3,0
200903070NOH,RS,NOH,68.0,LC,3,4,-1
200903070NOH,RS,NOH,89.0,,3,6,-3
200903070NOH,RS,NOH,156.0,,3,7,-4
200903070NOH,RS,NOH,194.0,,3,9,-6
200903070NOH,RS,NOH,211.0,,3,11,-8
200903070NOH,RS,NOH,257.0,,5,11,-6
200903070NOH,RS,NOH,268.0,,5,13,-8
200903070NOH,RS,NOH,304.0,,5,15,-10
200903070NOH,RS,NOH,325.0,,5,17,-12
200903070NOH,RS,NOH,343.0,,6,17,-11
200903070NOH,RS,NOH,371.0,,8,17,-9
200903070NOH,RS,NOH,412.0,,8,19,-11
200903070NOH,RS,NOH,430.0,,8,21,-13
200903070NOH,RS,NOH,450.0,,10,21,-11
200903070NOH,RS,NOH,507.0,,11,21,-10
200903070NOH,RS,NOH,513.0,,13,21,-8
200903070NOH,RS,NOH,541.0,,16,21,-5
200903070NOH,RS,NOH,553.0,,16,23,-7
200903070NOH,RS,NOH,553.0,,16,24,-8
200903070NOH,RS,NOH,624.0,,16,27,-11
200903070NOH,RS,NOH,645.0,,18,27,-9
200903070NOH,RS,NOH,676.0,,18,29,-11
200903070NOH,RS,NOH,689.7,,18,31,-13
200903070NOH,RS,NOH,741.0,,20,31,-11
200903070NOH,RS,NOH,780.0,,22,31,-9
200903070NOH,RS,NOH,811.0,,24,31,-7
200903070NOH,RS,NOH,875.0,,27,31,-4
200903070NOH,RS,NOH,948.0,,29,31,-2
200903070NOH,RS,NOH,968.0,,29,33,-4
200903070NOH,RS,NOH,1003.0,,31,33,-2
200903070NOH,RS,NOH,1025.0,,31,35,-4
200903070NOH,RS,NOH,1036.0,,33,35,-2
200903070NOH,RS,NOH,1048.0,,33,37,-4
200903070NOH,RS,NOH,1073.0,,34,37,-3
200903070NOH,RS,NOH,1073.0,,35,37,-2
200903070NOH,RS,NOH,1107.0,,35,39,-4
200903070NOH,RS,NOH,1125.0,,37,39,-2
200903070NOH,RS,NOH,1162.0,T,39,39,0
200903070NOH,RS,NOH,1239.0,,39,40,-1
200903070NOH,RS,NOH,1239.0,,39,41,-2
200903070NOH,RS,NOH,1268.0,,39,44,-5
200903070NOH,RS,NOH,1306.0,,39,46,-7
200903070NOH,RS,NOH,1320.0,,41,46,-5
200903070NOH,RS,NOH,1330.0,,41,47,-6
200903070NOH,RS,NOH,1342.0,,43,47,-4
200903070NOH,RS,NOH,1369.0,,43,49,-6
200903070NOH,RS,NOH,1385.1,,44,49,-5
200903070NOH,RS,NOH,1385.1,,45,49,-4
200903070NOH,RS,NOH,1403.0,,45,51,-6
200903070NOH,RS,NOH,1410.2,,46,51,-5
200903070NOH,RS,NOH,1410.2,,47,51,-4
200903070NOH,RS,NOH,1430.1,,47,53,-6
200903070NOH,RS,NOH,1439.7,,49,53,-4
200903070NOH,RS,NOH,1455.0,,51,53,-2
200903070NOH,RS,NOH,1538.0,LC,54,53,1
200903070NOH,RS,NOH,1561.0,LC,54,55,-1
200903070NOH,RS,NOH,1590.0,,54,57,-3
200903070NOH,RS,NOH,1686.0,,56,57,-1
200903070NOH,RS,NOH,1725.0,,56,59,-3
200903070NOH,RS,NOH,1725.0,,56,60,-4
200903070NOH,RS,NOH,1745.0,,56,61,-5
200903070NOH,RS,NOH,1745.0,,56,62,-6
200903070NOH,RS,NOH,1776.0,,56,64,-8
200903070NOH,RS,NOH,1796.0,,58,64,-6
200903070NOH,RS,NOH,1821.0,,60,64,-4
200903070NOH,RS,NOH,1821.0,,61,64,-3
200903070NOH,RS,NOH,1831.0,,61,65,-4
200903070NOH,RS,NOH,1831.0,,61,66,-5
200903070NOH,RS,NOH,1858.0,,61,67,-6
200903070NOH,RS,NOH,1892.0,,61,69,-8
200903070NOH,RS,NOH,1932.0,,61,71,-10
200903070NOH,RS,NOH,1952.0,,62,71,-9
200903070NOH,RS,NOH,1952.0,,63,71,-8
200903070NOH,RS,NOH,1968.0,,65,71,-6
200903070NOH,RS,NOH,1998.0,,67,71,-4
200903070NOH,RS,NOH,2064.0,,67,72,-5
200903070NOH,RS,NOH,2064.0,,67,73,-6
200903070NOH,RS,NOH,2102.9,,69,73,-4
200903070NOH,RS,NOH,2126.8,,69,76,-7
200903070NOH,RS,NOH,2126.8,,70,76,-6
200903070NOH,RS,NOH,2139.6,,71,76,-5
200903070NOH,RS,NOH,2139.6,,72,76,-4
200903070NOH,RS,NOH,2182.0,,72,78,-6
200903070NOH,RS,NOH,2228.0,,72,79,-7
200903070NOH,RS,NOH,2239.0,,73,79,-6
200903070NOH,RS,NOH,2270.0,,73,82,-9
200903070NOH,RS,NOH,2323.0,,73,84,-11
200903070NOH,RS,NOH,2352.0,,73,85,-12
200903070NOH,RS,NOH,2352.0,,73,86,-13
200903070NOH,RS,NOH,2371.0,,74,86,-12
200903070NOH,RS,NOH,2371.0,,75,86,-11
200903070NOH,RS,NOH,2436.0,,75,89,-14
200903070NOH,RS,NOH,2487.0,,75,91,-16
200903070NOH,RS,NOH,2492.0,,77,91,-14
200903070NOH,RS,NOH,2521.0,,77,93,-16
200903070NOH,RS,NOH,2557.0,,77,95,-18
200903070NOH,RS,NOH,2578.0,,79,95,-16
200903070NOH,RS,NOH,2588.0,,79,97,-18
200903070NOH,RS,NOH,2655.0,,79,99,-20
200903070NOH,RS,NOH,2671.0,,81,99,-18
200903070NOH,RS,NOH,2685.0,,81,101,-20
200903070NOH,RS,NOH,2745.0,,83,101,-18
200903070NOH,RS,NOH,2767.0,,83,103,-20
200903070NOH,RS,NOH,2775.0,,86,103,-17
200903070NOH,RS,NOH,2795.0,,86,105,-19
200903070NOH,RS,NOH,2819.0,,88,105,-17
200903070NOH,RS,NOH,2832.5,,88,108,-20
200903070NOH,RS,NOH,2863.4,,89,108,-19
200903070NOH,RS,NOH,2863.4,F,90,108,-18
200903070NOH,RS,NOH,2880.0,,90,108,-18
200903080OKC,RS,PHI,0.0,,0,0,0
200903080OKC,RS,PHI,28.0,,2,0,2
200903080OKC,RS,PHI,85.0,,5,0,5
200903080OKC,RS,PHI,106.0,,5,2,3
200903080OKC,RS,PHI,152.0,,7,2,5
200903080OKC,RS,PHI,169.0,,7,4,3
200903080OKC,RS,PHI,190.0,,7,5,2
200903080OKC,RS,PHI,208.0,,9,5,4
200903080OKC,RS,PHI,233.0,,11,5,6
200903080OKC,RS,PHI,277.0,,13,5,8
200903080OKC,RS,PHI,344.0,,13,6,7
200903080OKC,RS,PHI,344.0,,13,7,6
200903080OKC,RS,PHI,402.0,,15,7,8
200903080OKC,RS,PHI,409.0,,15,8,7
200903080OKC,RS,PHI,444.0,,15,10,5
200903080OKC,RS,PHI,464.0,,15,12,3
200903080OKC,RS,PHI,495.0,,15,14,1
200903080OKC,RS,PHI,523.0,,16,14,2
200903080OKC,RS,PHI,536.0,T,16,16,0
200903080OKC,RS,PHI,585.0,,18,16,2
200903080OKC,RS,PHI,601.0,T,18,18,0
200903080OKC,RS,PHI,631.0,LC,18,20,-2
200903080OKC,RS,PHI,658.0,,18,22,-4
200903080OKC,RS,PHI,674.4,,18,24,-6
200903080OKC,RS,PHI,747.0,,20,24,-4
200903080OKC,RS,PHI,823.0,,22,24,-2
200903080OKC,RS,PHI,852.0,,22,26,-4
200903080OKC,RS,PHI,878.0,,24,26,-2
200903080OKC,RS,PHI,895.0,T,26,26,0
200903080OKC,RS,PHI,932.0,LC,28,26,2
200903080OKC,RS,PHI,981.0,,30,26,4
200903080OKC,RS,PHI,1049.0,,32,26,6
200903080OKC,RS,PHI,1081.0,,34,26,8
200903080OKC,RS,PHI,1121.0,,36,26,10
200903080OKC,RS,PHI,1190.0,,38,26,12
200903080OKC,RS,PHI,1230.0,,38,28,10
200903080OKC,RS,PHI,1245.0,,40,28,12
200903080OKC,RS,PHI,1280.0,,42,28,14
200903080OKC,RS,PHI,1296.0,,42,30,12
200903080OKC,RS,PHI,1314.0,,43,30,13
200903080OKC,RS,PHI,1314.0,,44,30,14
200903080OKC,RS,PHI,1328.0,,44,32,12
200903080OKC,RS,PHI,1338.0,,46,32,14
200903080OKC,RS,PHI,1368.0,,46,33,13
200903080OKC,RS,PHI,1368.0,,46,34,12
200903080OKC,RS,PHI,1380.0,,48,34,14
200903080OKC,RS,PHI,1388.6,,48,36,12
200903080OKC,RS,PHI,1544.0,,50,36,14
200903080OKC,RS,PHI,1569.0,,50,38,12
200903080OKC,RS,PHI,1586.0,,52,38,14
200903080OKC,RS,PHI,1624.0,,54,38,16
200903080OKC,RS,PHI,1640.0,,54,40,14
200903080OKC,RS,PHI,1664.0,,56,40,16
200903080OKC,RS,PHI,1694.0,,56,42,14
200903080OKC,RS,PHI,1713.0,,57,42,15
200903080OKC,RS,PHI,1713.0,,58,42,16
200903080OKC,RS,PHI,1724.0,,58,44,14
200903080OKC,RS,PHI,1833.0,,60,44,16
200903080OKC,RS,PHI,1906.0,,60,47,13
200903080OKC,RS,PHI,1962.0,,61,47,14
200903080OKC,RS,PHI,2023.0,,61,48,13
200903080OKC,RS,PHI,2075.0,,61,49,12
200903080OKC,RS,PHI,2093.0,,62,49,13
200903080OKC,RS,PHI,2093.0,,63,49,14
200903080OKC,RS,PHI,2115.6,,63,51,12
200903080OKC,RS,PHI,2125.5,,64,51,13
200903080OKC,RS,PHI,2155.5,,64,52,12
200903080OKC,RS,PHI,2157.4,,65,52,13
200903080OKC,RS,PHI,2157.4,,66,52,14
200903080OKC,RS,PHI,2177.0,,66,53,13
200903080OKC,RS,PHI,2194.0,,68,53,15
200903080OKC,RS,PHI,2220.0,,70,53,17
200903080OKC,RS,PHI,2241.0,,70,55,15
200903080OKC,RS,PHI,2253.0,,71,55,16
200903080OKC,RS,PHI,2253.0,,72,55,17
200903080OKC,RS,PHI,2276.0,,72,58,14
200903080OKC,RS,PHI,2301.0,,74,58,16
200903080OKC,RS,PHI,2336.0,,74,60,14
200903080OKC,RS,PHI,2351.0,,77,60,17
200903080OKC,RS,PHI,2378.0,,77,61,16
200903080OKC,RS,PHI,2378.0,,77,62,15
200903080OKC,RS,PHI,2451.0,,77,63,14
200903080OKC,RS,PHI,2451.0,,77,64,13
200903080OKC,RS,PHI,2480.0,,77,66,11
200903080OKC,RS,PHI,2582.0,,77,67,10
200903080OKC,RS,PHI,2603.0,,78,67,11
200903080OKC,RS,PHI,2603.0,,79,67,12
200903080OKC,RS,PHI,2643.0,,81,67,14
200903080OKC,RS,PHI,2682.0,,83,67,16
200903080OKC,RS,PHI,2707.0,,83,69,14
200903080OKC,RS,PHI,2743.0,,84,69,15
200903080OKC,RS,PHI,2776.0,,85,69,16
200903080OKC,RS,PHI,2805.0,,85,72,13
200903080OKC,RS,PHI,2821.4,,87,72,15
200903080OKC,RS,PHI,2858.8,,89,72,17
200903080OKC,RS,PHI,2864.9,F,89,74,15
200903080OKC,RS,PHI,2880.0,,89,74,15
200903100SAC,RS,SAC,0.0,,0,0,0
200903100SAC,RS,SAC,16.0,,2,0,2
200903100SAC,RS,SAC,52.0,,4,0,4
200903100SAC,RS,SAC,66.0,,6,0,6
200903100SAC,RS,SAC,91.0,,7,0,7
200903100SAC,RS,SAC,91.0,,8,0,8
200903100SAC,RS,SAC,112.0,,10,0,10
200903100SAC,RS,SAC,128.0,,10,2,8
200903100SAC,RS,SAC,151.0,,10,4,6
200903100SAC,RS,SAC,235.0,,10,6,4
200903100SAC,RS,SAC,259.0,,10,7,3
200903100SAC,RS,SAC,259.0,,10,8,2
200903100SAC,RS,SAC,275.0,,12,8,4
200903100SAC,RS,SAC,306.0,,14,8,6
200903100SAC,RS,SAC,383.0,,14,10,4
200903100SAC,RS,SAC,406.0,,16,10,6
200903100SAC,RS,SAC,425.0,,16,13,3
200903100SAC,RS,SAC,453.0,,16,15,1
200903100SAC,RS,SAC,471.0,,18,15,3
200903100SAC,RS,SAC,514.0,,18,17,1
200903100SAC,RS,SAC,549.0,T,18,18,0
200903100SAC,RS,SAC,570.0,,20,18,2
200903100SAC,RS,SAC,601.0,,23,18,5
200903100SAC,RS,SAC,617.0,,23,20,3
200903100SAC,RS,SAC,634.0,,25,20,5
200903100SAC,RS,SAC,651.0,,26,20,6
200903100SAC,RS,SAC,651.0,,27,20,7
200903100SAC,RS,SAC,660.0,,27,22,5
200903100SAC,RS,SAC,682.1,,27,23,4
200903100SAC,RS,SAC,682.1,,27,24,3
200903100SAC,RS,SAC,705.1,,27,26,1
200903100SAC,RS,SAC,734.0,LC,27,28,-1
200903100SAC,RS,SAC,759.0,LC,29,28,1
200903100SAC,RS,SAC,775.0,T,29,29,0
200903100SAC,RS,SAC,775.0,LC,29,30,-1
200903100SAC,RS,SAC,798.0,T,30,30,0
200903100SAC,RS,SAC,840.0,,30,32,-2
200903100SAC,RS,SAC,866.0,T,32,32,0
200903100SAC,RS,SAC,931.0,LC,34,32,2
200903100SAC,RS,SAC,992.0,,36,32,4
200903100SAC,RS,SAC,1020.0,,36,34,2
200903100SAC,RS,SAC,1046.0,,37,34,3
200903100SAC,RS,SAC,1046.0,,38,34,4
200903100SAC,RS,SAC,1075.0,,38,36,2
200903100SAC,RS,SAC,1119.0,,41,36,5
200903100SAC,RS,SAC,1133.0,,41,38,3
200903100SAC,RS,SAC,1138.0,,43,38,5
200903100SAC,RS,SAC,1138.0,,44,38,6
200903100SAC,RS,SAC,1163.0,,46,38,8
200903100SAC,RS,SAC,1191.0,,46,40,6
200903100SAC,RS,SAC,1191.0,,46,41,5
200903100SAC,RS,SAC,1211.0,,47,41,6
200903100SAC,RS,SAC,1211.0,,48,41,7
200903100SAC,RS,SAC,1229.0,,48,43,5
200903100SAC,RS,SAC,1262.0,,48,45,3
200903100SAC,RS,SAC,1280.0,,48,47,1
200903100SAC,RS,SAC,1304.0,LC,48,49,-1
200903100SAC,RS,SAC,1304.0,,48,50,-2
200903100SAC,RS,SAC,1321.0,T,50,50,0
200903100SAC,RS,SAC,1321.0,LC,51,50,1
200903100SAC,RS,SAC,1339.0,LC,51,52,-1
200903100SAC,RS,SAC,1362.0,LC,53,52,1
200903100SAC,RS,SAC,1383.5,,55,52,3
200903100SAC,RS,SAC,1435.5,T,55,55,0
200903100SAC,RS,SAC,1462.0,LC,55,57,-2
200903100SAC,RS,SAC,1495.0,T,57,57,0
200903100SAC,RS,SAC,1495.0,LC,58,57,1
200903100SAC,RS,SAC,1519.0,,60,57,3
200903100SAC,RS,SAC,1547.0,,60,59,1
200903100SAC,RS,SAC,1563.0,,62,59,3
200903100SAC,RS,SAC,1589.0,,64,59,5
200903100SAC,RS,SAC,1612.0,,64,61,3
200903100SAC,RS,SAC,1637.0,,64,63,1
200903100SAC,RS,SAC,1746.0,LC,64,65,-1
200903100SAC,RS,SAC,1771.0,T,65,65,0
200903100SAC,RS,SAC,1771.0,LC,66,65,1
200903100SAC,RS,SAC,1783.0,LC,66,67,-1
200903100SAC,RS,SAC,1804.0,T,67,67,0
200903100SAC,RS,SAC,1804.0,LC,68,67,1
200903100SAC,RS,SAC,1820.0,LC,68,69,-1
200903100SAC,RS,SAC,1820.0,,68,70,-2
200903100SAC,RS,SAC,1827.0,T,70,70,0
200903100SAC,RS,SAC,1827.0,LC,71,70,1
200903100SAC,RS,SAC,1841.0,,73,70,3
200903100SAC,RS,SAC,1875.0,,75,70,5
200903100SAC,RS,SAC,1903.0,,76,70,6
200903100SAC,RS,SAC,1903.0,,77,70,7
200903100SAC,RS,SAC,1917.0,,77,72,5
200903100SAC,RS,SAC,1945.0,,79,72,7
200903100SAC,RS,SAC,1985.0,,80,72,8
200903100SAC,RS,SAC,2028.0,,80,74,6
200903100SAC,RS,SAC,2049.0,,82,74,8
200903100SAC,RS,SAC,2121.7,,84,74,10
200903100SAC,RS,SAC,2143.4,,84,76,8
200903100SAC,RS,SAC,2195.0,,84,79,5
200903100SAC,RS,SAC,2236.0,,84,82,2
200903100SAC,RS,SAC,2264.0,T,84,84,0
200903100SAC,RS,SAC,2324.0,,87,84,3
200903100SAC,RS,SAC,2360.0,,89,84,5
200903100SAC,RS,SAC,2370.0,,89,87,2
200903100SAC,RS,SAC,2410.0,T,89,89,0
200903100SAC,RS,SAC,2515.0,,91,89,2
200903100SAC,RS,SAC,2530.0,T,91,91,0
200903100SAC,RS,SAC,2584.0,LC,91,92,-1
200903100SAC,RS,SAC,2718.0,LC,93,92,1
200903100SAC,RS,SAC,2747.0,,95,92,3
200903100SAC,RS,SAC,2841.2,,97,92,5
200903100SAC,RS,SAC,2845.4,,97,95,2
200903100SAC,RS,SAC,2876.6,,98,95,3
200903100SAC,RS,SAC,2876.6,,99,95,4
200903100SAC,RS,SAC,2878.8,F,99,98,1
200903100SAC,RS,SAC,2880.0,,99,98,1
200903110DEN,RS,DEN,0.0,,0,0,0
200903110DEN,RS,DEN,24.0,,0,2,-2
200903110DEN,RS,DEN,72.0,,0,4,-4
200903110DEN,RS,DEN,96.0,,2,4,-2
200903110DEN,RS,DEN,133.0,,2,6,-4
200903110DEN,RS,DEN,196.0,,4,6,-2
200903110DEN,RS,DEN,211.0,,4,7,-3
200903110DEN,RS,DEN,254.0,,4,8,-4
200903110DEN,RS,DEN,254.0,,4,9,-5
200903110DEN,RS,DEN,312.0,,6,9,-3
200903110DEN,RS,DEN,335.0,,6,11,-5
200903110DEN,RS,DEN,364.0,,6,14,-8
200903110DEN,RS,DEN,380.0,,8,14,-6
200903110DEN,RS,DEN,409.0,,8,16,-8
200903110DEN,RS,DEN,432.0,,10,16,-6
200903110DEN,RS,DEN,455.0,,10,18,-8
200903110DEN,RS,DEN,479.0,,10,20,-10
200903110DEN,RS,DEN,507.0,,12,20,-8
200903110DEN,RS,DEN,525.0,,12,23,-11
200903110DEN,RS,DEN,552.0,,13,23,-10
200903110DEN,RS,DEN,572.0,,13,25,-12
200903110DEN,RS,DEN,593.0,,15,25,-10
200903110DEN,RS,DEN,607.0,,15,26,-11
200903110DEN,RS,DEN,629.0,,17,26,-9
200903110DEN,RS,DEN,648.0,,17,28,-11
200903110DEN,RS,DEN,666.6,,18,28,-10
200903110DEN,RS,DEN,666.6,,19,28,-9
200903110DEN,RS,DEN,684.3,,19,29,-10
200903110DEN,RS,DEN,701.0,,19,31,-12
200903110DEN,RS,DEN,773.0,,19,33,-14
200903110DEN,RS,DEN,836.0,,21,33,-12
200903110DEN,RS,DEN,885.0,,21,35,-14
200903110DEN,RS,DEN,901.0,,22,35,-13
200903110DEN,RS,DEN,901.0,,23,35,-12
200903110DEN,RS,DEN,917.0,,23,37,-14
200903110DEN,RS,DEN,979.0,,23,39,-16
200903110DEN,RS,DEN,1011.0,,23,42,-19
200903110DEN,RS,DEN,1041.0,,25,42,-17
200903110DEN,RS,DEN,1079.0,,27,42,-15
200903110DEN,RS,DEN,1099.0,,27,43,-16
200903110DEN,RS,DEN,1139.0,,28,43,-15
200903110DEN,RS,DEN,1156.0,,28,45,-17
200903110DEN,RS,DEN,1165.0,,30,45,-15
200903110DEN,RS,DEN,1187.0,,32,45,-13
200903110DEN,RS,DEN,1219.0,,33,45,-12
200903110DEN,RS,DEN,1219.0,,34,45,-11
200903110DEN,RS,DEN,1233.0,,34,47,-13
200903110DEN,RS,DEN,1247.0,,36,47,-11
200903110DEN,RS,DEN,1306.0,,37,47,-10
200903110DEN,RS,DEN,1306.0,,38,47,-9
200903110DEN,RS,DEN,1333.0,,40,47,-7
200903110DEN,RS,DEN,1356.0,,40,49,-9
200903110DEN,RS,DEN,1373.0,,42,49,-7
200903110DEN,RS,DEN,1382.7,,44,49,-5
200903110DEN,RS,DEN,1397.6,,44,51,-7
200903110DEN,RS,DEN,1420.4,,44,53,-9
200903110DEN,RS,DEN,1457.0,,45,53,-8
200903110DEN,RS,DEN,1457.0,,46,53,-7
200903110DEN,RS,DEN,1473.0,,46,54,-8
200903110DEN,RS,DEN,1473.0,,46,55,-9
200903110DEN,RS,DEN,1544.0,,47,55,-8
200903110DEN,RS,DEN,1544.0,,48,55,-7
200903110DEN,RS,DEN,1615.0,,48,57,-9
200903110DEN,RS,DEN,1615.0,,48,58,-10
200903110DEN,RS,DEN,1634.0,,48,59,-11
200903110DEN,RS,DEN,1634.0,,48,60,-12
200903110DEN,RS,DEN,1662.0,,48,61,-13
200903110DEN,RS,DEN,1662.0,,48,62,-14
200903110DEN,RS,DEN,1686.0,,50,62,-12
200903110DEN,RS,DEN,1701.0,,50,64,-14
200903110DEN,RS,DEN,1749.0,,51,64,-13
200903110DEN,RS,DEN,1749.0,,52,64,-12
200903110DEN,RS,DEN,1766.0,,54,64,-10
200903110DEN,RS,DEN,1787.0,,54,66,-12
200903110DEN,RS,DEN,1795.0,,56,66,-10
200903110DEN,RS,DEN,1811.0,,56,68,-12
200903110DEN,RS,DEN,1820.0,,59,68,-9
200903110DEN,RS,DEN,1836.0,,59,70,-11
200903110DEN,RS,DEN,1847.0,,59,71,-12
200903110DEN,RS,DEN,1847.0,,59,72,-13
200903110DEN,RS,DEN,1870.0,,59,74,-15
200903110DEN,RS,DEN,1893.0,,59,76,-17
200903110DEN,RS,DEN,1908.0,,60,76,-16
200903110DEN,RS,DEN,1908.0,,61,76,-15
200903110DEN,RS,DEN,1965.0,,62,76,-14
200903110DEN,RS,DEN,1965.0,,63,76,-13
200903110DEN,RS,DEN,1982.0,,65,76,-11
200903110DEN,RS,DEN,2014.0,,65,78,-13
200903110DEN,RS,DEN,2019.0,,66,78,-12
200903110DEN,RS,DEN,2019.0,,67,78,-11
200903110DEN,RS,DEN,2051.0,,68,78,-10
200903110DEN,RS,DEN,2097.0,,68,80,-12
200903110DEN,RS,DEN,2124.3,,69,80,-11
200903110DEN,RS,DEN,2124.3,,70,80,-10
200903110DEN,RS,DEN,2138.3,,70,83,-13
200903110DEN,RS,DEN,2200.0,,70,85,-15
200903110DEN,RS,DEN,2245.0,,72,85,-13
200903110DEN,RS,DEN,2249.0,,72,87,-15
200903110DEN,RS,DEN,2258.0,,72,89,-17
200903110DEN,RS,DEN,2287.0,,72,91,-19
200903110DEN,RS,DEN,2310.0,,74,91,-17
200903110DEN,RS,DEN,2323.0,,74,92,-18
200903110DEN,RS,DEN,2323.0,,74,93,-19
200903110DEN,RS,DEN,2350.0,,77,93,-16
200903110DEN,RS,DEN,2407.0,,78,93,-15
200903110DEN,RS,DEN,2407.0,,79,93,-14
200903110DEN,RS,DEN,2432.0,,79,95,-16
200903110DEN,RS,DEN,2452.0,,81,95,-14
200903110DEN,RS,DEN,2480.0,,81,96,-15
200903110DEN,RS,DEN,2480.0,,81,97,-16
200903110DEN,RS,DEN,2499.0,,83,97,-14
200903110DEN,RS,DEN,2515.0,,83,99,-16
200903110DEN,RS,DEN,2533.0,,84,99,-15
200903110DEN,RS,DEN,2533.0,,85,99,-14
200903110DEN,RS,DEN,2553.0,,85,101,-16
200903110DEN,RS,DEN,2582.0,,87,101,-14
200903110DEN,RS,DEN,2624.0,,89,101,-12
200903110DEN,RS,DEN,2647.0,,90,101,-11
200903110DEN,RS,DEN,2673.0,,92,101,-9
200903110DEN,RS,DEN,2703.0,,92,104,-12
200903110DEN,RS,DEN,2730.0,,92,105,-13
200903110DEN,RS,DEN,2730.0,,92,106,-14
200903110DEN,RS,DEN,2741.0,,94,106,-12
200903110DEN,RS,DEN,2798.0,,96,106,-10
200903110DEN,RS,DEN,2819.0,,96,108,-12
200903110DEN,RS,DEN,2847.7,,96,110,-14
200903110DEN,RS,DEN,2871.0,,96,111,-15
200903110DEN,RS,DEN,2871.0,,96,112,-16
200903110DEN,RS,DEN,2880.0,,99,112,-13
200903110DEN,RS,DEN,2880.0,F,99,112,-13
200903140PHO,RS,PHO,0.0,,0,0,0
200903140PHO,RS,PHO,17.0,,2,0,2
200903140PHO,RS,PHO,50.0,T,2,2,0
200903140PHO,RS,PHO,74.0,,4,2,2
200903140PHO,RS,PHO,135.0,,5,2,3
200903140PHO,RS,PHO,135.0,,6,2,4
200903140PHO,RS,PHO,149.0,,6,5,1
200903140PHO,RS,PHO,168.0,,8,5,3
200903140PHO,RS,PHO,176.0,,8,6,2
200903140PHO,RS,PHO,194.0,T,8,8,0
200903140PHO,RS,PHO,241.0,,10,8,2
200903140PHO,RS,PHO,282.0,,11,8,3
200903140PHO,RS,PHO,282.0,,12,8,4
200903140PHO,RS,PHO,317.0,,12,10,2
200903140PHO,RS,PHO,353.0,,14,10,4
200903140PHO,RS,PHO,361.0,,14,12,2
200903140PHO,RS,PHO,403.0,,16,12,4
200903140PHO,RS,PHO,455.0,,18,12,6
200903140PHO,RS,PHO,491.0,,19,12,7
200903140PHO,RS,PHO,504.0,,19,13,6
200903140PHO,RS,PHO,504.0,,19,14,5
200903140PHO,RS,PHO,548.0,,21,14,7
200903140PHO,RS,PHO,594.0,,23,14,9
200903140PHO,RS,PHO,608.0,,23,16,7
200903140PHO,RS,PHO,642.0,,23,18,5
200903140PHO,RS,PHO,687.8,,24,18,6
200903140PHO,RS,PHO,716.6,,26,18,8
200903140PHO,RS,PHO,716.6,,27,18,9
200903140PHO,RS,PHO,744.0,,27,20,7
200903140PHO,RS,PHO,765.0,,30,20,10
200903140PHO,RS,PHO,804.0,,30,22,8
200903140PHO,RS,PHO,864.0,,32,22,10
200903140PHO,RS,PHO,880.0,,32,24,8
200903140PHO,RS,PHO,898.0,,35,24,11
200903140PHO,RS,PHO,910.0,,35,26,9
200903140PHO,RS,PHO,966.0,,35,28,7
200903140PHO,RS,PHO,992.0,,35,30,5
200903140PHO,RS,PHO,1042.0,,37,30,7
200903140PHO,RS,PHO,1078.0,,37,32,5
200903140PHO,RS,PHO,1101.0,,39,32,7
200903140PHO,RS,PHO,1113.0,,39,34,5
200903140PHO,RS,PHO,1140.0,,41,34,7
200903140PHO,RS,PHO,1140.0,,42,34,8
200903140PHO,RS,PHO,1183.0,,44,34,10
200903140PHO,RS,PHO,1187.0,,44,35,9
200903140PHO,RS,PHO,1209.0,,46,35,11
200903140PHO,RS,PHO,1258.0,,48,35,13
200903140PHO,RS,PHO,1268.0,,48,37,11
200903140PHO,RS,PHO,1297.0,,48,38,10
200903140PHO,RS,PHO,1297.0,,48,39,9
200903140PHO,RS,PHO,1320.0,,48,40,8
200903140PHO,RS,PHO,1320.0,,48,41,7
200903140PHO,RS,PHO,1339.0,,50,41,9
200903140PHO,RS,PHO,1379.0,,50,43,7
200903140PHO,RS,PHO,1421.3,,52,43,9
200903140PHO,RS,PHO,1437.5,,52,46,6
200903140PHO,RS,PHO,1463.0,,52,48,4
200903140PHO,RS,PHO,1485.0,,52,50,2
200903140PHO,RS,PHO,1517.0,,54,50,4
200903140PHO,RS,PHO,1539.0,,56,50,6
200903140PHO,RS,PHO,1581.0,,58,50,8
200903140PHO,RS,PHO,1616.0,,60,50,10
200903140PHO,RS,PHO,1629.0,,60,52,8
200903140PHO,RS,PHO,1652.0,,60,54,6
200903140PHO,RS,PHO,1690.0,,60,56,4
200903140PHO,RS,PHO,1708.0,,62,56,6
200903140PHO,RS,PHO,1779.0,,62,58,4
200903140PHO,RS,PHO,1809.0,,62,60,2
200903140PHO,RS,PHO,1833.0,,64,60,4
200903140PHO,RS,PHO,1853.0,,64,62,2
200903140PHO,RS,PHO,1870.0,T,64,64,0
200903140PHO,RS,PHO,1890.0,,66,64,2
200903140PHO,RS,PHO,1920.0,T,66,66,0
200903140PHO,RS,PHO,1987.0,,68,66,2
200903140PHO,RS,PHO,2020.0,T,68,68,0
200903140PHO,RS,PHO,2103.7,LC,68,70,-2
200903140PHO,RS,PHO,2121.1,,69,70,-1
200903140PHO,RS,PHO,2157.2,,69,71,-2
200903140PHO,RS,PHO,2157.2,,69,72,-3
200903140PHO,RS,PHO,2159.9,T,72,72,0
200903140PHO,RS,PHO,2204.0,,72,73,-1
200903140PHO,RS,PHO,2226.0,LC,74,73,1
200903140PHO,RS,PHO,2242.0,LC,74,75,-1
200903140PHO,RS,PHO,2259.0,LC,76,75,1
200903140PHO,RS,PHO,2276.0,,77,75,2
200903140PHO,RS,PHO,2276.0,,78,75,3
200903140PHO,RS,PHO,2293.0,T,78,78,0
200903140PHO,RS,PHO,2328.0,LC,78,79,-1
200903140PHO,RS,PHO,2336.0,LC,80,79,1
200903140PHO,RS,PHO,2340.0,T,80,80,0
200903140PHO,RS,PHO,2365.0,LC,80,81,-1
200903140PHO,RS,PHO,2365.0,,80,82,-2
200903140PHO,RS,PHO,2379.0,,80,85,-5
200903140PHO,RS,PHO,2385.0,,82,85,-3
200903140PHO,RS,PHO,2385.0,,83,85,-2
200903140PHO,RS,PHO,2399.0,,83,86,-3
200903140PHO,RS,PHO,2416.0,,85,86,-1
200903140PHO,RS,PHO,2440.0,,85,87,-2
200903140PHO,RS,PHO,2440.0,,85,88,-3
200903140PHO,RS,PHO,2486.0,,86,88,-2
200903140PHO,RS,PHO,2486.0,,87,88,-1
200903140PHO,RS,PHO,2500.0,,87,90,-3
200903140PHO,RS,PHO,2585.0,,87,93,-6
200903140PHO,RS,PHO,2628.0,,87,96,-9
200903140PHO,RS,PHO,2668.0,,89,96,-7
200903140PHO,RS,PHO,2683.0,,89,98,-9
200903140PHO,RS,PHO,2726.0,,91,98,-7
200903140PHO,RS,PHO,2746.0,,91,101,-10
200903140PHO,RS,PHO,2757.0,,92,101,-9
200903140PHO,RS,PHO,2757.0,,93,101,-8
200903140PHO,RS,PHO,2775.0,,93,102,-9
200903140PHO,RS,PHO,2775.0,,93,103,-10
200903140PHO,RS,PHO,2821.3,,93,106,-13
200903140PHO,RS,PHO,2856.7,,94,106,-12
200903140PHO,RS,PHO,2856.7,F,95,106,-11
200903140PHO,RS,PHO,2880.0,,95,106,-11
200903160OKC,RS,SAS,0.0,,0,0,0
200903160OKC,RS,SAS,45.0,,0,2,-2
200903160OKC,RS,SAS,65.0,T,2,2,0
200903160OKC,RS,SAS,83.0,,2,4,-2
200903160OKC,RS,SAS,116.0,,3,4,-1
200903160OKC,RS,SAS,116.0,T,4,4,0
200903160OKC,RS,SAS,189.0,,4,6,-2
200903160OKC,RS,SAS,189.0,,4,7,-3
200903160OKC,RS,SAS,214.0,,4,9,-5
200903160OKC,RS,SAS,239.0,,6,9,-3
200903160OKC,RS,SAS,254.0,,6,12,-6
200903160OKC,RS,SAS,285.0,,6,14,-8
200903160OKC,RS,SAS,300.0,,8,14,-6
200903160OKC,RS,SAS,311.0,,8,16,-8
200903160OKC,RS,SAS,345.0,,8,19,-11
200903160OKC,RS,SAS,393.0,,10,19,-9
200903160OKC,RS,SAS,471.0,,10,21,-11
200903160OKC,RS,SAS,508.0,,10,23,-13
200903160OKC,RS,SAS,551.0,,10,25,-15
200903160OKC,RS,SAS,578.0,,10,27,-17
200903160OKC,RS,SAS,634.0,,12,27,-15
200903160OKC,RS,SAS,684.5,,12,29,-17
200903160OKC,RS,SAS,715.9,,14,29,-15
200903160OKC,RS,SAS,781.0,,14,31,-17
200903160OKC,RS,SAS,805.0,,15,31,-16
200903160OKC,RS,SAS,851.0,,16,31,-15
200903160OKC,RS,SAS,851.0,,17,31,-14
200903160OKC,RS,SAS,895.0,,17,33,-16
200903160OKC,RS,SAS,925.0,,19,33,-14
200903160OKC,RS,SAS,936.0,,19,35,-16
200903160OKC,RS,SAS,936.0,,19,36,-17
200903160OKC,RS,SAS,985.0,,21,36,-15
200903160OKC,RS,SAS,1047.0,,22,36,-14
200903160OKC,RS,SAS,1047.0,,23,36,-13
200903160OKC,RS,SAS,1073.0,,25,36,-11
200903160OKC,RS,SAS,1100.0,,26,36,-10
200903160OKC,RS,SAS,1100.0,,27,36,-9
200903160OKC,RS,SAS,1112.0,,27,38,-11
200903160OKC,RS,SAS,1133.0,,29,38,-9
200903160OKC,RS,SAS,1159.0,,32,38,-6
200903160OKC,RS,SAS,1199.0,,33,38,-5
200903160OKC,RS,SAS,1218.0,,34,38,-4
200903160OKC,RS,SAS,1268.0,,36,38,-2
200903160OKC,RS,SAS,1292.0,,36,40,-4
200903160OKC,RS,SAS,1405.6,,36,42,-6
200903160OKC,RS,SAS,1417.9,,38,42,-4
200903160OKC,RS,SAS,1497.0,,41,42,-1
200903160OKC,RS,SAS,1520.0,,41,44,-3
200903160OKC,RS,SAS,1549.0,,41,45,-4
200903160OKC,RS,SAS,1633.0,,41,47,-6
200903160OKC,RS,SAS,1652.0,,43,47,-4
200903160OKC,RS,SAS,1667.0,,43,49,-6
200903160OKC,RS,SAS,1684.0,,45,49,-4
200903160OKC,RS,SAS,1700.0,,45,52,-7
200903160OKC,RS,SAS,1803.0,,45,54,-9
200903160OKC,RS,SAS,1831.0,,45,56,-11
200903160OKC,RS,SAS,1859.0,,47,56,-9
200903160OKC,RS,SAS,1882.0,,47,58,-11
200903160OKC,RS,SAS,1906.0,,47,60,-13
200903160OKC,RS,SAS,1928.0,,49,60,-11
200903160OKC,RS,SAS,1949.0,,51,60,-9
200903160OKC,RS,SAS,1964.0,,51,62,-11
200903160OKC,RS,SAS,2031.0,,52,62,-10
200903160OKC,RS,SAS,2031.0,,53,62,-9
200903160OKC,RS,SAS,2074.0,,55,62,-7
200903160OKC,RS,SAS,2088.0,,55,63,-8
200903160OKC,RS,SAS,2101.9,,57,63,-6
200903160OKC,RS,SAS,2126.6,,58,63,-5
200903160OKC,RS,SAS,2126.6,,59,63,-4
200903160OKC,RS,SAS,2158.4,,60,63,-3
200903160OKC,RS,SAS,2158.4,,61,63,-2
200903160OKC,RS,SAS,2185.0,T,63,63,0
200903160OKC,RS,SAS,2247.0,,63,65,-2
200903160OKC,RS,SAS,2302.0,T,65,65,0
200903160OKC,RS,SAS,2352.0,,65,67,-2
200903160OKC,RS,SAS,2390.0,T,67,67,0
200903160OKC,RS,SAS,2423.0,LC,70,67,3
200903160OKC,RS,SAS,2453.0,,70,69,1
200903160OKC,RS,SAS,2593.0,,72,69,3
200903160OKC,RS,SAS,2644.0,,72,71,1
200903160OKC,RS,SAS,2666.0,,74,71,3
200903160OKC,RS,SAS,2681.0,,74,72,2
200903160OKC,RS,SAS,2696.0,,76,72,4
200903160OKC,RS,SAS,2708.0,,76,73,3
200903160OKC,RS,SAS,2708.0,,76,74,2
200903160OKC,RS,SAS,2740.0,,78,74,4
200903160OKC,RS,SAS,2840.1,F,78,76,2
200903160OKC,RS,SAS,2880.0,,78,76,2
200903180OKC,RS,CHI,0.0,,0,0,0
200903180OKC,RS,CHI,28.0,,0,2,-2
200903180OKC,RS,CHI,83.0,T,2,2,0
200903180OKC,RS,CHI,119.0,,2,4,-2
200903180OKC,RS,CHI,140.0,T,4,4,0
200903180OKC,RS,CHI,174.0,LC,6,4,2
200903180OKC,RS,CHI,208.0,,8,4,4
200903180OKC,RS,CHI,232.0,,8,6,2
200903180OKC,RS,CHI,247.0,,10,6,4
200903180OKC,RS,CHI,267.0,,10,8,2
200903180OKC,RS,CHI,283.0,,12,8,4
200903180OKC,RS,CHI,299.0,,12,9,3
200903180OKC,RS,CHI,329.0,,15,9,6
200903180OKC,RS,CHI,362.0,,15,11,4
200903180OKC,RS,CHI,404.0,,16,11,5
200903180OKC,RS,CHI,404.0,,17,11,6
200903180OKC,RS,CHI,423.0,,17,13,4
200903180OKC,RS,CHI,443.0,,19,13,6
200903180OKC,RS,CHI,465.0,,19,15,4
200903180OKC,RS,CHI,492.0,,21,15,6
200903180OKC,RS,CHI,545.0,,23,15,8
200903180OKC,RS,CHI,560.0,,23,17,6
200903180OKC,RS,CHI,581.0,,25,17,8
200903180OKC,RS,CHI,601.0,,25,19,6
200903180OKC,RS,CHI,601.0,,25,20,5
200903180OKC,RS,CHI,620.0,,27,20,7
200903180OKC,RS,CHI,640.0,,27,22,5
200903180OKC,RS,CHI,683.6,,29,22,7
200903180OKC,RS,CHI,735.0,,29,24,5
200903180OKC,RS,CHI,757.0,,31,24,7
200903180OKC,RS,CHI,771.0,,31,26,5
200903180OKC,RS,CHI,771.0,,31,27,4
200903180OKC,RS,CHI,779.0,,32,27,5
200903180OKC,RS,CHI,799.0,,32,29,3
200903180OKC,RS,CHI,827.0,,34,29,5
200903180OKC,RS,CHI,840.0,,34,30,4
200903180OKC,RS,CHI,888.0,,36,30,6
200903180OKC,RS,CHI,926.0,,36,32,4
200903180OKC,RS,CHI,966.0,,38,32,6
200903180OKC,RS,CHI,989.0,,38,34,4
200903180OKC,RS,CHI,998.0,,40,34,6
200903180OKC,RS,CHI,1017.0,,40,35,5
200903180OKC,RS,CHI,1017.0,,40,36,4
200903180OKC,RS,CHI,1066.0,,40,38,2
200903180OKC,RS,CHI,1079.0,,43,38,5
200903180OKC,RS,CHI,1104.0,,45,38,7
200903180OKC,RS,CHI,1118.0,,45,40,5
200903180OKC,RS,CHI,1146.0,,45,42,3
200903180OKC,RS,CHI,1163.0,,47,42,5
200903180OKC,RS,CHI,1190.0,,47,44,3
200903180OKC,RS,CHI,1202.0,,49,44,5
200903180OKC,RS,CHI,1237.0,,49,46,3
200903180OKC,RS,CHI,1263.0,,50,46,4
200903180OKC,RS,CHI,1270.0,,50,47,3
200903180OKC,RS,CHI,1307.0,,50,49,1
200903180OKC,RS,CHI,1330.0,LC,50,51,-1
200903180OKC,RS,CHI,1351.0,LC,52,51,1
200903180OKC,RS,CHI,1383.1,,54,51,3
200903180OKC,RS,CHI,1439.9,,56,51,5
200903180OKC,RS,CHI,1460.0,,56,53,3
200903180OKC,RS,CHI,1479.0,,57,53,4
200903180OKC,RS,CHI,1479.0,,58,53,5
200903180OKC,RS,CHI,1494.0,,58,55,3
200903180OKC,RS,CHI,1525.0,,58,57,1
200903180OKC,RS,CHI,1546.0,,60,57,3
200903180OKC,RS,CHI,1590.0,,60,59,1
200903180OKC,RS,CHI,1653.0,,62,59,3
200903180OKC,RS,CHI,1671.0,,62,61,1
200903180OKC,RS,CHI,1704.0,LC,62,63,-1
200903180OKC,RS,CHI,1729.0,,62,65,-3
200903180OKC,RS,CHI,1764.0,,64,65,-1
200903180OKC,RS,CHI,1789.0,,64,67,-3
200903180OKC,RS,CHI,1809.0,,64,69,-5
200903180OKC,RS,CHI,1843.0,,66,69,-3
200903180OKC,RS,CHI,1892.0,,66,72,-6
200903180OKC,RS,CHI,1919.0,,68,72,-4
200903180OKC,RS,CHI,1935.0,,68,74,-6
200903180OKC,RS,CHI,1969.0,,70,74,-4
200903180OKC,RS,CHI,1969.0,,71,74,-3
200903180OKC,RS,CHI,2013.0,,73,74,-1
200903180OKC,RS,CHI,2041.0,LC,75,74,1
200903180OKC,RS,CHI,2057.0,LC,75,76,-1
200903180OKC,RS,CHI,2078.0,,75,78,-3
200903180OKC,RS,CHI,2152.1,,75,80,-5
200903180OKC,RS,CHI,2199.0,,76,80,-4
200903180OKC,RS,CHI,2284.0,,76,82,-6
200903180OKC,RS,CHI,2311.0,,78,82,-4
200903180OKC,RS,CHI,2330.0,,78,85,-7
200903180OKC,RS,CHI,2352.0,,80,85,-5
200903180OKC,RS,CHI,2376.0,,80,87,-7
200903180OKC,RS,CHI,2394.0,,81,87,-6
200903180OKC,RS,CHI,2394.0,,82,87,-5
200903180OKC,RS,CHI,2408.0,,82,90,-8
200903180OKC,RS,CHI,2435.0,,84,90,-6
200903180OKC,RS,CHI,2448.0,,84,91,-7
200903180OKC,RS,CHI,2477.0,,85,91,-6
200903180OKC,RS,CHI,2477.0,,86,91,-5
200903180OKC,RS,CHI,2494.0,,86,92,-6
200903180OKC,RS,CHI,2494.0,,86,93,-7
200903180OKC,RS,CHI,2531.0,,86,95,-9
200903180OKC,RS,CHI,2581.0,,87,95,-8
200903180OKC,RS,CHI,2581.0,,88,95,-7
200903180OKC,RS,CHI,2595.0,,88,97,-9
200903180OKC,RS,CHI,2624.0,,90,97,-7
200903180OKC,RS,CHI,2646.0,,90,98,-8
200903180OKC,RS,CHI,2646.0,,90,99,-9
200903180OKC,RS,CHI,2773.0,,91,99,-8
200903180OKC,RS,CHI,2773.0,,92,99,-7
200903180OKC,RS,CHI,2797.0,,94,99,-5
200903180OKC,RS,CHI,2823.2,,96,99,-3
200903180OKC,RS,CHI,2858.1,,96,100,-4
200903180OKC,RS,CHI,2858.1,,96,101,-5
200903180OKC,RS,CHI,2867.0,,96,102,-6
200903180OKC,RS,CHI,2867.0,F,96,103,-7
200903180OKC,RS,CHI,2880.0,,96,103,-7
200903200OKC,RS,UTA,0.0,,0,0,0
200903200OKC,RS,UTA,46.0,,2,0,2
200903200OKC,RS,UTA,53.0,,4,0,4
200903200OKC,RS,UTA,68.0,,4,1,3
200903200OKC,RS,UTA,68.0,,4,2,2
200903200OKC,RS,UTA,78.0,,6,2,4
200903200OKC,RS,UTA,91.0,,6,4,2
200903200OKC,RS,UTA,122.0,T,6,6,0
200903200OKC,RS,UTA,173.0,,8,6,2
200903200OKC,RS,UTA,188.0,T,8,8,0
200903200OKC,RS,UTA,221.0,LC,8,10,-2
200903200OKC,RS,UTA,246.0,LC,11,10,1
200903200OKC,RS,UTA,266.0,LC,11,12,-1
200903200OKC,RS,UTA,290.0,LC,13,12,1
200903200OKC,RS,UTA,312.0,LC,13,15,-2
200903200OKC,RS,UTA,321.0,T,15,15,0
200903200OKC,RS,UTA,365.0,,15,17,-2
200903200OKC,RS,UTA,387.0,,15,18,-3
200903200OKC,RS,UTA,387.0,,15,19,-4
200903200OKC,RS,UTA,417.0,,15,21,-6
200903200OKC,RS,UTA,499.0,,17,21,-4
200903200OKC,RS,UTA,564.0,,19,21,-2
200903200OKC,RS,UTA,639.0,,19,23,-4
200903200OKC,RS,UTA,675.0,,21,23,-2
200903200OKC,RS,UTA,675.0,,22,23,-1
200903200OKC,RS,UTA,706.1,LC,24,23,1
200903200OKC,RS,UTA,736.0,LC,24,25,-1
200903200OKC,RS,UTA,752.0,LC,26,25,1
200903200OKC,RS,UTA,825.0,LC,26,27,-1
200903200OKC,RS,UTA,867.0,,26,29,-3
200903200OKC,RS,UTA,905.0,,26,31,-5
200903200OKC,RS,UTA,920.0,,27,31,-4
200903200OKC,RS,UTA,920.0,,28,31,-3
200903200OKC,RS,UTA,961.0,,28,33,-5
200903200OKC,RS,UTA,969.0,,31,33,-2
200903200OKC,RS,UTA,1033.0,,31,35,-4
200903200OKC,RS,UTA,1067.0,,33,35,-2
200903200OKC,RS,UTA,1105.0,,33,37,-4
200903200OKC,RS,UTA,1158.0,,33,39,-6
200903200OKC,RS,UTA,1190.0,,33,40,-7
200903200OKC,RS,UTA,1190.0,,33,41,-8
200903200OKC,RS,UTA,1238.0,,35,41,-6
200903200OKC,RS,UTA,1261.0,,35,43,-8
200903200OKC,RS,UTA,1313.0,,35,45,-10
200903200OKC,RS,UTA,1357.0,,36,45,-9
200903200OKC,RS,UTA,1386.5,,38,45,-7
200903200OKC,RS,UTA,1405.3,,39,45,-6
200903200OKC,RS,UTA,1405.3,,40,45,-5
200903200OKC,RS,UTA,1409.8,,40,47,-7
200903200OKC,RS,UTA,1425.2,,40,49,-9
200903200OKC,RS,UTA,1486.0,,43,49,-6
200903200OKC,RS,UTA,1502.0,,43,51,-8
200903200OKC,RS,UTA,1515.0,,46,51,-5
200903200OKC,RS,UTA,1593.0,,46,53,-7
200903200OKC,RS,UTA,1615.0,,48,53,-5
200903200OKC,RS,UTA,1628.0,,48,55,-7
200903200OKC,RS,UTA,1639.0,,50,55,-5
200903200OKC,RS,UTA,1662.0,,50,57,-7
200903200OKC,RS,UTA,1682.0,,50,59,-9
200903200OKC,RS,UTA,1710.0,,50,61,-11
200903200OKC,RS,UTA,1726.0,,52,61,-9
200903200OKC,RS,UTA,1762.0,,52,63,-11
200903200OKC,RS,UTA,1791.0,,52,65,-13
200903200OKC,RS,UTA,1812.0,,54,65,-11
200903200OKC,RS,UTA,1821.0,,54,67,-13
200903200OKC,RS,UTA,1865.0,,56,67,-11
200903200OKC,RS,UTA,1885.0,,56,69,-13
200903200OKC,RS,UTA,1920.0,,56,71,-15
200903200OKC,RS,UTA,1932.0,,58,71,-13
200903200OKC,RS,UTA,1952.0,,60,71,-11
200903200OKC,RS,UTA,2051.0,,60,73,-13
200903200OKC,RS,UTA,2072.0,,61,73,-12
200903200OKC,RS,UTA,2078.0,,61,74,-13
200903200OKC,RS,UTA,2078.0,,61,75,-14
200903200OKC,RS,UTA,2096.0,,63,75,-12
200903200OKC,RS,UTA,2124.3,,64,75,-11
200903200OKC,RS,UTA,2129.2,,64,76,-12
200903200OKC,RS,UTA,2129.2,,64,77,-13
200903200OKC,RS,UTA,2151.6,,65,77,-12
200903200OKC,RS,UTA,2151.6,,66,77,-11
200903200OKC,RS,UTA,2198.0,,68,77,-9
200903200OKC,RS,UTA,2221.0,,70,77,-7
200903200OKC,RS,UTA,2246.0,,70,79,-9
200903200OKC,RS,UTA,2258.0,,72,79,-7
200903200OKC,RS,UTA,2277.0,,72,81,-9
200903200OKC,RS,UTA,2299.0,,75,81,-6
200903200OKC,RS,UTA,2316.0,,75,83,-8
200903200OKC,RS,UTA,2376.0,,75,85,-10
200903200OKC,RS,UTA,2396.0,,77,85,-8
200903200OKC,RS,UTA,2396.0,,78,85,-7
200903200OKC,RS,UTA,2405.0,,78,87,-9
200903200OKC,RS,UTA,2427.0,,80,87,-7
200903200OKC,RS,UTA,2439.0,,80,88,-8
200903200OKC,RS,UTA,2439.0,,80,89,-9
200903200OKC,RS,UTA,2491.0,,82,89,-7
200903200OKC,RS,UTA,2507.0,,82,91,-9
200903200OKC,RS,UTA,2538.0,,82,92,-10
200903200OKC,RS,UTA,2604.0,,82,94,-12
200903200OKC,RS,UTA,2650.0,,84,94,-10
200903200OKC,RS,UTA,2695.0,,86,94,-8
200903200OKC,RS,UTA,2736.0,,86,96,-10
200903200OKC,RS,UTA,2749.0,,88,96,-8
200903200OKC,RS,UTA,2778.0,,90,96,-6
200903200OKC,RS,UTA,2827.3,,90,97,-7
200903200OKC,RS,UTA,2847.4,,92,97,-5
200903200OKC,RS,UTA,2848.4,,92,98,-6
200903200OKC,RS,UTA,2848.4,,92,99,-7
200903200OKC,RS,UTA,2860.1,,94,99,-5
200903200OKC,RS,UTA,2861.3,,94,100,-6
200903200OKC,RS,UTA,2861.3,F,94,101,-7
200903200OKC,RS,UTA,2880.0,,94,101,-7
200903220MIN,RS,MIN,0.0,,0,0,0
200903220MIN,RS,MIN,111.0,,0,1,-1
200903220MIN,RS,MIN,127.0,LC,2,1,1
200903220MIN,RS,MIN,155.0,,4,1,3
200903220MIN,RS,MIN,155.0,,5,1,4
200903220MIN,RS,MIN,177.0,,5,3,2
200903220MIN,RS,MIN,202.0,,7,3,4
200903220MIN,RS,MIN,220.0,,7,6,1
200903220MIN,RS,MIN,235.0,,9,6,3
200903220MIN,RS,MIN,279.0,,9,8,1
200903220MIN,RS,MIN,298.0,,11,8,3
200903220MIN,RS,MIN,348.0,,11,10,1
200903220MIN,RS,MIN,363.0,,13,10,3
200903220MIN,RS,MIN,389.0,,15,10,5
200903220MIN,RS,MIN,460.0,,17,10,7
200903220MIN,RS,MIN,510.0,,17,12,5
200903220MIN,RS,MIN,538.0,,19,12,7
200903220MIN,RS,MIN,562.0,,21,12,9
200903220MIN,RS,MIN,581.0,,21,14,7
200903220MIN,RS,MIN,601.0,,24,14,10
200903220MIN,RS,MIN,620.0,,24,16,8
200903220MIN,RS,MIN,714.8,,26,16,10
200903220MIN,RS,MIN,766.0,,28,16,12
200903220MIN,RS,MIN,806.0,,30,16,14
200903220MIN,RS,MIN,835.0,,31,16,15
200903220MIN,RS,MIN,835.0,,32,16,16
200903220MIN,RS,MIN,865.0,,35,16,19
200903220MIN,RS,MIN,890.0,,35,18,17
200903220MIN,RS,MIN,912.0,,35,20,15
200903220MIN,RS,MIN,936.0,,36,20,16
200903220MIN,RS,MIN,936.0,,37,20,17
200903220MIN,RS,MIN,1000.0,,37,22,15
200903220MIN,RS,MIN,1015.0,,38,22,16
200903220MIN,RS,MIN,1056.0,,38,24,14
200903220MIN,RS,MIN,1073.0,,40,24,16
200903220MIN,RS,MIN,1117.0,,40,25,15
200903220MIN,RS,MIN,1129.0,,42,25,17
200903220MIN,RS,MIN,1152.0,,44,25,19
200903220MIN,RS,MIN,1171.0,,46,25,21
200903220MIN,RS,MIN,1193.0,,46,27,19
200903220MIN,RS,MIN,1220.0,,49,27,22
200903220MIN,RS,MIN,1234.0,,49,28,21
200903220MIN,RS,MIN,1234.0,,49,29,20
200903220MIN,RS,MIN,1254.0,,49,30,19
200903220MIN,RS,MIN,1254.0,,49,31,18
200903220MIN,RS,MIN,1266.0,,51,31,20
200903220MIN,RS,MIN,1288.0,,51,33,18
200903220MIN,RS,MIN,1354.0,,52,33,19
200903220MIN,RS,MIN,1354.0,,53,33,20
200903220MIN,RS,MIN,1372.0,,53,35,18
200903220MIN,RS,MIN,1395.3,,53,38,15
200903220MIN,RS,MIN,1408.6,,55,38,17
200903220MIN,RS,MIN,1425.1,,55,39,16
200903220MIN,RS,MIN,1439.2,,57,39,18
200903220MIN,RS,MIN,1494.0,,58,39,19
200903220MIN,RS,MIN,1494.0,,59,39,20
200903220MIN,RS,MIN,1560.0,,61,39,22
200903220MIN,RS,MIN,1625.0,,63,39,24
200903220MIN,RS,MIN,1655.0,,63,40,23
200903220MIN,RS,MIN,1662.0,,63,42,21
200903220MIN,RS,MIN,1708.0,,65,42,23
200903220MIN,RS,MIN,1727.0,,65,44,21
200903220MIN,RS,MIN,1765.0,,67,44,23
200903220MIN,RS,MIN,1823.0,,69,44,25
200903220MIN,RS,MIN,1872.0,,69,46,23
200903220MIN,RS,MIN,1900.0,,71,46,25
200903220MIN,RS,MIN,1923.0,,73,46,27
200903220MIN,RS,MIN,1947.0,,74,46,28
200903220MIN,RS,MIN,1947.0,,75,46,29
200903220MIN,RS,MIN,1975.0,,76,46,30
200903220MIN,RS,MIN,2044.0,,78,46,32
200903220MIN,RS,MIN,2068.0,,78,48,30
200903220MIN,RS,MIN,2088.0,,80,48,32
200903220MIN,RS,MIN,2109.7,,80,51,29
200903220MIN,RS,MIN,2116.0,,81,51,30
200903220MIN,RS,MIN,2116.0,,82,51,31
200903220MIN,RS,MIN,2125.0,,82,53,29
200903220MIN,RS,MIN,2141.7,,84,53,31
200903220MIN,RS,MIN,2188.0,,84,55,29
200903220MIN,RS,MIN,2236.0,,85,55,30
200903220MIN,RS,MIN,2251.0,,85,58,27
200903220MIN,RS,MIN,2282.0,,85,61,24
200903220MIN,RS,MIN,2303.0,,86,61,25
200903220MIN,RS,MIN,2303.0,,87,61,26
200903220MIN,RS,MIN,2333.0,,89,61,28
200903220MIN,RS,MIN,2349.0,,89,62,27
200903220MIN,RS,MIN,2349.0,,89,63,26
200903220MIN,RS,MIN,2370.0,,91,63,28
200903220MIN,RS,MIN,2396.0,,91,65,26
200903220MIN,RS,MIN,2503.0,,91,66,25
200903220MIN,RS,MIN,2503.0,,91,67,24
200903220MIN,RS,MIN,2525.0,,92,67,25
200903220MIN,RS,MIN,2538.0,,92,70,22
200903220MIN,RS,MIN,2560.0,,92,72,20
200903220MIN,RS,MIN,2592.0,,92,75,17
200903220MIN,RS,MIN,2617.0,,92,77,15
200903220MIN,RS,MIN,2656.0,,92,79,13
200903220MIN,RS,MIN,2673.0,,94,79,15
200903220MIN,RS,MIN,2706.0,,94,81,13
200903220MIN,RS,MIN,2730.0,,94,83,11
200903220MIN,RS,MIN,2756.0,,97,83,14
200903220MIN,RS,MIN,2767.0,,97,85,12
200903220MIN,RS,MIN,2810.0,,97,86,11
200903220MIN,RS,MIN,2810.0,,97,87,10
200903220MIN,RS,MIN,2835.5,,97,88,9
200903220MIN,RS,MIN,2879.8,F,97,90,7
200903220MIN,RS,MIN,2880.0,,97,90,7
200903240OKC,RS,LAL,0.0,,0,0,0
200903240OKC,RS,LAL,21.0,,0,2,-2
200903240OKC,RS,LAL,43.0,,0,4,-4
200903240OKC,RS,LAL,62.0,,2,4,-2
200903240OKC,RS,LAL,99.0,,2,6,-4
200903240OKC,RS,LAL,113.0,,4,6,-2
200903240OKC,RS,LAL,123.0,,4,7,-3
200903240OKC,RS,LAL,123.0,,4,8,-4
200903240OKC,RS,LAL,146.0,,6,8,-2
200903240OKC,RS,LAL,159.0,,6,11,-5
200903240OKC,RS,LAL,204.0,,6,13,-7
200903240OKC,RS,LAL,242.0,,6,15,-9
200903240OKC,RS,LAL,257.0,,8,15,-7
200903240OKC,RS,LAL,277.0,,8,17,-9
200903240OKC,RS,LAL,296.0,,10,17,-7
200903240OKC,RS,LAL,319.0,,10,19,-9
200903240OKC,RS,LAL,346.0,,10,21,-11
200903240OKC,RS,LAL,381.0,,12,21,-9
200903240OKC,RS,LAL,393.0,,13,21,-8
200903240OKC,RS,LAL,456.0,,13,23,-10
200903240OKC,RS,LAL,493.0,,13,25,-12
200903240OKC,RS,LAL,533.0,,15,25,-10
200903240OKC,RS,LAL,550.0,,15,27,-12
200903240OKC,RS,LAL,559.0,,18,27,-9
200903240OKC,RS,LAL,576.0,,18,28,-10
200903240OKC,RS,LAL,576.0,,18,29,-11
200903240OKC,RS,LAL,587.0,,20,29,-9
200903240OKC,RS,LAL,602.0,,20,31,-11
200903240OKC,RS,LAL,650.0,,20,33,-13
200903240OKC,RS,LAL,677.8,,20,35,-15
200903240OKC,RS,LAL,719.0,,20,37,-17
200903240OKC,RS,LAL,774.0,,22,37,-15
200903240OKC,RS,LAL,827.0,,22,39,-17
200903240OKC,RS,LAL,843.0,,24,39,-15
200903240OKC,RS,LAL,866.0,,26,39,-13
200903240OKC,RS,LAL,885.0,,28,39,-11
200903240OKC,RS,LAL,899.0,,28,40,-12
200903240OKC,RS,LAL,899.0,,28,41,-13
200903240OKC,RS,LAL,934.0,,28,43,-15
200903240OKC,RS,LAL,945.0,,30,43,-13
200903240OKC,RS,LAL,972.0,,30,45,-15
200903240OKC,RS,LAL,984.0,,32,45,-13
200903240OKC,RS,LAL,1007.0,,34,45,-11
200903240OKC,RS,LAL,1060.0,,34,47,-13
200903240OKC,RS,LAL,1152.0,,34,48,-14
200903240OKC,RS,LAL,1152.0,,34,49,-15
200903240OKC,RS,LAL,1207.0,,34,51,-17
200903240OKC,RS,LAL,1222.0,,35,51,-16
200903240OKC,RS,LAL,1222.0,,36,51,-15
200903240OKC,RS,LAL,1252.0,,38,51,-13
200903240OKC,RS,LAL,1305.0,,38,53,-15
200903240OKC,RS,LAL,1330.0,,38,54,-16
200903240OKC,RS,LAL,1330.0,,38,55,-17
200903240OKC,RS,LAL,1359.0,,38,56,-18
200903240OKC,RS,LAL,1359.0,,38,57,-19
200903240OKC,RS,LAL,1379.0,,38,60,-22
200903240OKC,RS,LAL,1414.9,,38,62,-24
200903240OKC,RS,LAL,1462.0,,40,62,-22
200903240OKC,RS,LAL,1509.0,,40,64,-24
200903240OKC,RS,LAL,1545.0,,41,64,-23
200903240OKC,RS,LAL,1545.0,,42,64,-22
200903240OKC,RS,LAL,1577.0,,42,66,-24
200903240OKC,RS,LAL,1589.0,,45,66,-21
200903240OKC,RS,LAL,1605.0,,45,68,-23
200903240OKC,RS,LAL,1618.0,,48,68,-20
200903240OKC,RS,LAL,1641.0,,49,68,-19
200903240OKC,RS,LAL,1641.0,,50,68,-18
200903240OKC,RS,LAL,1652.0,,50,70,-20
200903240OKC,RS,LAL,1689.0,,50,73,-23
200903240OKC,RS,LAL,1703.0,,52,73,-21
200903240OKC,RS,LAL,1720.0,,53,73,-20
200903240OKC,RS,LAL,1720.0,,54,73,-19
200903240OKC,RS,LAL,1747.0,,54,74,-20
200903240OKC,RS,LAL,1747.0,,54,75,-21
200903240OKC,RS,LAL,1753.0,,56,75,-19
200903240OKC,RS,LAL,1773.0,,56,78,-22
200903240OKC,RS,LAL,1789.0,,57,78,-21
200903240OKC,RS,LAL,1789.0,,58,78,-20
200903240OKC,RS,LAL,1840.0,,59,78,-19
200903240OKC,RS,LAL,1876.0,,59,80,-21
200903240OKC,RS,LAL,1888.0,,61,80,-19
200903240OKC,RS,LAL,1908.0,,61,82,-21
200903240OKC,RS,LAL,1922.0,,62,82,-20
200903240OKC,RS,LAL,1922.0,,63,82,-19
200903240OKC,RS,LAL,1938.0,,63,84,-21
200903240OKC,RS,LAL,1955.0,,63,86,-23
200903240OKC,RS,LAL,1970.0,,65,86,-21
200903240OKC,RS,LAL,1970.0,,66,86,-20
200903240OKC,RS,LAL,1995.0,,66,88,-22
200903240OKC,RS,LAL,2016.0,,68,88,-20
200903240OKC,RS,LAL,2037.0,,68,90,-22
200903240OKC,RS,LAL,2059.0,,70,90,-20
200903240OKC,RS,LAL,2127.1,,72,90,-18
200903240OKC,RS,LAL,2204.0,,72,91,-19
200903240OKC,RS,LAL,2204.0,,72,92,-20
200903240OKC,RS,LAL,2227.0,,74,92,-18
200903240OKC,RS,LAL,2243.0,,74,94,-20
200903240OKC,RS,LAL,2265.0,,75,94,-19
200903240OKC,RS,LAL,2298.0,,75,96,-21
200903240OKC,RS,LAL,2339.0,,77,96,-19
200903240OKC,RS,LAL,2383.0,,78,96,-18
200903240OKC,RS,LAL,2383.0,,79,96,-17
200903240OKC,RS,LAL,2395.0,,79,98,-19
200903240OKC,RS,LAL,2448.0,,81,98,-17
200903240OKC,RS,LAL,2504.0,,81,101,-20
200903240OKC,RS,LAL,2535.0,,81,103,-22
200903240OKC,RS,LAL,2559.0,,83,103,-20
200903240OKC,RS,LAL,2616.0,,83,105,-22
200903240OKC,RS,LAL,2632.0,,85,105,-20
200903240OKC,RS,LAL,2731.0,,87,105,-18
200903240OKC,RS,LAL,2844.1,,87,107,-20
200903240OKC,RS,LAL,2861.0,F,89,107,-18
200903240OKC,RS,LAL,2880.0,,89,107,-18
200903270TOR,RS,TOR,0.0,,0,0,0
200903270TOR,RS,TOR,22.0,,2,0,2
200903270TOR,RS,TOR,80.0,,4,0,4
200903270TOR,RS,TOR,104.0,,5,0,5
200903270TOR,RS,TOR,139.0,,5,2,3
200903270TOR,RS,TOR,174.0,,5,4,1
200903270TOR,RS,TOR,219.0,LC,5,7,-2
200903270TOR,RS,TOR,239.0,T,7,7,0
200903270TOR,RS,TOR,257.0,,7,9,-2
200903270TOR,RS,TOR,284.0,,7,11,-4
200903270TOR,RS,TOR,311.0,,7,13,-6
200903270TOR,RS,TOR,328.0,,7,14,-7
200903270TOR,RS,TOR,328.0,,7,15,-8
200903270TOR,RS,TOR,361.0,,7,17,-10
200903270TOR,RS,TOR,407.0,,9,17,-8
200903270TOR,RS,TOR,425.0,,9,19,-10
200903270TOR,RS,TOR,498.0,,9,21,-12
200903270TOR,RS,TOR,542.0,,11,21,-10
200903270TOR,RS,TOR,562.0,,13,21,-8
200903270TOR,RS,TOR,583.0,,13,23,-10
200903270TOR,RS,TOR,601.0,,15,23,-8
200903270TOR,RS,TOR,643.0,,15,26,-11
200903270TOR,RS,TOR,660.1,,17,26,-9
200903270TOR,RS,TOR,676.1,,17,28,-11
200903270TOR,RS,TOR,690.4,,18,28,-10
200903270TOR,RS,TOR,748.0,,19,28,-9
200903270TOR,RS,TOR,765.0,,19,30,-11
200903270TOR,RS,TOR,794.0,,21,30,-9
200903270TOR,RS,TOR,817.0,,21,32,-11
200903270TOR,RS,TOR,817.0,,21,33,-12
200903270TOR,RS,TOR,846.0,,21,35,-14
200903270TOR,RS,TOR,878.0,,21,37,-16
200903270TOR,RS,TOR,905.0,,21,39,-18
200903270TOR,RS,TOR,923.0,,23,39,-16
200903270TOR,RS,TOR,950.0,,25,39,-14
200903270TOR,RS,TOR,974.0,,25,41,-16
200903270TOR,RS,TOR,993.0,,27,41,-14
200903270TOR,RS,TOR,1016.0,,27,43,-16
200903270TOR,RS,TOR,1028.0,,29,43,-14
200903270TOR,RS,TOR,1035.0,,31,43,-12
200903270TOR,RS,TOR,1132.0,,31,45,-14
200903270TOR,RS,TOR,1198.0,,31,47,-16
200903270TOR,RS,TOR,1216.0,,33,47,-14
200903270TOR,RS,TOR,1262.0,,33,48,-15
200903270TOR,RS,TOR,1262.0,,33,49,-16
200903270TOR,RS,TOR,1308.0,,35,49,-14
200903270TOR,RS,TOR,1338.0,,37,49,-12
200903270TOR,RS,TOR,1386.8,,40,49,-9
200903270TOR,RS,TOR,1437.2,,40,51,-11
200903270TOR,RS,TOR,1477.0,,40,53,-13
200903270TOR,RS,TOR,1497.0,,42,53,-11
200903270TOR,RS,TOR,1515.0,,42,56,-14
200903270TOR,RS,TOR,1545.0,,42,58,-16
200903270TOR,RS,TOR,1575.0,,42,60,-18
200903270TOR,RS,TOR,1592.0,,43,60,-17
200903270TOR,RS,TOR,1592.0,,44,60,-16
200903270TOR,RS,TOR,1605.0,,44,62,-18
200903270TOR,RS,TOR,1624.0,,46,62,-16
200903270TOR,RS,TOR,1702.0,,46,64,-18
200903270TOR,RS,TOR,1722.0,,46,67,-21
200903270TOR,RS,TOR,1742.0,,48,67,-19
200903270TOR,RS,TOR,1752.0,,48,69,-21
200903270TOR,RS,TOR,1776.0,,50,69,-19
200903270TOR,RS,TOR,1776.0,,51,69,-18
200903270TOR,RS,TOR,1794.0,,53,69,-16
200903270TOR,RS,TOR,1821.0,,54,69,-15
200903270TOR,RS,TOR,1821.0,,55,69,-14
200903270TOR,RS,TOR,1856.0,,56,69,-13
200903270TOR,RS,TOR,1856.0,,57,69,-12
200903270TOR,RS,TOR,1865.0,,57,71,-14
200903270TOR,RS,TOR,1915.0,,58,71,-13
200903270TOR,RS,TOR,1915.0,,59,71,-12
200903270TOR,RS,TOR,1952.0,,59,73,-14
200903270TOR,RS,TOR,1952.0,,59,74,-15
200903270TOR,RS,TOR,1977.0,,59,76,-17
200903270TOR,RS,TOR,2000.0,,61,76,-15
200903270TOR,RS,TOR,2033.0,,61,78,-17
200903270TOR,RS,TOR,2068.0,,61,80,-19
200903270TOR,RS,TOR,2079.0,,62,80,-18
200903270TOR,RS,TOR,2079.0,,63,80,-17
200903270TOR,RS,TOR,2097.0,,63,82,-19
200903270TOR,RS,TOR,2108.1,,65,82,-17
200903270TOR,RS,TOR,2139.1,,65,84,-19
200903270TOR,RS,TOR,2209.0,,67,84,-17
200903270TOR,RS,TOR,2280.0,,68,84,-16
200903270TOR,RS,TOR,2280.0,,69,84,-15
200903270TOR,RS,TOR,2288.0,,69,86,-17
200903270TOR,RS,TOR,2300.0,,72,86,-14
200903270TOR,RS,TOR,2314.0,,72,88,-16
200903270TOR,RS,TOR,2330.0,,73,88,-15
200903270TOR,RS,TOR,2346.0,,73,91,-18
200903270TOR,RS,TOR,2352.0,,74,91,-17
200903270TOR,RS,TOR,2352.0,,75,91,-16
200903270TOR,RS,TOR,2366.0,,75,93,-18
200903270TOR,RS,TOR,2400.0,,75,96,-21
200903270TOR,RS,TOR,2428.0,,75,99,-24
200903270TOR,RS,TOR,2444.0,,77,99,-22
200903270TOR,RS,TOR,2499.0,,79,99,-20
200903270TOR,RS,TOR,2519.0,,79,101,-22
200903270TOR,RS,TOR,2550.0,,79,104,-25
200903270TOR,RS,TOR,2563.0,,81,104,-23
200903270TOR,RS,TOR,2563.0,,82,104,-22
200903270TOR,RS,TOR,2579.0,,82,106,-24
200903270TOR,RS,TOR,2600.0,,84,106,-22
200903270TOR,RS,TOR,2650.0,,85,106,-21
200903270TOR,RS,TOR,2650.0,,86,106,-20
200903270TOR,RS,TOR,2687.0,,89,106,-17
200903270TOR,RS,TOR,2721.0,,89,107,-18
200903270TOR,RS,TOR,2721.0,,89,108,-19
200903270TOR,RS,TOR,2763.0,,91,108,-17
200903270TOR,RS,TOR,2792.0,,93,108,-15
200903270TOR,RS,TOR,2815.0,,93,110,-17
200903270TOR,RS,TOR,2839.1,,93,112,-19
200903270TOR,RS,TOR,2849.1,,95,112,-17
200903270TOR,RS,TOR,2860.8,F,96,112,-16
200903270TOR,RS,TOR,2880.0,,96,112,-16
200903290BOS,RS,BOS,0.0,,0,0,0
200903290BOS,RS,BOS,90.0,,2,0,2
200903290BOS,RS,BOS,137.0,T,2,2,0
200903290BOS,RS,BOS,157.0,LC,2,5,-3
200903290BOS,RS,BOS,172.0,,4,5,-1
200903290BOS,RS,BOS,184.0,,4,7,-3
200903290BOS,RS,BOS,240.0,,6,7,-1
200903290BOS,RS,BOS,289.0,LC,8,7,1
200903290BOS,RS,BOS,342.0,,10,7,3
200903290BOS,RS,BOS,393.0,T,10,10,0
200903290BOS,RS,BOS,408.0,,11,10,1
200903290BOS,RS,BOS,426.0,LC,11,12,-1
200903290BOS,RS,BOS,439.0,T,12,12,0
200903290BOS,RS,BOS,439.0,LC,13,12,1
200903290BOS,RS,BOS,473.0,,14,12,2
200903290BOS,RS,BOS,473.0,,15,12,3
200903290BOS,RS,BOS,486.0,T,15,15,0
200903290BOS,RS,BOS,499.0,,16,15,1
200903290BOS,RS,BOS,531.0,LC,16,17,-1
200903290BOS,RS,BOS,546.0,LC,18,17,1
200903290BOS,RS,BOS,546.0,,19,17,2
200903290BOS,RS,BOS,576.0,,21,17,4
200903290BOS,RS,BOS,623.0,,23,17,6
200903290BOS,RS,BOS,660.0,,25,17,8
200903290BOS,RS,BOS,694.5,,25,18,7
200903290BOS,RS,BOS,707.1,,25,20,5
200903290BOS,RS,BOS,755.0,,25,22,3
200903290BOS,RS,BOS,786.0,,25,24,1
200903290BOS,RS,BOS,798.0,,27,24,3
200903290BOS,RS,BOS,834.0,,27,26,1
200903290BOS,RS,BOS,874.0,,29,26,3
200903290BOS,RS,BOS,904.0,,29,28,1
200903290BOS,RS,BOS,909.0,,30,28,2
200903290BOS,RS,BOS,909.0,,31,28,3
200903290BOS,RS,BOS,991.0,,33,28,5
200903290BOS,RS,BOS,1005.0,,33,30,3
200903290BOS,RS,BOS,1033.0,,35,30,5
200903290BOS,RS,BOS,1050.0,,35,32,3
200903290BOS,RS,BOS,1083.0,,37,32,5
200903290BOS,RS,BOS,1143.0,,37,34,3
200903290BOS,RS,BOS,1188.0,,37,36,1
200903290BOS,RS,BOS,1214.0,T,37,37,0
200903290BOS,RS,BOS,1214.0,LC,37,38,-1
200903290BOS,RS,BOS,1220.0,T,38,38,0
200903290BOS,RS,BOS,1220.0,LC,39,38,1
200903290BOS,RS,BOS,1227.0,LC,39,40,-1
200903290BOS,RS,BOS,1244.0,LC,41,40,1
200903290BOS,RS,BOS,1260.0,LC,41,43,-2
200903290BOS,RS,BOS,1376.0,,42,43,-1
200903290BOS,RS,BOS,1376.0,T,43,43,0
200903290BOS,RS,BOS,1414.9,,43,44,-1
200903290BOS,RS,BOS,1414.9,,43,45,-2
200903290BOS,RS,BOS,1439.4,T,45,45,0
200903290BOS,RS,BOS,1450.0,,45,46,-1
200903290BOS,RS,BOS,1470.0,LC,47,46,1
200903290BOS,RS,BOS,1500.0,,49,46,3
200903290BOS,RS,BOS,1525.0,,49,48,1
200903290BOS,RS,BOS,1571.0,LC,49,50,-1
200903290BOS,RS,BOS,1597.0,LC,51,50,1
200903290BOS,RS,BOS,1619.0,LC,51,52,-1
200903290BOS,RS,BOS,1654.0,LC,53,52,1
200903290BOS,RS,BOS,1706.0,,55,52,3
200903290BOS,RS,BOS,1706.0,,56,52,4
200903290BOS,RS,BOS,1738.0,,58,52,6
200903290BOS,RS,BOS,1765.0,,59,52,7
200903290BOS,RS,BOS,1765.0,,60,52,8
200903290BOS,RS,BOS,1788.0,,60,54,6
200903290BOS,RS,BOS,1827.0,,60,55,5
200903290BOS,RS,BOS,1827.0,,60,56,4
200903290BOS,RS,BOS,1839.0,,62,56,6
200903290BOS,RS,BOS,1887.0,,64,56,8
200903290BOS,RS,BOS,1909.0,,64,57,7
200903290BOS,RS,BOS,1909.0,,64,58,6
200903290BOS,RS,BOS,1944.0,,64,61,3
200903290BOS,RS,BOS,1960.0,,65,61,4
200903290BOS,RS,BOS,1978.0,,65,63,2
200903290BOS,RS,BOS,2008.0,LC,65,66,-1
200903290BOS,RS,BOS,2077.0,,65,67,-2
200903290BOS,RS,BOS,2091.0,T,67,67,0
200903290BOS,RS,BOS,2114.7,,67,69,-2
200903290BOS,RS,BOS,2129.2,,68,69,-1
200903290BOS,RS,BOS,2146.3,,68,71,-3
200903290BOS,RS,BOS,2210.0,,68,72,-4
200903290BOS,RS,BOS,2210.0,,68,73,-5
200903290BOS,RS,BOS,2248.0,,68,75,-7
200903290BOS,RS,BOS,2269.0,,71,75,-4
200903290BOS,RS,BOS,2288.0,,71,77,-6
200903290BOS,RS,BOS,2298.0,,72,77,-5
200903290BOS,RS,BOS,2312.0,,72,80,-8
200903290BOS,RS,BOS,2348.0,,74,80,-6
200903290BOS,RS,BOS,2407.0,,74,82,-8
200903290BOS,RS,BOS,2444.0,,74,85,-11
200903290BOS,RS,BOS,2475.0,,75,85,-10
200903290BOS,RS,BOS,2475.0,,76,85,-9
200903290BOS,RS,BOS,2500.0,,76,87,-11
200903290BOS,RS,BOS,2567.0,,76,89,-13
200903290BOS,RS,BOS,2590.0,,76,90,-14
200903290BOS,RS,BOS,2611.0,,78,90,-12
200903290BOS,RS,BOS,2634.0,,78,92,-14
200903290BOS,RS,BOS,2677.0,,78,94,-16
200903290BOS,RS,BOS,2693.0,,79,94,-15
200903290BOS,RS,BOS,2693.0,,80,94,-14
200903290BOS,RS,BOS,2714.0,,80,96,-16
200903290BOS,RS,BOS,2753.0,,82,96,-14
200903290BOS,RS,BOS,2779.0,,82,97,-15
200903290BOS,RS,BOS,2779.0,,82,98,-16
200903290BOS,RS,BOS,2786.0,,84,98,-14
200903290BOS,RS,BOS,2806.0,,84,100,-16
200903290BOS,RS,BOS,2828.6,,84,101,-17
200903290BOS,RS,BOS,2858.6,F,84,103,-19
200903290BOS,RS,BOS,2880.0,,84,103,-19
200903310SAS,RS,SAS,0.0,,0,0,0
200903310SAS,RS,SAS,37.0,,1,0,1
200903310SAS,RS,SAS,37.0,,2,0,2
200903310SAS,RS,SAS,58.0,T,2,2,0
200903310SAS,RS,SAS,97.0,LC,2,3,-1
200903310SAS,RS,SAS,110.0,LC,5,3,2
200903310SAS,RS,SAS,127.0,LC,5,6,-1
200903310SAS,RS,SAS,144.0,LC,7,6,1
200903310SAS,RS,SAS,155.0,LC,7,8,-1
200903310SAS,RS,SAS,183.0,,7,11,-4
200903310SAS,RS,SAS,200.0,,9,11,-2
200903310SAS,RS,SAS,212.0,,9,13,-4
200903310SAS,RS,SAS,234.0,,11,13,-2
200903310SAS,RS,SAS,270.0,LC,14,13,1
200903310SAS,RS,SAS,292.0,LC,14,15,-1
200903310SAS,RS,SAS,314.0,,14,17,-3
200903310SAS,RS,SAS,331.0,,16,17,-1
200903310SAS,RS,SAS,345.0,,16,19,-3
200903310SAS,RS,SAS,427.0,,16,21,-5
200903310SAS,RS,SAS,446.0,,18,21,-3
200903310SAS,RS,SAS,461.0,,18,23,-5
200903310SAS,RS,SAS,481.0,,20,23,-3
200903310SAS,RS,SAS,510.0,,20,25,-5
200903310SAS,RS,SAS,535.0,,21,25,-4
200903310SAS,RS,SAS,535.0,,22,25,-3
200903310SAS,RS,SAS,588.0,,22,28,-6
200903310SAS,RS,SAS,613.0,,22,30,-8
200903310SAS,RS,SAS,624.0,,23,30,-7
200903310SAS,RS,SAS,624.0,,24,30,-6
200903310SAS,RS,SAS,633.0,,25,30,-5
200903310SAS,RS,SAS,633.0,,26,30,-4
200903310SAS,RS,SAS,658.0,,26,32,-6
200903310SAS,RS,SAS,670.1,,27,32,-5
200903310SAS,RS,SAS,711.6,,29,32,-3
200903310SAS,RS,SAS,825.0,T,32,32,0
200903310SAS,RS,SAS,844.0,,32,34,-2
200903310SAS,RS,SAS,871.0,,32,36,-4
200903310SAS,RS,SAS,904.0,,34,36,-2
200903310SAS,RS,SAS,947.0,LC,37,36,1
200903310SAS,RS,SAS,969.0,LC,37,38,-1
200903310SAS,RS,SAS,986.0,LC,40,38,2
200903310SAS,RS,SAS,1061.0,T,40,40,0
200903310SAS,RS,SAS,1078.0,,42,40,2
200903310SAS,RS,SAS,1146.0,,44,40,4
200903310SAS,RS,SAS,1174.0,,46,40,6
200903310SAS,RS,SAS,1195.0,,46,41,5
200903310SAS,RS,SAS,1234.0,,48,41,7
200903310SAS,RS,SAS,1270.0,,50,41,9
200903310SAS,RS,SAS,1378.0,,50,44,6
200903310SAS,RS,SAS,1389.3,,52,44,8
200903310SAS,RS,SAS,1402.8,,52,45,7
200903310SAS,RS,SAS,1402.8,,52,46,6
200903310SAS,RS,SAS,1409.0,,54,46,8
200903310SAS,RS,SAS,1431.1,,54,48,6
200903310SAS,RS,SAS,1473.0,,56,48,8
200903310SAS,RS,SAS,1513.1,,58,48,10
200903310SAS,RS,SAS,1556.0,,58,51,7
200903310SAS,RS,SAS,1578.0,,60,51,9
200903310SAS,RS,SAS,1609.0,,62,51,11
200903310SAS,RS,SAS,1629.0,,64,51,13
200903310SAS,RS,SAS,1647.0,,64,53,11
200903310SAS,RS,SAS,1664.0,,66,53,13
200903310SAS,RS,SAS,1702.0,,68,53,15
200903310SAS,RS,SAS,1719.0,,68,55,13
200903310SAS,RS,SAS,1746.0,,68,57,11
200903310SAS,RS,SAS,1771.0,,70,57,13
200903310SAS,RS,SAS,1806.0,,72,57,15
200903310SAS,RS,SAS,1837.0,,74,57,17
200903310SAS,RS,SAS,1856.0,,74,59,15
200903310SAS,RS,SAS,1876.0,,74,61,13
200903310SAS,RS,SAS,1891.0,,76,61,15
200903310SAS,RS,SAS,1891.0,,77,61,16
200903310SAS,RS,SAS,1913.0,,77,64,13
200903310SAS,RS,SAS,1939.0,,77,66,11
200903310SAS,RS,SAS,1995.0,,79,66,13
200903310SAS,RS,SAS,2022.0,,79,68,11
200903310SAS,RS,SAS,2046.0,,80,68,12
200903310SAS,RS,SAS,2046.0,,81,68,13
200903310SAS,RS,SAS,2067.0,,81,70,11
200903310SAS,RS,SAS,2106.0,,81,72,9
200903310SAS,RS,SAS,2158.9,,81,73,8
200903310SAS,RS,SAS,2158.9,,81,74,7
200903310SAS,RS,SAS,2158.9,,81,75,6
200903310SAS,RS,SAS,2213.0,,81,77,4
200903310SAS,RS,SAS,2237.0,,81,79,2
200903310SAS,RS,SAS,2251.0,,82,79,3
200903310SAS,RS,SAS,2263.0,,82,80,2
200903310SAS,RS,SAS,2263.0,,82,81,1
200903310SAS,RS,SAS,2273.0,,84,81,3
200903310SAS,RS,SAS,2341.0,,86,81,5
200903310SAS,RS,SAS,2385.0,,88,81,7
200903310SAS,RS,SAS,2459.0,,90,81,9
200903310SAS,RS,SAS,2520.0,,91,81,10
200903310SAS,RS,SAS,2520.0,,92,81,11
200903310SAS,RS,SAS,2542.0,,92,84,8
200903310SAS,RS,SAS,2582.0,,92,86,6
200903310SAS,RS,SAS,2599.0,,93,86,7
200903310SAS,RS,SAS,2702.0,,93,88,5
200903310SAS,RS,SAS,2752.0,,94,88,6
200903310SAS,RS,SAS,2768.0,,94,89,5
200903310SAS,RS,SAS,2768.0,,94,90,4
200903310SAS,RS,SAS,2809.0,,94,93,1
200903310SAS,RS,SAS,2828.4,,96,93,3
200903310SAS,RS,SAS,2843.1,F,96,95,1
200903310SAS,RS,SAS,2880.0,,96,95,1
200904030OKC,RS,POR,0.0,,0,0,0
200904030OKC,RS,POR,38.0,,2,0,2
200904030OKC,RS,POR,62.0,T,2,2,0
200904030OKC,RS,POR,123.0,,4,2,2
200904030OKC,RS,POR,136.0,LC,4,5,-1
200904030OKC,RS,POR,183.0,,4,7,-3
200904030OKC,RS,POR,207.0,,6,7,-1
200904030OKC,RS,POR,224.0,,6,9,-3
200904030OKC,RS,POR,264.0,,6,11,-5
200904030OKC,RS,POR,287.0,,6,12,-6
200904030OKC,RS,POR,287.0,,6,13,-7
200904030OKC,RS,POR,310.0,,6,15,-9
200904030OKC,RS,POR,390.0,,8,15,-7
200904030OKC,RS,POR,409.0,,8,17,-9
200904030OKC,RS,POR,486.0,,9,17,-8
200904030OKC,RS,POR,486.0,,10,17,-7
200904030OKC,RS,POR,507.0,,10,20,-10
200904030OKC,RS,POR,552.0,,12,20,-8
200904030OKC,RS,POR,620.0,,13,20,-7
200904030OKC,RS,POR,620.0,,14,20,-6
200904030OKC,RS,POR,634.0,,14,22,-8
200904030OKC,RS,POR,669.8,,14,25,-11
200904030OKC,RS,POR,803.0,,16,25,-9
200904030OKC,RS,POR,853.0,,16,27,-11
200904030OKC,RS,POR,872.0,,17,27,-10
200904030OKC,RS,POR,872.0,,18,27,-9
200904030OKC,RS,POR,981.0,,21,27,-6
200904030OKC,RS,POR,1002.0,,22,27,-5
200904030OKC,RS,POR,1022.0,,22,29,-7
200904030OKC,RS,POR,1039.0,,23,29,-6
200904030OKC,RS,POR,1039.0,,24,29,-5
200904030OKC,RS,POR,1065.0,,25,29,-4
200904030OKC,RS,POR,1065.0,,26,29,-3
200904030OKC,RS,POR,1086.0,,26,31,-5
200904030OKC,RS,POR,1109.0,,28,31,-3
200904030OKC,RS,POR,1127.0,,28,33,-5
200904030OKC,RS,POR,1142.0,,30,33,-3
200904030OKC,RS,POR,1180.0,,30,34,-4
200904030OKC,RS,POR,1205.0,,33,34,-1
200904030OKC,RS,POR,1234.0,,33,36,-3
200904030OKC,RS,POR,1258.0,,33,38,-5
200904030OKC,RS,POR,1296.0,,33,40,-7
200904030OKC,RS,POR,1296.0,,33,41,-8
200904030OKC,RS,POR,1332.0,,33,43,-10
200904030OKC,RS,POR,1344.0,,34,43,-9
200904030OKC,RS,POR,1344.0,,35,43,-8
200904030OKC,RS,POR,1407.8,,35,45,-10
200904030OKC,RS,POR,1425.3,,35,46,-11
200904030OKC,RS,POR,1425.3,,35,47,-12
200904030OKC,RS,POR,1515.0,,35,49,-14
200904030OKC,RS,POR,1551.0,,35,51,-16
200904030OKC,RS,POR,1588.0,,35,53,-18
200904030OKC,RS,POR,1613.0,,37,53,-16
200904030OKC,RS,POR,1613.0,,38,53,-15
200904030OKC,RS,POR,1651.0,,40,53,-13
200904030OKC,RS,POR,1671.0,,40,55,-15
200904030OKC,RS,POR,1709.0,,40,56,-16
200904030OKC,RS,POR,1709.0,,40,57,-17
200904030OKC,RS,POR,1740.0,,41,57,-16
200904030OKC,RS,POR,1751.0,,41,59,-18
200904030OKC,RS,POR,1787.0,,41,62,-21
200904030OKC,RS,POR,1830.0,,41,65,-24
200904030OKC,RS,POR,1861.0,,41,67,-26
200904030OKC,RS,POR,1889.0,,41,69,-28
200904030OKC,RS,POR,1904.0,,43,69,-26
200904030OKC,RS,POR,1932.0,,44,69,-25
200904030OKC,RS,POR,1953.0,,44,71,-27
200904030OKC,RS,POR,1982.0,,44,72,-28
200904030OKC,RS,POR,1999.0,,46,72,-26
200904030OKC,RS,POR,2038.0,,48,72,-24
200904030OKC,RS,POR,2060.0,,48,74,-26
200904030OKC,RS,POR,2102.1,,50,74,-24
200904030OKC,RS,POR,2118.2,,50,75,-25
200904030OKC,RS,POR,2118.2,,50,76,-26
200904030OKC,RS,POR,2190.0,,52,76,-24
200904030OKC,RS,POR,2209.0,,52,78,-26
200904030OKC,RS,POR,2277.0,,54,78,-24
200904030OKC,RS,POR,2329.0,,54,80,-26
200904030OKC,RS,POR,2338.0,,56,80,-24
200904030OKC,RS,POR,2360.0,,56,82,-26
200904030OKC,RS,POR,2370.0,,58,82,-24
200904030OKC,RS,POR,2396.0,,60,82,-22
200904030OKC,RS,POR,2419.0,,60,83,-23
200904030OKC,RS,POR,2419.0,,60,84,-24
200904030OKC,RS,POR,2449.0,,60,86,-26
200904030OKC,RS,POR,2478.0,,62,86,-24
200904030OKC,RS,POR,2498.0,,62,89,-27
200904030OKC,RS,POR,2539.0,,64,89,-25
200904030OKC,RS,POR,2584.0,,66,89,-23
200904030OKC,RS,POR,2611.0,,66,91,-25
200904030OKC,RS,POR,2646.0,,66,93,-27
200904030OKC,RS,POR,2679.0,,66,95,-29
200904030OKC,RS,POR,2716.0,,66,98,-32
200904030OKC,RS,POR,2735.0,,66,100,-34
200904030OKC,RS,POR,2747.0,,68,100,-32
200904030OKC,RS,POR,2763.0,,68,102,-34
200904030OKC,RS,POR,2774.0,,70,102,-32
200904030OKC,RS,POR,2787.0,,70,104,-34
200904030OKC,RS,POR,2802.0,,72,104,-32
200904030OKC,RS,POR,2837.9,,72,106,-34
200904030OKC,RS,POR,2837.9,F,72,107,-35
200904030OKC,RS,POR,2880.0,,72,107,-35
200904050OKC,RS,IND,0.0,,0,0,0
200904050OKC,RS,IND,77.0,,1,0,1
200904050OKC,RS,IND,89.0,LC,1,2,-1
200904050OKC,RS,IND,106.0,T,2,2,0
200904050OKC,RS,IND,121.0,,2,4,-2
200904050OKC,RS,IND,143.0,,2,7,-5
200904050OKC,RS,IND,175.0,,4,7,-3
200904050OKC,RS,IND,235.0,T,7,7,0
200904050OKC,RS,IND,252.0,,7,9,-2
200904050OKC,RS,IND,297.0,,7,11,-4
200904050OKC,RS,IND,349.0,,9,11,-2
200904050OKC,RS,IND,360.0,,9,13,-4
200904050OKC,RS,IND,360.0,,9,14,-5
200904050OKC,RS,IND,388.0,,9,16,-7
200904050OKC,RS,IND,388.0,,9,17,-8
200904050OKC,RS,IND,409.0,,11,17,-6
200904050OKC,RS,IND,429.0,,11,19,-8
200904050OKC,RS,IND,469.0,,11,21,-10
200904050OKC,RS,IND,491.0,,11,23,-12
200904050OKC,RS,IND,528.0,,11,26,-15
200904050OKC,RS,IND,553.0,,13,26,-13
200904050OKC,RS,IND,654.0,,15,26,-11
200904050OKC,RS,IND,681.7,,16,26,-10
200904050OKC,RS,IND,681.7,,17,26,-9
200904050OKC,RS,IND,688.1,,17,28,-11
200904050OKC,RS,IND,705.2,,19,28,-9
200904050OKC,RS,IND,720.0,,19,31,-12
200904050OKC,RS,IND,737.0,,21,31,-10
200904050OKC,RS,IND,772.0,,23,31,-8
200904050OKC,RS,IND,800.0,,23,32,-9
200904050OKC,RS,IND,800.0,,23,33,-10
200904050OKC,RS,IND,808.0,,24,33,-9
200904050OKC,RS,IND,808.0,,25,33,-8
200904050OKC,RS,IND,808.0,,26,33,-7
200904050OKC,RS,IND,849.0,,26,34,-8
200904050OKC,RS,IND,849.0,,26,35,-9
200904050OKC,RS,IND,879.0,,26,37,-11
200904050OKC,RS,IND,909.0,,28,37,-9
200904050OKC,RS,IND,982.0,,28,39,-11
200904050OKC,RS,IND,1003.0,,30,39,-9
200904050OKC,RS,IND,1017.0,,30,41,-11
200904050OKC,RS,IND,1052.0,,30,43,-13
200904050OKC,RS,IND,1120.0,,32,43,-11
200904050OKC,RS,IND,1143.0,,34,43,-9
200904050OKC,RS,IND,1169.0,,34,45,-11
200904050OKC,RS,IND,1190.0,,36,45,-9
200904050OKC,RS,IND,1240.0,,38,45,-7
200904050OKC,RS,IND,1249.0,,38,48,-10
200904050OKC,RS,IND,1260.0,,39,48,-9
200904050OKC,RS,IND,1275.0,,39,50,-11
200904050OKC,RS,IND,1275.0,,39,51,-12
200904050OKC,RS,IND,1287.0,,41,51,-10
200904050OKC,RS,IND,1315.0,,42,51,-9
200904050OKC,RS,IND,1315.0,,43,51,-8
200904050OKC,RS,IND,1334.0,,43,53,-10
200904050OKC,RS,IND,1349.0,,44,53,-9
200904050OKC,RS,IND,1349.0,,45,53,-8
200904050OKC,RS,IND,1395.2,,45,55,-10
200904050OKC,RS,IND,1404.1,,46,55,-9
200904050OKC,RS,IND,1417.6,,46,57,-11
200904050OKC,RS,IND,1439.3,,48,57,-9
200904050OKC,RS,IND,1555.0,,50,57,-7
200904050OKC,RS,IND,1573.0,,50,59,-9
200904050OKC,RS,IND,1589.0,,52,59,-7
200904050OKC,RS,IND,1604.0,,52,61,-9
200904050OKC,RS,IND,1635.0,,52,64,-12
200904050OKC,RS,IND,1636.0,,52,65,-13
200904050OKC,RS,IND,1650.0,,54,65,-11
200904050OKC,RS,IND,1665.0,,54,67,-13
200904050OKC,RS,IND,1665.0,,54,68,-14
200904050OKC,RS,IND,1693.0,,54,70,-16
200904050OKC,RS,IND,1727.0,,54,71,-17
200904050OKC,RS,IND,1737.0,,56,71,-15
200904050OKC,RS,IND,1785.0,,58,71,-13
200904050OKC,RS,IND,1810.0,,58,73,-15
200904050OKC,RS,IND,1823.0,,59,73,-14
200904050OKC,RS,IND,1851.0,,60,73,-13
200904050OKC,RS,IND,1851.0,,61,73,-12
200904050OKC,RS,IND,1890.0,,61,76,-15
200904050OKC,RS,IND,1905.0,,63,76,-13
200904050OKC,RS,IND,1918.0,,63,78,-15
200904050OKC,RS,IND,1954.0,,63,79,-16
200904050OKC,RS,IND,1954.0,,63,80,-17
200904050OKC,RS,IND,1991.0,,63,82,-19
200904050OKC,RS,IND,2019.0,,63,83,-20
200904050OKC,RS,IND,2019.0,,63,84,-21
200904050OKC,RS,IND,2030.0,,65,84,-19
200904050OKC,RS,IND,2074.0,,66,84,-18
200904050OKC,RS,IND,2074.0,,67,84,-17
200904050OKC,RS,IND,2083.0,,67,86,-19
200904050OKC,RS,IND,2104.1,,67,88,-21
200904050OKC,RS,IND,2156.8,,67,90,-23
200904050OKC,RS,IND,2201.0,,69,90,-21
200904050OKC,RS,IND,2212.0,,69,91,-22
200904050OKC,RS,IND,2212.0,,69,92,-23
200904050OKC,RS,IND,2230.0,,71,92,-21
200904050OKC,RS,IND,2244.0,,71,94,-23
200904050OKC,RS,IND,2312.0,,73,94,-21
200904050OKC,RS,IND,2321.0,,73,95,-22
200904050OKC,RS,IND,2347.0,,73,98,-25
200904050OKC,RS,IND,2369.0,,73,100,-27
200904050OKC,RS,IND,2391.0,,75,100,-25
200904050OKC,RS,IND,2423.0,,77,100,-23
200904050OKC,RS,IND,2456.0,,79,100,-21
200904050OKC,RS,IND,2465.0,,79,102,-23
200904050OKC,RS,IND,2505.0,,81,102,-21
200904050OKC,RS,IND,2521.0,,81,104,-23
200904050OKC,RS,IND,2534.0,,83,104,-21
200904050OKC,RS,IND,2552.0,,83,105,-22
200904050OKC,RS,IND,2552.0,,83,106,-23
200904050OKC,RS,IND,2610.0,,83,108,-25
200904050OKC,RS,IND,2649.0,,85,108,-23
200904050OKC,RS,IND,2666.0,,85,110,-25
200904050OKC,RS,IND,2690.0,,87,110,-23
200904050OKC,RS,IND,2717.0,,89,110,-21
200904050OKC,RS,IND,2731.0,,89,111,-22
200904050OKC,RS,IND,2731.0,,89,112,-23
200904050OKC,RS,IND,2743.0,,91,112,-21
200904050OKC,RS,IND,2766.0,,93,112,-19
200904050OKC,RS,IND,2776.0,,93,114,-21
200904050OKC,RS,IND,2785.0,,95,114,-19
200904050OKC,RS,IND,2813.0,,97,114,-17
200904050OKC,RS,IND,2852.0,,97,117,-20
200904050OKC,RS,IND,2863.5,F,99,117,-18
200904050OKC,RS,IND,2880.0,,99,117,-18
200904070OKC,RS,SAS,0.0,,0,0,0
200904070OKC,RS,SAS,34.0,,0,1,-1
200904070OKC,RS,SAS,46.0,LC,2,1,1
200904070OKC,RS,SAS,70.0,LC,2,3,-1
200904070OKC,RS,SAS,87.0,T,3,3,0
200904070OKC,RS,SAS,87.0,LC,4,3,1
200904070OKC,RS,SAS,120.0,,6,3,3
200904070OKC,RS,SAS,134.0,,6,5,1
200904070OKC,RS,SAS,173.0,,8,5,3
200904070OKC,RS,SAS,185.0,,8,7,1
200904070OKC,RS,SAS,214.0,LC,8,9,-1
200904070OKC,RS,SAS,246.0,,8,11,-3
200904070OKC,RS,SAS,304.0,,8,13,-5
200904070OKC,RS,SAS,324.0,,11,13,-2
200904070OKC,RS,SAS,348.0,LC,14,13,1
200904070OKC,RS,SAS,373.0,LC,14,15,-1
200904070OKC,RS,SAS,397.0,LC,17,15,2
200904070OKC,RS,SAS,437.0,,19,15,4
200904070OKC,RS,SAS,454.0,,19,17,2
200904070OKC,RS,SAS,470.0,,21,17,4
200904070OKC,RS,SAS,497.0,,23,17,6
200904070OKC,RS,SAS,600.0,,23,18,5
200904070OKC,RS,SAS,600.0,,23,19,4
200904070OKC,RS,SAS,618.0,,24,19,5
200904070OKC,RS,SAS,635.0,,24,21,3
200904070OKC,RS,SAS,651.0,,27,21,6
200904070OKC,RS,SAS,670.7,,27,23,4
200904070OKC,RS,SAS,684.7,,30,23,7
200904070OKC,RS,SAS,713.9,,32,23,9
200904070OKC,RS,SAS,719.1,,32,24,8
200904070OKC,RS,SAS,719.1,,32,25,7
200904070OKC,RS,SAS,743.0,,34,25,9
200904070OKC,RS,SAS,762.0,,34,28,6
200904070OKC,RS,SAS,827.0,,34,31,3
200904070OKC,RS,SAS,847.0,,36,31,5
200904070OKC,RS,SAS,861.0,,36,33,3
200904070OKC,RS,SAS,879.0,,38,33,5
200904070OKC,RS,SAS,935.0,,40,33,7
200904070OKC,RS,SAS,955.0,,40,34,6
200904070OKC,RS,SAS,955.0,,40,35,5
200904070OKC,RS,SAS,1008.0,,42,35,7
200904070OKC,RS,SAS,1031.0,,42,37,5
200904070OKC,RS,SAS,1043.0,,43,37,6
200904070OKC,RS,SAS,1043.0,,44,37,7
200904070OKC,RS,SAS,1100.0,,44,39,5
200904070OKC,RS,SAS,1144.0,,44,41,3
200904070OKC,RS,SAS,1173.0,,44,43,1
200904070OKC,RS,SAS,1173.0,T,44,44,0
200904070OKC,RS,SAS,1194.0,,45,44,1
200904070OKC,RS,SAS,1194.0,,46,44,2
200904070OKC,RS,SAS,1217.0,,48,44,4
200904070OKC,RS,SAS,1250.0,,48,46,2
200904070OKC,RS,SAS,1319.0,,48,47,1
200904070OKC,RS,SAS,1397.6,T,48,48,0
200904070OKC,RS,SAS,1397.6,LC,48,49,-1
200904070OKC,RS,SAS,1408.2,,48,51,-3
200904070OKC,RS,SAS,1429.9,,50,51,-1
200904070OKC,RS,SAS,1453.0,LC,52,51,1
200904070OKC,RS,SAS,1467.0,LC,52,54,-2
200904070OKC,RS,SAS,1487.0,T,54,54,0
200904070OKC,RS,SAS,1518.0,LC,56,54,2
200904070OKC,RS,SAS,1533.0,LC,56,57,-1
200904070OKC,RS,SAS,1553.0,LC,58,57,1
200904070OKC,RS,SAS,1571.0,LC,58,59,-1
200904070OKC,RS,SAS,1587.0,LC,60,59,1
200904070OKC,RS,SAS,1626.0,,63,59,4
200904070OKC,RS,SAS,1657.0,,63,61,2
200904070OKC,RS,SAS,1706.0,,64,61,3
200904070OKC,RS,SAS,1748.0,T,64,64,0
200904070OKC,RS,SAS,1783.0,LC,64,66,-2
200904070OKC,RS,SAS,1806.0,T,66,66,0
200904070OKC,RS,SAS,1843.0,,66,67,-1
200904070OKC,RS,SAS,1863.0,,66,69,-3
200904070OKC,RS,SAS,1894.0,,66,71,-5
200904070OKC,RS,SAS,1916.0,,67,71,-4
200904070OKC,RS,SAS,1916.0,,68,71,-3
200904070OKC,RS,SAS,1991.0,,70,71,-1
200904070OKC,RS,SAS,2012.0,,70,73,-3
200904070OKC,RS,SAS,2070.0,,70,75,-5
200904070OKC,RS,SAS,2159.1,,72,75,-3
200904070OKC,RS,SAS,2200.0,,72,77,-5
200904070OKC,RS,SAS,2253.0,,74,77,-3
200904070OKC,RS,SAS,2291.0,,76,77,-1
200904070OKC,RS,SAS,2316.0,,76,78,-2
200904070OKC,RS,SAS,2316.0,,76,79,-3
200904070OKC,RS,SAS,2346.0,,76,81,-5
200904070OKC,RS,SAS,2389.0,,76,83,-7
200904070OKC,RS,SAS,2423.0,,78,83,-5
200904070OKC,RS,SAS,2473.0,,78,85,-7
200904070OKC,RS,SAS,2586.0,,78,87,-9
200904070OKC,RS,SAS,2643.0,,79,87,-8
200904070OKC,RS,SAS,2643.0,,80,87,-7
200904070OKC,RS,SAS,2655.0,,80,89,-9
200904070OKC,RS,SAS,2681.0,,82,89,-7
200904070OKC,RS,SAS,2715.0,,84,89,-5
200904070OKC,RS,SAS,2728.0,,84,91,-7
200904070OKC,RS,SAS,2728.0,,84,92,-8
200904070OKC,RS,SAS,2764.0,,84,94,-10
200904070OKC,RS,SAS,2771.0,,85,94,-9
200904070OKC,RS,SAS,2794.0,,85,97,-12
200904070OKC,RS,SAS,2803.0,,86,97,-11
200904070OKC,RS,SAS,2803.0,,87,97,-10
200904070OKC,RS,SAS,2822.5,,87,99,-12
200904070OKC,RS,SAS,2861.3,F,89,99,-10
200904070OKC,RS,SAS,2880.0,,89,99,-10
200904080DEN,RS,DEN,0.0,,0,0,0
200904080DEN,RS,DEN,39.0,,2,0,2
200904080DEN,RS,DEN,61.0,,5,0,5
200904080DEN,RS,DEN,90.0,,5,1,4
200904080DEN,RS,DEN,90.0,,5,2,3
200904080DEN,RS,DEN,102.0,,7,2,5
200904080DEN,RS,DEN,108.0,,7,4,3
200904080DEN,RS,DEN,190.0,,7,6,1
200904080DEN,RS,DEN,206.0,LC,7,8,-1
200904080DEN,RS,DEN,226.0,,7,10,-3
200904080DEN,RS,DEN,251.0,,9,10,-1
200904080DEN,RS,DEN,279.0,LC,11,10,1
200904080DEN,RS,DEN,327.0,,14,10,4
200904080DEN,RS,DEN,342.0,,14,12,2
200904080DEN,RS,DEN,352.0,,17,12,5
200904080DEN,RS,DEN,364.0,,17,13,4
200904080DEN,RS,DEN,384.0,,19,13,6
200904080DEN,RS,DEN,408.0,,19,15,4
200904080DEN,RS,DEN,475.0,,19,18,1
200904080DEN,RS,DEN,488.0,,21,18,3
200904080DEN,RS,DEN,505.0,,21,20,1
200904080DEN,RS,DEN,532.0,T,21,21,0
200904080DEN,RS,DEN,532.0,LC,21,22,-1
200904080DEN,RS,DEN,545.0,LC,23,22,1
200904080DEN,RS,DEN,575.0,T,23,23,0
200904080DEN,RS,DEN,588.0,,24,23,1
200904080DEN,RS,DEN,588.0,,25,23,2
200904080DEN,RS,DEN,605.0,T,25,25,0
200904080DEN,RS,DEN,625.0,,27,25,2
200904080DEN,RS,DEN,706.9,,29,25,4
200904080DEN,RS,DEN,720.0,,29,27,2
200904080DEN,RS,DEN,760.0,,29,28,1
200904080DEN,RS,DEN,780.0,,31,28,3
200904080DEN,RS,DEN,795.0,,31,29,2
200904080DEN,RS,DEN,795.0,,31,30,1
200904080DEN,RS,DEN,809.0,LC,31,32,-1
200904080DEN,RS,DEN,849.0,,31,33,-2
200904080DEN,RS,DEN,870.0,,31,35,-4
200904080DEN,RS,DEN,881.0,,33,35,-2
200904080DEN,RS,DEN,900.0,,33,37,-4
200904080DEN,RS,DEN,918.0,,35,37,-2
200904080DEN,RS,DEN,961.0,T,37,37,0
200904080DEN,RS,DEN,973.0,,37,39,-2
200904080DEN,RS,DEN,989.0,T,39,39,0
200904080DEN,RS,DEN,1034.0,LC,41,39,2
200904080DEN,RS,DEN,1110.0,,43,39,4
200904080DEN,RS,DEN,1159.0,,45,39,6
200904080DEN,RS,DEN,1159.0,,46,39,7
200904080DEN,RS,DEN,1170.0,,46,40,6
200904080DEN,RS,DEN,1170.0,,46,41,5
200904080DEN,RS,DEN,1202.0,,46,43,3
200904080DEN,RS,DEN,1221.0,,48,43,5
200904080DEN,RS,DEN,1242.0,,48,45,3
200904080DEN,RS,DEN,1253.0,,50,45,5
200904080DEN,RS,DEN,1266.0,,50,46,4
200904080DEN,RS,DEN,1266.0,,50,47,3
200904080DEN,RS,DEN,1293.0,,50,48,2
200904080DEN,RS,DEN,1293.0,,50,49,1
200904080DEN,RS,DEN,1306.0,,52,49,3
200904080DEN,RS,DEN,1342.0,,54,49,5
200904080DEN,RS,DEN,1353.0,,54,51,3
200904080DEN,RS,DEN,1361.0,,55,51,4
200904080DEN,RS,DEN,1361.0,,56,51,5
200904080DEN,RS,DEN,1410.0,,56,52,4
200904080DEN,RS,DEN,1410.0,,56,53,3
200904080DEN,RS,DEN,1480.0,,56,55,1
200904080DEN,RS,DEN,1517.0,,57,55,2
200904080DEN,RS,DEN,1534.0,T,57,57,0
200904080DEN,RS,DEN,1562.0,LC,57,60,-3
200904080DEN,RS,DEN,1570.0,,58,60,-2
200904080DEN,RS,DEN,1570.0,,59,60,-1
200904080DEN,RS,DEN,1580.0,,59,62,-3
200904080DEN,RS,DEN,1607.0,,61,62,-1
200904080DEN,RS,DEN,1620.0,,61,64,-3
200904080DEN,RS,DEN,1638.0,T,64,64,0
200904080DEN,RS,DEN,1691.0,LC,66,64,2
200904080DEN,RS,DEN,1722.0,,68,64,4
200904080DEN,RS,DEN,1743.0,,68,67,1
200904080DEN,RS,DEN,1797.0,,70,67,3
200904080DEN,RS,DEN,1821.0,,70,69,1
200904080DEN,RS,DEN,1836.0,,72,69,3
200904080DEN,RS,DEN,1886.0,,73,69,4
200904080DEN,RS,DEN,1886.0,,74,69,5
200904080DEN,RS,DEN,1900.0,,74,71,3
200904080DEN,RS,DEN,1933.0,,74,73,1
200904080DEN,RS,DEN,1933.0,T,74,74,0
200904080DEN,RS,DEN,1944.0,,75,74,1
200904080DEN,RS,DEN,1964.0,LC,75,76,-1
200904080DEN,RS,DEN,1984.0,LC,77,76,1
200904080DEN,RS,DEN,1998.0,T,77,77,0
200904080DEN,RS,DEN,1998.0,LC,77,78,-1
200904080DEN,RS,DEN,2013.0,LC,79,78,1
200904080DEN,RS,DEN,2019.0,T,79,79,0
200904080DEN,RS,DEN,2019.0,LC,79,80,-1
200904080DEN,RS,DEN,2042.0,,79,83,-4
200904080DEN,RS,DEN,2093.0,,79,84,-5
200904080DEN,RS,DEN,2093.0,,79,85,-6
200904080DEN,RS,DEN,2119.4,,79,87,-8
200904080DEN,RS,DEN,2134.2,,80,87,-7
200904080DEN,RS,DEN,2134.2,,81,87,-6
200904080DEN,RS,DEN,2156.4,,81,88,-7
200904080DEN,RS,DEN,2156.4,,81,89,-8
200904080DEN,RS,DEN,2160.0,,84,89,-5
200904080DEN,RS,DEN,2182.0,,85,89,-4
200904080DEN,RS,DEN,2182.0,,86,89,-3
200904080DEN,RS,DEN,2198.0,,86,91,-5
200904080DEN,RS,DEN,2226.0,,88,91,-3
200904080DEN,RS,DEN,2236.0,,90,91,-1
200904080DEN,RS,DEN,2255.0,,90,93,-3
200904080DEN,RS,DEN,2278.0,,91,93,-2
200904080DEN,RS,DEN,2278.0,,92,93,-1
200904080DEN,RS,DEN,2309.0,,92,95,-3
200904080DEN,RS,DEN,2331.0,,93,95,-2
200904080DEN,RS,DEN,2331.0,,94,95,-1
200904080DEN,RS,DEN,2354.0,,94,98,-4
200904080DEN,RS,DEN,2383.0,,94,100,-6
200904080DEN,RS,DEN,2422.0,,94,101,-7
200904080DEN,RS,DEN,2422.0,,94,102,-8
200904080DEN,RS,DEN,2446.0,,96,102,-6
200904080DEN,RS,DEN,2462.0,,96,104,-8
200904080DEN,RS,DEN,2496.0,,98,104,-6
200904080DEN,RS,DEN,2513.0,,98,107,-9
200904080DEN,RS,DEN,2566.0,,100,107,-7
200904080DEN,RS,DEN,2586.0,,100,109,-9
200904080DEN,RS,DEN,2603.0,,102,109,-7
200904080DEN,RS,DEN,2612.0,,102,111,-9
200904080DEN,RS,DEN,2612.0,,102,112,-10
200904080DEN,RS,DEN,2627.0,,102,114,-12
200904080DEN,RS,DEN,2639.0,,103,114,-11
200904080DEN,RS,DEN,2639.0,,104,114,-10
200904080DEN,RS,DEN,2674.0,,106,114,-8
200904080DEN,RS,DEN,2716.0,,106,116,-10
200904080DEN,RS,DEN,2743.0,,108,116,-8
200904080DEN,RS,DEN,2787.0,,108,118,-10
200904080DEN,RS,DEN,2817.0,,109,118,-9
200904080DEN,RS,DEN,2817.0,,110,118,-8
200904080DEN,RS,DEN,2834.3,,110,120,-10
200904080DEN,RS,DEN,2860.3,,110,122,-12
200904080DEN,RS,DEN,2870.2,,111,122,-11
200904080DEN,RS,DEN,2870.2,F,112,122,-10
200904080DEN,RS,DEN,2880.0,,112,122,-10
200904100OKC,RS,CHA,0.0,,0,0,0
200904100OKC,RS,CHA,75.0,,0,2,-2
200904100OKC,RS,CHA,99.0,T,2,2,0
200904100OKC,RS,CHA,145.0,LC,4,2,2
200904100OKC,RS,CHA,169.0,,6,2,4
200904100OKC,RS,CHA,239.0,,7,2,5
200904100OKC,RS,CHA,263.0,,9,2,7
200904100OKC,RS,CHA,302.0,,9,4,5
200904100OKC,RS,CHA,318.0,,11,4,7
200904100OKC,RS,CHA,341.0,,11,7,4
200904100OKC,RS,CHA,392.0,,13,7,6
200904100OKC,RS,CHA,414.0,,15,7,8
200904100OKC,RS,CHA,430.0,,15,8,7
200904100OKC,RS,CHA,442.0,,15,10,5
200904100OKC,RS,CHA,463.0,,15,11,4
200904100OKC,RS,CHA,463.0,,15,12,3
200904100OKC,RS,CHA,505.0,,17,12,5
200904100OKC,RS,CHA,520.0,,17,15,2
200904100OKC,RS,CHA,545.0,T,17,17,0
200904100OKC,RS,CHA,570.0,,19,17,2
200904100OKC,RS,CHA,595.0,,21,17,4
200904100OKC,RS,CHA,618.0,,23,17,6
200904100OKC,RS,CHA,656.0,,25,17,8
200904100OKC,RS,CHA,678.6,,27,17,10
200904100OKC,RS,CHA,739.0,,27,19,8
200904100OKC,RS,CHA,790.0,,29,19,10
200904100OKC,RS,CHA,825.0,,31,19,12
200904100OKC,RS,CHA,839.0,,31,20,11
200904100OKC,RS,CHA,862.0,,32,20,12
200904100OKC,RS,CHA,873.0,,32,22,10
200904100OKC,RS,CHA,926.0,,32,25,7
200904100OKC,RS,CHA,948.0,,34,25,9
200904100OKC,RS,CHA,948.0,,35,25,10
200904100OKC,RS,CHA,981.0,,37,25,12
200904100OKC,RS,CHA,1053.0,,39,25,14
200904100OKC,RS,CHA,1100.0,,39,27,12
200904100OKC,RS,CHA,1131.0,,39,28,11
200904100OKC,RS,CHA,1131.0,,39,29,10
200904100OKC,RS,CHA,1152.0,,39,31,8
200904100OKC,RS,CHA,1171.0,,39,33,6
200904100OKC,RS,CHA,1184.0,,41,33,8
200904100OKC,RS,CHA,1201.0,,41,35,6
200904100OKC,RS,CHA,1247.0,,43,35,8
200904100OKC,RS,CHA,1346.0,,43,37,6
200904100OKC,RS,CHA,1406.8,,45,37,8
200904100OKC,RS,CHA,1406.8,,46,37,9
200904100OKC,RS,CHA,1436.9,,48,37,11
200904100OKC,RS,CHA,1457.0,,48,39,9
200904100OKC,RS,CHA,1474.0,,50,39,11
200904100OKC,RS,CHA,1507.0,,52,39,13
200904100OKC,RS,CHA,1554.0,,52,42,10
200904100OKC,RS,CHA,1577.0,,54,42,12
200904100OKC,RS,CHA,1601.0,,56,42,14
200904100OKC,RS,CHA,1646.0,,56,44,12
200904100OKC,RS,CHA,1678.0,,56,45,11
200904100OKC,RS,CHA,1678.0,,56,46,10
200904100OKC,RS,CHA,1694.0,,58,46,12
200904100OKC,RS,CHA,1746.0,,58,47,11
200904100OKC,RS,CHA,1815.0,,58,49,9
200904100OKC,RS,CHA,1860.0,,58,51,7
200904100OKC,RS,CHA,1880.0,,58,52,6
200904100OKC,RS,CHA,1918.0,,60,52,8
200904100OKC,RS,CHA,1939.0,,60,54,6
200904100OKC,RS,CHA,1952.0,,61,54,7
200904100OKC,RS,CHA,1952.0,,62,54,8
200904100OKC,RS,CHA,2000.0,,62,56,6
200904100OKC,RS,CHA,2073.0,,62,58,4
200904100OKC,RS,CHA,2140.0,,62,61,1
200904100OKC,RS,CHA,2156.1,,63,61,2
200904100OKC,RS,CHA,2156.1,,64,61,3
200904100OKC,RS,CHA,2172.0,,66,61,5
200904100OKC,RS,CHA,2189.0,,66,63,3
200904100OKC,RS,CHA,2228.0,,66,64,2
200904100OKC,RS,CHA,2228.0,,66,65,1
200904100OKC,RS,CHA,2267.0,LC,66,67,-1
200904100OKC,RS,CHA,2292.0,LC,68,67,1
200904100OKC,RS,CHA,2419.0,LC,68,69,-1
200904100OKC,RS,CHA,2435.0,LC,70,69,1
200904100OKC,RS,CHA,2500.0,T,70,70,0
200904100OKC,RS,CHA,2500.0,LC,70,71,-1
200904100OKC,RS,CHA,2550.0,LC,72,71,1
200904100OKC,RS,CHA,2618.0,,75,71,4
200904100OKC,RS,CHA,2661.0,,77,71,6
200904100OKC,RS,CHA,2678.0,,77,72,5
200904100OKC,RS,CHA,2678.0,,77,73,4
200904100OKC,RS,CHA,2700.0,,79,73,6
200904100OKC,RS,CHA,2718.0,,79,75,4
200904100OKC,RS,CHA,2748.0,,81,75,6
200904100OKC,RS,CHA,2769.0,,81,78,3
200904100OKC,RS,CHA,2831.4,,83,78,5
200904100OKC,RS,CHA,2844.4,,83,81,2
200904100OKC,RS,CHA,2878.3,F,84,81,3
200904100OKC,RS,CHA,2880.0,,84,81,3
200904110MIL,RS,MIL,0.0,,0,0,0
200904110MIL,RS,MIL,51.0,,0,2,-2
200904110MIL,RS,MIL,93.0,,0,4,-4
200904110MIL,RS,MIL,164.0,,0,6,-6
200904110MIL,RS,MIL,192.0,,1,6,-5
200904110MIL,RS,MIL,192.0,,2,6,-4
200904110MIL,RS,MIL,207.0,,2,8,-6
200904110MIL,RS,MIL,220.0,,4,8,-4
200904110MIL,RS,MIL,269.0,,6,8,-2
200904110MIL,RS,MIL,328.0,,6,10,-4
200904110MIL,RS,MIL,355.0,,7,10,-3
200904110MIL,RS,MIL,355.0,,8,10,-2
200904110MIL,RS,MIL,434.0,LC,11,10,1
200904110MIL,RS,MIL,462.0,LC,11,12,-1
200904110MIL,RS,MIL,484.0,LC,14,12,2
200904110MIL,RS,MIL,525.0,T,14,14,0
200904110MIL,RS,MIL,540.0,,16,14,2
200904110MIL,RS,MIL,594.0,LC,16,17,-1
200904110MIL,RS,MIL,615.0,LC,18,17,1
200904110MIL,RS,MIL,633.0,LC,18,19,-1
200904110MIL,RS,MIL,641.0,LC,20,19,1
200904110MIL,RS,MIL,660.8,,22,19,3
200904110MIL,RS,MIL,675.2,T,22,22,0
200904110MIL,RS,MIL,719.2,,23,22,1
200904110MIL,RS,MIL,719.2,,24,22,2
200904110MIL,RS,MIL,737.0,,26,22,4
200904110MIL,RS,MIL,756.0,,26,25,1
200904110MIL,RS,MIL,771.0,,27,25,2
200904110MIL,RS,MIL,771.0,,28,25,3
200904110MIL,RS,MIL,810.0,,30,25,5
200904110MIL,RS,MIL,849.0,,30,28,2
200904110MIL,RS,MIL,866.0,,32,28,4
200904110MIL,RS,MIL,884.0,,32,31,1
200904110MIL,RS,MIL,932.0,,34,31,3
200904110MIL,RS,MIL,948.0,,34,33,1
200904110MIL,RS,MIL,975.0,LC,34,35,-1
200904110MIL,RS,MIL,1028.0,,34,36,-2
200904110MIL,RS,MIL,1028.0,,34,37,-3
200904110MIL,RS,MIL,1039.0,,36,37,-1
200904110MIL,RS,MIL,1039.0,T,37,37,0
200904110MIL,RS,MIL,1051.0,,37,39,-2
200904110MIL,RS,MIL,1083.0,,37,40,-3
200904110MIL,RS,MIL,1083.0,,37,41,-4
200904110MIL,RS,MIL,1107.0,,39,41,-2
200904110MIL,RS,MIL,1123.0,,39,43,-4
200904110MIL,RS,MIL,1139.0,,42,43,-1
200904110MIL,RS,MIL,1178.0,,42,45,-3
200904110MIL,RS,MIL,1189.0,T,45,45,0
200904110MIL,RS,MIL,1205.0,,45,47,-2
200904110MIL,RS,MIL,1242.0,,45,49,-4
200904110MIL,RS,MIL,1271.0,,45,51,-6
200904110MIL,RS,MIL,1291.0,,47,51,-4
200904110MIL,RS,MIL,1313.0,,47,53,-6
200904110MIL,RS,MIL,1358.0,,48,53,-5
200904110MIL,RS,MIL,1358.0,,49,53,-4
200904110MIL,RS,MIL,1370.0,,49,54,-5
200904110MIL,RS,MIL,1400.3,,49,55,-6
200904110MIL,RS,MIL,1400.3,,49,56,-7
200904110MIL,RS,MIL,1407.1,,51,56,-5
200904110MIL,RS,MIL,1474.0,,51,58,-7
200904110MIL,RS,MIL,1502.0,,53,58,-5
200904110MIL,RS,MIL,1521.0,,53,61,-8
200904110MIL,RS,MIL,1554.0,,53,64,-11
200904110MIL,RS,MIL,1597.0,,53,66,-13
200904110MIL,RS,MIL,1620.0,,53,67,-14
200904110MIL,RS,MIL,1632.0,,56,67,-11
200904110MIL,RS,MIL,1662.0,,59,67,-8
200904110MIL,RS,MIL,1673.0,,59,68,-9
200904110MIL,RS,MIL,1673.0,,59,69,-10
200904110MIL,RS,MIL,1709.0,,59,71,-12
200904110MIL,RS,MIL,1734.0,,61,71,-10
200904110MIL,RS,MIL,1748.0,,61,73,-12
200904110MIL,RS,MIL,1774.0,,61,75,-14
200904110MIL,RS,MIL,1837.0,,61,76,-15
200904110MIL,RS,MIL,1837.0,,61,77,-16
200904110MIL,RS,MIL,1854.0,,63,77,-14
200904110MIL,RS,MIL,1873.0,,63,79,-16
200904110MIL,RS,MIL,1911.0,,63,80,-17
200904110MIL,RS,MIL,1911.0,,63,81,-18
200904110MIL,RS,MIL,1947.0,,63,83,-20
200904110MIL,RS,MIL,1966.0,,64,83,-19
200904110MIL,RS,MIL,1966.0,,65,83,-18
200904110MIL,RS,MIL,1991.0,,65,85,-20
200904110MIL,RS,MIL,2020.0,,65,87,-22
200904110MIL,RS,MIL,2044.0,,67,87,-20
200904110MIL,RS,MIL,2076.0,,69,87,-18
200904110MIL,RS,MIL,2095.0,,69,89,-20
200904110MIL,RS,MIL,2114.6,,71,89,-18
200904110MIL,RS,MIL,2130.9,,71,91,-20
200904110MIL,RS,MIL,2144.5,,72,91,-19
200904110MIL,RS,MIL,2158.6,,72,92,-20
200904110MIL,RS,MIL,2158.6,,72,93,-21
200904110MIL,RS,MIL,2190.0,,74,93,-19
200904110MIL,RS,MIL,2246.0,,76,93,-17
200904110MIL,RS,MIL,2271.0,,76,95,-19
200904110MIL,RS,MIL,2291.0,,78,95,-17
200904110MIL,RS,MIL,2309.0,,78,98,-20
200904110MIL,RS,MIL,2339.0,,79,98,-19
200904110MIL,RS,MIL,2339.0,,80,98,-18
200904110MIL,RS,MIL,2407.0,,80,100,-20
200904110MIL,RS,MIL,2425.0,,81,100,-19
200904110MIL,RS,MIL,2425.0,,82,100,-18
200904110MIL,RS,MIL,2440.0,,82,101,-19
200904110MIL,RS,MIL,2440.0,,82,102,-20
200904110MIL,RS,MIL,2470.0,,82,103,-21
200904110MIL,RS,MIL,2470.0,,82,104,-22
200904110MIL,RS,MIL,2481.0,,84,104,-20
200904110MIL,RS,MIL,2524.0,,86,104,-18
200904110MIL,RS,MIL,2572.0,,86,106,-20
200904110MIL,RS,MIL,2588.0,,88,106,-18
200904110MIL,RS,MIL,2607.0,,89,106,-17
200904110MIL,RS,MIL,2622.0,,89,108,-19
200904110MIL,RS,MIL,2642.0,,89,110,-21
200904110MIL,RS,MIL,2740.0,,89,113,-24
200904110MIL,RS,MIL,2766.0,,91,113,-22
200904110MIL,RS,MIL,2798.0,,94,113,-19
200904110MIL,RS,MIL,2823.6,,96,113,-17
200904110MIL,RS,MIL,2847.7,,98,113,-15
200904110MIL,RS,MIL,2865.3,F,98,115,-17
200904110MIL,RS,MIL,2880.0,,98,115,-17
200904130POR,RS,POR,0.0,,0,0,0
200904130POR,RS,POR,47.0,,2,0,2
200904130POR,RS,POR,67.0,T,2,2,0
200904130POR,RS,POR,158.0,LC,2,4,-2
200904130POR,RS,POR,177.0,,2,6,-4
200904130POR,RS,POR,209.0,,4,6,-2
200904130POR,RS,POR,229.0,,4,8,-4
200904130POR,RS,POR,279.0,,4,11,-7
200904130POR,RS,POR,294.0,,6,11,-5
200904130POR,RS,POR,309.0,,6,13,-7
200904130POR,RS,POR,338.0,,6,15,-9
200904130POR,RS,POR,352.0,,7,15,-8
200904130POR,RS,POR,352.0,,8,15,-7
200904130POR,RS,POR,390.0,,8,17,-9
200904130POR,RS,POR,428.0,,9,17,-8
200904130POR,RS,POR,444.0,,9,18,-9
200904130POR,RS,POR,470.0,,9,20,-11
200904130POR,RS,POR,503.0,,9,21,-12
200904130POR,RS,POR,503.0,,9,22,-13
200904130POR,RS,POR,517.0,,11,22,-11
200904130POR,RS,POR,566.0,,11,24,-13
200904130POR,RS,POR,583.0,,13,24,-11
200904130POR,RS,POR,674.1,,13,27,-14
200904130POR,RS,POR,708.2,,15,27,-12
200904130POR,RS,POR,719.1,,15,29,-14
200904130POR,RS,POR,734.0,,15,30,-15
200904130POR,RS,POR,734.0,,15,31,-16
200904130POR,RS,POR,761.0,,15,33,-18
200904130POR,RS,POR,786.0,,15,35,-20
200904130POR,RS,POR,809.0,,15,36,-21
200904130POR,RS,POR,809.0,,15,37,-22
200904130POR,RS,POR,822.0,,17,37,-20
200904130POR,RS,POR,844.0,,19,37,-18
200904130POR,RS,POR,869.0,,19,38,-19
200904130POR,RS,POR,869.0,,19,39,-20
200904130POR,RS,POR,869.0,,19,40,-21
200904130POR,RS,POR,886.0,,21,40,-19
200904130POR,RS,POR,901.0,,21,42,-21
200904130POR,RS,POR,911.0,,22,42,-20
200904130POR,RS,POR,927.0,,23,42,-19
200904130POR,RS,POR,927.0,,24,42,-18
200904130POR,RS,POR,950.0,,24,44,-20
200904130POR,RS,POR,964.0,,25,44,-19
200904130POR,RS,POR,1006.0,,25,46,-21
200904130POR,RS,POR,1048.0,,25,48,-23
200904130POR,RS,POR,1068.0,,27,48,-21
200904130POR,RS,POR,1109.0,,27,50,-23
200904130POR,RS,POR,1109.0,,27,51,-24
200904130POR,RS,POR,1193.0,,27,53,-26
200904130POR,RS,POR,1212.0,,29,53,-24
200904130POR,RS,POR,1236.0,,29,55,-26
200904130POR,RS,POR,1274.0,,31,55,-24
200904130POR,RS,POR,1292.0,,31,57,-26
200904130POR,RS,POR,1375.0,,31,60,-29
200904130POR,RS,POR,1399.1,,31,62,-31
200904130POR,RS,POR,1461.0,,31,64,-33
200904130POR,RS,POR,1485.0,,33,64,-31
200904130POR,RS,POR,1504.0,,33,65,-32
200904130POR,RS,POR,1504.0,,33,66,-33
200904130POR,RS,POR,1522.0,,35,66,-31
200904130POR,RS,POR,1545.0,,35,68,-33
200904130POR,RS,POR,1560.0,,37,68,-31
200904130POR,RS,POR,1609.0,,37,71,-34
200904130POR,RS,POR,1680.0,,39,71,-32
200904130POR,RS,POR,1701.0,,39,73,-34
200904130POR,RS,POR,1717.0,,41,73,-32
200904130POR,RS,POR,1738.0,,41,75,-34
200904130POR,RS,POR,1748.0,,43,75,-32
200904130POR,RS,POR,1760.0,,44,75,-31
200904130POR,RS,POR,1782.0,,44,77,-33
200904130POR,RS,POR,1840.0,,45,77,-32
200904130POR,RS,POR,1861.0,,45,79,-34
200904130POR,RS,POR,1891.0,,47,79,-32
200904130POR,RS,POR,1936.0,,49,79,-30
200904130POR,RS,POR,1962.0,,49,80,-31
200904130POR,RS,POR,1973.0,,51,80,-29
200904130POR,RS,POR,1993.0,,51,82,-31
200904130POR,RS,POR,1993.0,,51,83,-32
200904130POR,RS,POR,2015.0,,52,83,-31
200904130POR,RS,POR,2015.0,,53,83,-30
200904130POR,RS,POR,2105.6,,55,83,-28
200904130POR,RS,POR,2156.1,,55,85,-30
200904130POR,RS,POR,2186.0,,56,85,-29
200904130POR,RS,POR,2206.0,,56,86,-30
200904130POR,RS,POR,2206.0,,56,87,-31
200904130POR,RS,POR,2236.0,,56,89,-33
200904130POR,RS,POR,2246.0,,59,89,-30
200904130POR,RS,POR,2305.0,,61,89,-28
200904130POR,RS,POR,2334.0,,61,91,-30
200904130POR,RS,POR,2369.0,,61,93,-32
200904130POR,RS,POR,2414.0,,61,96,-35
200904130POR,RS,POR,2432.0,,63,96,-33
200904130POR,RS,POR,2477.0,,63,98,-35
200904130POR,RS,POR,2507.0,,66,98,-32
200904130POR,RS,POR,2531.0,,66,100,-34
200904130POR,RS,POR,2557.0,,68,100,-32
200904130POR,RS,POR,2580.0,,70,100,-30
200904130POR,RS,POR,2602.0,,70,102,-32
200904130POR,RS,POR,2615.0,,72,102,-30
200904130POR,RS,POR,2615.0,,73,102,-29
200904130POR,RS,POR,2636.0,,73,104,-31
200904130POR,RS,POR,2663.0,,73,106,-33
200904130POR,RS,POR,2690.0,,73,108,-35
200904130POR,RS,POR,2740.0,,75,108,-33
200904130POR,RS,POR,2784.0,,76,108,-32
200904130POR,RS,POR,2784.0,,77,108,-31
200904130POR,RS,POR,2791.0,,77,110,-33
200904130POR,RS,POR,2809.0,,79,110,-31
200904130POR,RS,POR,2843.1,,81,110,-29
200904130POR,RS,POR,2863.1,,81,113,-32
200904130POR,RS,POR,2875.1,F,83,113,-30
200904130POR,RS,POR,2880.0,,83,113,-30
200904150LAC,RS,LAC,0.0,,0,0,0
200904150LAC,RS,LAC,28.0,,2,0,2
200904150LAC,RS,LAC,71.0,,4,0,4
200904150LAC,RS,LAC,138.0,,5,0,5
200904150LAC,RS,LAC,138.0,,6,0,6
200904150LAC,RS,LAC,171.0,,6,2,4
200904150LAC,RS,LAC,192.0,,8,2,6
200904150LAC,RS,LAC,214.0,,8,4,4
200904150LAC,RS,LAC,240.0,,8,6,2
200904150LAC,RS,LAC,271.0,T,8,8,0
200904150LAC,RS,LAC,289.0,,10,8,2
200904150LAC,RS,LAC,313.0,T,10,10,0
200904150LAC,RS,LAC,321.0,,12,10,2
200904150LAC,RS,LAC,341.0,,14,10,4
200904150LAC,RS,LAC,357.0,,14,12,2
200904150LAC,RS,LAC,375.0,,15,12,3
200904150LAC,RS,LAC,375.0,,16,12,4
200904150LAC,RS,LAC,406.0,,18,12,6
200904150LAC,RS,LAC,487.0,,18,14,4
200904150LAC,RS,LAC,501.0,,20,14,6
200904150LAC,RS,LAC,519.0,,20,16,4
200904150LAC,RS,LAC,531.0,,22,16,6
200904150LAC,RS,LAC,561.0,,24,16,8
200904150LAC,RS,LAC,576.0,,24,17,7
200904150LAC,RS,LAC,576.0,,24,18,6
200904150LAC,RS,LAC,592.0,,26,18,8
200904150LAC,RS,LAC,641.0,,26,21,5
200904150LAC,RS,LAC,691.0,,27,21,6
200904150LAC,RS,LAC,691.0,,28,21,7
200904150LAC,RS,LAC,745.0,,30,21,9
200904150LAC,RS,LAC,833.0,,32,21,11
200904150LAC,RS,LAC,873.0,,34,21,13
200904150LAC,RS,LAC,882.0,,34,23,11
200904150LAC,RS,LAC,892.0,,35,23,12
200904150LAC,RS,LAC,892.0,,36,23,13
200904150LAC,RS,LAC,914.0,,36,24,12
200904150LAC,RS,LAC,914.0,,36,25,11
200904150LAC,RS,LAC,945.0,,38,25,13
200904150LAC,RS,LAC,985.0,,40,25,15
200904150LAC,RS,LAC,1008.0,,40,27,13
200904150LAC,RS,LAC,1014.0,,42,27,15
200904150LAC,RS,LAC,1059.0,,42,29,13
200904150LAC,RS,LAC,1100.0,,44,29,15
200904150LAC,RS,LAC,1164.0,,47,29,18
200904150LAC,RS,LAC,1193.0,,49,29,20
200904150LAC,RS,LAC,1249.0,,49,31,18
200904150LAC,RS,LAC,1265.0,,49,33,16
200904150LAC,RS,LAC,1289.0,,51,33,18
200904150LAC,RS,LAC,1305.0,,51,35,16
200904150LAC,RS,LAC,1331.0,,54,35,19
200904150LAC,RS,LAC,1349.0,,54,37,17
200904150LAC,RS,LAC,1359.0,,56,37,19
200904150LAC,RS,LAC,1361.0,,58,37,21
200904150LAC,RS,LAC,1377.0,,58,39,19
200904150LAC,RS,LAC,1423.9,,60,39,21
200904150LAC,RS,LAC,1467.0,,62,39,23
200904150LAC,RS,LAC,1479.0,,62,41,21
200904150LAC,RS,LAC,1504.0,,65,41,24
200904150LAC,RS,LAC,1531.0,,65,43,22
200904150LAC,RS,LAC,1564.0,,67,43,24
200904150LAC,RS,LAC,1607.0,,67,45,22
200904150LAC,RS,LAC,1620.0,,68,45,23
200904150LAC,RS,LAC,1620.0,,69,45,24
200904150LAC,RS,LAC,1653.0,,71,45,26
200904150LAC,RS,LAC,1681.0,,71,47,24
200904150LAC,RS,LAC,1716.0,,72,47,25
200904150LAC,RS,LAC,1728.0,,72,49,23
200904150LAC,RS,LAC,1761.0,,72,51,21
200904150LAC,RS,LAC,1775.0,,74,51,23
200904150LAC,RS,LAC,1806.0,,74,52,22
200904150LAC,RS,LAC,1806.0,,74,53,21
200904150LAC,RS,LAC,1824.0,,75,53,22
200904150LAC,RS,LAC,1824.0,,76,53,23
200904150LAC,RS,LAC,1864.0,,77,53,24
200904150LAC,RS,LAC,1888.0,,78,53,25
200904150LAC,RS,LAC,1888.0,,79,53,26
200904150LAC,RS,LAC,1900.0,,79,55,24
200904150LAC,RS,LAC,1945.0,,81,55,26
200904150LAC,RS,LAC,1971.0,,82,55,27
200904150LAC,RS,LAC,1971.0,,83,55,28
200904150LAC,RS,LAC,1988.0,,83,57,26
200904150LAC,RS,LAC,2010.0,,85,57,28
200904150LAC,RS,LAC,2050.0,,87,57,30
200904150LAC,RS,LAC,2111.3,,88,57,31
200904150LAC,RS,LAC,2118.8,,90,57,33
200904150LAC,RS,LAC,2132.2,,90,58,32
200904150LAC,RS,LAC,2141.6,,90,59,31
200904150LAC,RS,LAC,2141.6,,90,60,30
200904150LAC,RS,LAC,2159.0,,92,60,32
200904150LAC,RS,LAC,2159.9,,92,63,29
200904150LAC,RS,LAC,2217.0,,94,63,31
200904150LAC,RS,LAC,2241.0,,96,63,33
200904150LAC,RS,LAC,2241.0,,97,63,34
200904150LAC,RS,LAC,2259.0,,97,66,31
200904150LAC,RS,LAC,2285.0,,97,68,29
200904150LAC,RS,LAC,2332.0,,99,68,31
200904150LAC,RS,LAC,2357.0,,100,68,32
200904150LAC,RS,LAC,2357.0,,101,68,33
200904150LAC,RS,LAC,2401.0,,101,70,31
200904150LAC,RS,LAC,2410.0,,103,70,33
200904150LAC,RS,LAC,2423.0,,103,73,30
200904150LAC,RS,LAC,2464.0,,105,73,32
200904150LAC,RS,LAC,2491.0,,105,75,30
200904150LAC,RS,LAC,2510.0,,107,75,32
200904150LAC,RS,LAC,2538.0,,107,77,30
200904150LAC,RS,LAC,2561.0,,107,80,27
200904150LAC,RS,LAC,2582.0,,109,80,29
200904150LAC,RS,LAC,2646.0,,111,80,31
200904150LAC,RS,LAC,2668.0,,114,80,34
200904150LAC,RS,LAC,2690.0,,114,82,32
200904150LAC,RS,LAC,2706.0,,116,82,34
200904150LAC,RS,LAC,2739.0,,116,83,33
200904150LAC,RS,LAC,2750.0,,118,83,35
200904150LAC,RS,LAC,2769.0,,120,83,37
200904150LAC,RS,LAC,2769.0,,121,83,38
200904150LAC,RS,LAC,2783.0,,123,83,40
200904150LAC,RS,LAC,2796.0,,124,83,41
200904150LAC,RS,LAC,2831.7,,124,85,39
200904150LAC,RS,LAC,2850.4,,125,85,40
200904150LAC,RS,LAC,2850.4,F,126,85,41
200904150LAC,RS,LAC,2880.0,,126,85,41
