id,type,opponent,elapsedTime,event,teamScore,opponentScore,pointDifference
200711020MIN,RS,DEN,0.0,,0,0,0
200711020MIN,RS,DEN,16.0,,0,2,-2
200711020MIN,RS,DEN,51.0,,0,4,-4
200711020MIN,RS,DEN,68.0,,2,4,-2
200711020MIN,RS,DEN,109.0,T,4,4,0
200711020MIN,RS,DEN,158.0,LC,6,4,2
200711020MIN,RS,DEN,178.0,,7,4,3
200711020MIN,RS,DEN,178.0,,8,4,4
200711020MIN,RS,DEN,199.0,,10,4,6
200711020MIN,RS,DEN,213.0,,10,6,4
200711020MIN,RS,DEN,235.0,,13,6,7
200711020MIN,RS,DEN,267.0,,15,6,9
200711020MIN,RS,DEN,295.0,,17,6,11
200711020MIN,RS,DEN,320.0,,19,6,13
200711020MIN,RS,DEN,333.0,,19,8,11
200711020MIN,RS,DEN,361.0,,19,10,9
200711020MIN,RS,DEN,382.0,,20,10,10
200711020MIN,RS,DEN,439.0,,20,11,9
200711020MIN,RS,DEN,454.0,,20,12,8
200711020MIN,RS,DEN,473.0,,23,12,11
200711020MIN,RS,DEN,512.0,,23,14,9
200711020MIN,RS,DEN,529.0,,25,14,11
200711020MIN,RS,DEN,537.0,,25,15,10
200711020MIN,RS,DEN,537.0,,25,16,9
200711020MIN,RS,DEN,568.0,,25,17,8
200711020MIN,RS,DEN,568.0,,25,18,7
200711020MIN,RS,DEN,631.0,,25,19,6
200711020MIN,RS,DEN,631.0,,25,20,5
200711020MIN,RS,DEN,701.2,,27,20,7
200711020MIN,RS,DEN,717.5,,27,21,6
200711020MIN,RS,DEN,783.0,,29,21,8
200711020MIN,RS,DEN,797.0,,29,22,7
200711020MIN,RS,DEN,816.0,,31,22,9
200711020MIN,RS,DEN,846.0,,33,22,11
200711020MIN,RS,DEN,859.0,,33,24,9
200711020MIN,RS,DEN,882.0,,33,25,8
200711020MIN,RS,DEN,908.0,,33,27,6
200711020MIN,RS,DEN,955.0,,33,28,5
200711020MIN,RS,DEN,955.0,,33,29,4
200711020MIN,RS,DEN,976.0,,35,29,6
200711020MIN,RS,DEN,1009.0,,37,29,8
200711020MIN,RS,DEN,1049.0,,38,29,9
200711020MIN,RS,DEN,1058.0,,38,30,8
200711020MIN,RS,DEN,1058.0,,38,31,7
200711020MIN,RS,DEN,1075.0,,39,31,8
200711020MIN,RS,DEN,1075.0,,40,31,9
200711020MIN,RS,DEN,1099.0,,43,31,12
200711020MIN,RS,DEN,1113.0,,43,33,10
200711020MIN,RS,DEN,1161.0,,45,33,12
200711020MIN,RS,DEN,1170.0,,45,35,10
200711020MIN,RS,DEN,1204.0,,45,37,8
200711020MIN,RS,DEN,1226.0,,45,39,6
200711020MIN,RS,DEN,1253.0,,48,39,9
200711020MIN,RS,DEN,1262.0,,48,41,7
200711020MIN,RS,DEN,1291.0,,50,41,9
200711020MIN,RS,DEN,1313.0,,50,44,6
200711020MIN,RS,DEN,1334.0,,50,46,4
200711020MIN,RS,DEN,1347.0,,52,46,6
200711020MIN,RS,DEN,1376.0,,52,47,5
200711020MIN,RS,DEN,1376.0,,52,48,4
200711020MIN,RS,DEN,1394.3,,52,49,3
200711020MIN,RS,DEN,1487.0,T,52,52,0
200711020MIN,RS,DEN,1528.0,,54,52,2
200711020MIN,RS,DEN,1553.0,T,54,54,0
200711020MIN,RS,DEN,1566.0,,56,54,2
200711020MIN,RS,DEN,1582.0,,57,54,3
200711020MIN,RS,DEN,1605.0,,59,54,5
200711020MIN,RS,DEN,1655.0,,59,56,3
200711020MIN,RS,DEN,1677.0,,62,56,6
200711020MIN,RS,DEN,1683.0,,62,57,5
200711020MIN,RS,DEN,1683.0,,62,58,4
200711020MIN,RS,DEN,1697.0,,64,58,6
200711020MIN,RS,DEN,1708.0,,64,60,4
200711020MIN,RS,DEN,1728.0,,66,60,6
200711020MIN,RS,DEN,1838.0,,68,60,8
200711020MIN,RS,DEN,1854.0,,68,61,7
200711020MIN,RS,DEN,1854.0,,68,62,6
200711020MIN,RS,DEN,1916.0,,68,64,4
200711020MIN,RS,DEN,1945.0,,68,66,2
200711020MIN,RS,DEN,1964.0,,70,66,4
200711020MIN,RS,DEN,2007.0,,70,68,2
200711020MIN,RS,DEN,2022.0,,71,68,3
200711020MIN,RS,DEN,2036.0,,71,69,2
200711020MIN,RS,DEN,2068.0,T,71,71,0
200711020MIN,RS,DEN,2090.0,,74,71,3
200711020MIN,RS,DEN,2119.8,,74,73,1
200711020MIN,RS,DEN,2138.4,,76,73,3
200711020MIN,RS,DEN,2138.4,,77,73,4
200711020MIN,RS,DEN,2150.9,,77,74,3
200711020MIN,RS,DEN,2177.0,,77,76,1
200711020MIN,RS,DEN,2230.0,,78,76,2
200711020MIN,RS,DEN,2230.0,,79,76,3
200711020MIN,RS,DEN,2275.0,,79,77,2
200711020MIN,RS,DEN,2347.0,T,79,79,0
200711020MIN,RS,DEN,2399.0,LC,79,81,-2
200711020MIN,RS,DEN,2418.0,LC,82,81,1
200711020MIN,RS,DEN,2480.0,LC,82,83,-1
200711020MIN,RS,DEN,2480.0,,82,84,-2
200711020MIN,RS,DEN,2517.0,,82,86,-4
200711020MIN,RS,DEN,2558.0,,82,88,-6
200711020MIN,RS,DEN,2591.0,,84,88,-4
200711020MIN,RS,DEN,2620.0,,84,90,-6
200711020MIN,RS,DEN,2676.0,,84,91,-7
200711020MIN,RS,DEN,2676.0,,84,92,-8
200711020MIN,RS,DEN,2753.0,,86,92,-6
200711020MIN,RS,DEN,2768.0,,87,92,-5
200711020MIN,RS,DEN,2768.0,,88,92,-4
200711020MIN,RS,DEN,2783.0,,88,94,-6
200711020MIN,RS,DEN,2792.0,,90,94,-4
200711020MIN,RS,DEN,2792.0,,91,94,-3
200711020MIN,RS,DEN,2805.0,,91,96,-5
200711020MIN,RS,DEN,2848.0,F,91,99,-8
200711020MIN,RS,DEN,2880.0,,91,99,-8
200711040NYK,RS,NYK,0.0,,0,0,0
200711040NYK,RS,NYK,32.0,,2,0,2
200711040NYK,RS,NYK,53.0,LC,2,3,-1
200711040NYK,RS,NYK,78.0,LC,4,3,1
200711040NYK,RS,NYK,166.0,,6,3,3
200711040NYK,RS,NYK,251.0,,6,5,1
200711040NYK,RS,NYK,276.0,LC,6,7,-1
200711040NYK,RS,NYK,301.0,LC,8,7,1
200711040NYK,RS,NYK,354.0,,10,7,3
200711040NYK,RS,NYK,400.0,,12,7,5
200711040NYK,RS,NYK,426.0,,15,7,8
200711040NYK,RS,NYK,446.0,,15,9,6
200711040NYK,RS,NYK,466.0,,17,9,8
200711040NYK,RS,NYK,530.0,,19,9,10
200711040NYK,RS,NYK,545.0,,19,11,8
200711040NYK,RS,NYK,565.0,,21,11,10
200711040NYK,RS,NYK,580.0,,21,13,8
200711040NYK,RS,NYK,580.0,,21,14,7
200711040NYK,RS,NYK,596.0,,23,14,9
200711040NYK,RS,NYK,621.0,,23,16,7
200711040NYK,RS,NYK,644.0,,25,16,9
200711040NYK,RS,NYK,662.0,,25,19,6
200711040NYK,RS,NYK,680.6,,27,19,8
200711040NYK,RS,NYK,687.7,,27,20,7
200711040NYK,RS,NYK,687.7,,27,21,6
200711040NYK,RS,NYK,709.4,,28,21,7
200711040NYK,RS,NYK,760.0,,28,23,5
200711040NYK,RS,NYK,801.0,,29,23,6
200711040NYK,RS,NYK,812.0,,29,24,5
200711040NYK,RS,NYK,822.0,,30,24,6
200711040NYK,RS,NYK,861.0,,30,27,3
200711040NYK,RS,NYK,877.0,,30,29,1
200711040NYK,RS,NYK,901.0,,32,29,3
200711040NYK,RS,NYK,915.0,,32,30,2
200711040NYK,RS,NYK,915.0,,32,31,1
200711040NYK,RS,NYK,936.0,,34,31,3
200711040NYK,RS,NYK,970.0,,34,33,1
200711040NYK,RS,NYK,1000.0,,36,33,3
200711040NYK,RS,NYK,1014.0,T,36,36,0
200711040NYK,RS,NYK,1036.0,LC,36,38,-2
200711040NYK,RS,NYK,1067.0,,36,40,-4
200711040NYK,RS,NYK,1122.0,,38,40,-2
200711040NYK,RS,NYK,1145.0,,38,43,-5
200711040NYK,RS,NYK,1161.0,,38,44,-6
200711040NYK,RS,NYK,1161.0,,38,45,-7
200711040NYK,RS,NYK,1178.0,,38,46,-8
200711040NYK,RS,NYK,1196.0,,41,46,-5
200711040NYK,RS,NYK,1220.0,,41,48,-7
200711040NYK,RS,NYK,1255.0,,41,50,-9
200711040NYK,RS,NYK,1321.0,,44,50,-6
200711040NYK,RS,NYK,1335.0,,46,50,-4
200711040NYK,RS,NYK,1366.0,,48,50,-2
200711040NYK,RS,NYK,1381.0,,48,52,-4
200711040NYK,RS,NYK,1400.9,,48,54,-6
200711040NYK,RS,NYK,1440.0,,50,54,-4
200711040NYK,RS,NYK,1465.0,,53,54,-1
200711040NYK,RS,NYK,1509.0,,53,55,-2
200711040NYK,RS,NYK,1509.0,,53,56,-3
200711040NYK,RS,NYK,1626.0,,53,58,-5
200711040NYK,RS,NYK,1645.0,,55,58,-3
200711040NYK,RS,NYK,1674.0,,55,60,-5
200711040NYK,RS,NYK,1716.0,,57,60,-3
200711040NYK,RS,NYK,1746.0,,59,60,-1
200711040NYK,RS,NYK,1812.0,,59,61,-2
200711040NYK,RS,NYK,1812.0,,59,62,-3
200711040NYK,RS,NYK,1822.0,T,62,62,0
200711040NYK,RS,NYK,1842.0,,62,63,-1
200711040NYK,RS,NYK,1860.0,LC,64,63,1
200711040NYK,RS,NYK,1880.0,LC,64,65,-1
200711040NYK,RS,NYK,1899.0,LC,66,65,1
200711040NYK,RS,NYK,1950.0,T,66,66,0
200711040NYK,RS,NYK,1950.0,LC,66,67,-1
200711040NYK,RS,NYK,2020.0,LC,69,67,2
200711040NYK,RS,NYK,2039.0,,69,68,1
200711040NYK,RS,NYK,2039.0,T,69,69,0
200711040NYK,RS,NYK,2052.0,,71,69,2
200711040NYK,RS,NYK,2070.0,T,71,71,0
200711040NYK,RS,NYK,2092.0,LC,71,72,-1
200711040NYK,RS,NYK,2092.0,,71,73,-2
200711040NYK,RS,NYK,2136.1,,71,75,-4
200711040NYK,RS,NYK,2158.5,,73,75,-2
200711040NYK,RS,NYK,2194.0,,73,77,-4
200711040NYK,RS,NYK,2229.0,,73,78,-5
200711040NYK,RS,NYK,2286.0,,74,78,-4
200711040NYK,RS,NYK,2307.0,,74,79,-5
200711040NYK,RS,NYK,2363.0,,77,79,-2
200711040NYK,RS,NYK,2413.0,T,79,79,0
200711040NYK,RS,NYK,2442.0,,79,81,-2
200711040NYK,RS,NYK,2458.0,T,81,81,0
200711040NYK,RS,NYK,2470.0,,81,83,-2
200711040NYK,RS,NYK,2497.0,,81,84,-3
200711040NYK,RS,NYK,2497.0,,81,85,-4
200711040NYK,RS,NYK,2522.0,,81,86,-5
200711040NYK,RS,NYK,2522.0,,81,87,-6
200711040NYK,RS,NYK,2562.0,,81,89,-8
200711040NYK,RS,NYK,2582.0,,84,89,-5
200711040NYK,RS,NYK,2607.0,,84,91,-7
200711040NYK,RS,NYK,2654.0,,87,91,-4
200711040NYK,RS,NYK,2672.0,,87,93,-6
200711040NYK,RS,NYK,2713.0,,87,94,-7
200711040NYK,RS,NYK,2728.0,,89,94,-5
200711040NYK,RS,NYK,2765.0,,91,94,-3
200711040NYK,RS,NYK,2780.0,,91,95,-4
200711040NYK,RS,NYK,2780.0,,91,96,-5
200711040NYK,RS,NYK,2820.1,,92,96,-4
200711040NYK,RS,NYK,2820.1,,93,96,-3
200711040NYK,RS,NYK,2877.8,F,93,97,-4
200711040NYK,RS,NYK,2880.0,,93,97,-4
200711060MIN,RS,ORL,0.0,,0,0,0
200711060MIN,RS,ORL,36.0,,2,0,2
200711060MIN,RS,ORL,79.0,T,2,2,0
200711060MIN,RS,ORL,97.0,,3,2,1
200711060MIN,RS,ORL,97.0,,4,2,2
200711060MIN,RS,ORL,159.0,,6,2,4
200711060MIN,RS,ORL,172.0,,6,4,2
200711060MIN,RS,ORL,185.0,,7,4,3
200711060MIN,RS,ORL,192.0,,9,4,5
200711060MIN,RS,ORL,217.0,,11,4,7
200711060MIN,RS,ORL,240.0,,13,4,9
200711060MIN,RS,ORL,252.0,,13,7,6
200711060MIN,RS,ORL,280.0,,13,9,4
200711060MIN,RS,ORL,300.0,,15,9,6
200711060MIN,RS,ORL,320.0,,17,9,8
200711060MIN,RS,ORL,336.0,,17,10,7
200711060MIN,RS,ORL,342.0,,17,12,5
200711060MIN,RS,ORL,376.0,,17,13,4
200711060MIN,RS,ORL,392.0,,19,13,6
200711060MIN,RS,ORL,407.0,,19,15,4
200711060MIN,RS,ORL,445.0,,19,18,1
200711060MIN,RS,ORL,465.0,LC,19,20,-1
200711060MIN,RS,ORL,549.0,LC,21,20,1
200711060MIN,RS,ORL,568.0,T,21,21,0
200711060MIN,RS,ORL,568.0,LC,21,22,-1
200711060MIN,RS,ORL,603.0,,21,24,-3
200711060MIN,RS,ORL,663.0,,22,24,-2
200711060MIN,RS,ORL,720.0,,22,26,-4
200711060MIN,RS,ORL,736.0,,25,26,-1
200711060MIN,RS,ORL,763.0,,25,28,-3
200711060MIN,RS,ORL,796.0,,27,28,-1
200711060MIN,RS,ORL,853.0,LC,30,28,2
200711060MIN,RS,ORL,906.0,T,30,30,0
200711060MIN,RS,ORL,928.0,,32,30,2
200711060MIN,RS,ORL,942.0,LC,32,33,-1
200711060MIN,RS,ORL,948.0,LC,34,33,1
200711060MIN,RS,ORL,961.0,T,34,34,0
200711060MIN,RS,ORL,981.0,,36,34,2
200711060MIN,RS,ORL,995.0,,36,35,1
200711060MIN,RS,ORL,1013.0,,39,35,4
200711060MIN,RS,ORL,1033.0,,39,38,1
200711060MIN,RS,ORL,1069.0,T,39,39,0
200711060MIN,RS,ORL,1107.0,,41,39,2
200711060MIN,RS,ORL,1121.0,LC,41,42,-1
200711060MIN,RS,ORL,1143.0,LC,43,42,1
200711060MIN,RS,ORL,1159.0,T,43,43,0
200711060MIN,RS,ORL,1171.0,,45,43,2
200711060MIN,RS,ORL,1184.0,T,45,45,0
200711060MIN,RS,ORL,1198.0,LC,45,46,-1
200711060MIN,RS,ORL,1198.0,,45,47,-2
200711060MIN,RS,ORL,1243.0,,45,49,-4
200711060MIN,RS,ORL,1266.0,,45,51,-6
200711060MIN,RS,ORL,1310.0,,45,52,-7
200711060MIN,RS,ORL,1328.0,,47,52,-5
200711060MIN,RS,ORL,1349.0,,47,54,-7
200711060MIN,RS,ORL,1372.0,,49,54,-5
200711060MIN,RS,ORL,1387.0,,49,56,-7
200711060MIN,RS,ORL,1408.0,,50,56,-6
200711060MIN,RS,ORL,1508.0,,52,56,-4
200711060MIN,RS,ORL,1540.0,,52,57,-5
200711060MIN,RS,ORL,1559.0,,54,57,-3
200711060MIN,RS,ORL,1559.0,,55,57,-2
200711060MIN,RS,ORL,1583.0,,55,59,-4
200711060MIN,RS,ORL,1624.0,,55,61,-6
200711060MIN,RS,ORL,1652.0,,55,62,-7
200711060MIN,RS,ORL,1652.0,,55,63,-8
200711060MIN,RS,ORL,1668.0,,57,63,-6
200711060MIN,RS,ORL,1687.0,,57,64,-7
200711060MIN,RS,ORL,1687.0,,57,65,-8
200711060MIN,RS,ORL,1714.0,,57,67,-10
200711060MIN,RS,ORL,1735.0,,59,67,-8
200711060MIN,RS,ORL,1749.0,,59,69,-10
200711060MIN,RS,ORL,1765.0,,60,69,-9
200711060MIN,RS,ORL,1765.0,,61,69,-8
200711060MIN,RS,ORL,1775.0,,61,71,-10
200711060MIN,RS,ORL,1799.0,,61,72,-11
200711060MIN,RS,ORL,1799.0,,61,73,-12
200711060MIN,RS,ORL,1814.0,,62,73,-11
200711060MIN,RS,ORL,1828.0,,62,76,-14
200711060MIN,RS,ORL,1841.0,,64,76,-12
200711060MIN,RS,ORL,1869.0,,66,76,-10
200711060MIN,RS,ORL,1941.0,,66,77,-11
200711060MIN,RS,ORL,1941.0,,66,78,-12
200711060MIN,RS,ORL,1967.0,,66,79,-13
200711060MIN,RS,ORL,1967.0,,66,80,-14
200711060MIN,RS,ORL,1988.0,,67,80,-13
200711060MIN,RS,ORL,2001.0,,67,81,-14
200711060MIN,RS,ORL,2017.0,,67,82,-15
200711060MIN,RS,ORL,2036.0,,69,82,-13
200711060MIN,RS,ORL,2061.0,,70,82,-12
200711060MIN,RS,ORL,2082.0,,70,84,-14
200711060MIN,RS,ORL,2099.0,,71,84,-13
200711060MIN,RS,ORL,2099.0,,72,84,-12
200711060MIN,RS,ORL,2118.0,,72,85,-13
200711060MIN,RS,ORL,2132.1,,74,85,-11
200711060MIN,RS,ORL,2154.6,,74,88,-14
200711060MIN,RS,ORL,2192.0,,75,88,-13
200711060MIN,RS,ORL,2192.0,,76,88,-12
200711060MIN,RS,ORL,2207.0,,76,90,-14
200711060MIN,RS,ORL,2249.0,,76,92,-16
200711060MIN,RS,ORL,2270.0,,78,92,-14
200711060MIN,RS,ORL,2285.0,,80,92,-12
200711060MIN,RS,ORL,2334.0,,82,92,-10
200711060MIN,RS,ORL,2408.0,,84,92,-8
200711060MIN,RS,ORL,2436.0,,86,92,-6
200711060MIN,RS,ORL,2479.0,,88,92,-4
200711060MIN,RS,ORL,2508.0,,90,92,-2
200711060MIN,RS,ORL,2525.0,,90,95,-5
200711060MIN,RS,ORL,2576.0,,93,95,-2
200711060MIN,RS,ORL,2589.0,,93,98,-5
200711060MIN,RS,ORL,2611.0,,95,98,-3
200711060MIN,RS,ORL,2647.0,,95,101,-6
200711060MIN,RS,ORL,2665.0,,95,103,-8
200711060MIN,RS,ORL,2688.0,,95,104,-9
200711060MIN,RS,ORL,2705.0,,97,104,-7
200711060MIN,RS,ORL,2741.0,,100,104,-4
200711060MIN,RS,ORL,2770.0,,100,105,-5
200711060MIN,RS,ORL,2770.0,,100,106,-6
200711060MIN,RS,ORL,2820.0,,100,108,-8
200711060MIN,RS,ORL,2829.5,,101,108,-7
200711060MIN,RS,ORL,2829.5,,102,108,-6
200711060MIN,RS,ORL,2849.0,,103,108,-5
200711060MIN,RS,ORL,2850.5,,103,109,-6
200711060MIN,RS,ORL,2850.5,,103,110,-7
200711060MIN,RS,ORL,2862.9,F,103,111,-8
200711060MIN,RS,ORL,2880.0,,103,111,-8
200711090LAL,RS,LAL,0.0,,0,0,0
200711090LAL,RS,LAL,18.0,,2,0,2
200711090LAL,RS,LAL,55.0,,3,0,3
200711090LAL,RS,LAL,55.0,,4,0,4
200711090LAL,RS,LAL,71.0,,4,2,2
200711090LAL,RS,LAL,100.0,T,4,4,0
200711090LAL,RS,LAL,112.0,,6,4,2
200711090LAL,RS,LAL,147.0,T,6,6,0
200711090LAL,RS,LAL,168.0,,8,6,2
200711090LAL,RS,LAL,193.0,,8,7,1
200711090LAL,RS,LAL,193.0,T,8,8,0
200711090LAL,RS,LAL,218.0,,11,8,3
200711090LAL,RS,LAL,245.0,,13,8,5
200711090LAL,RS,LAL,276.0,,13,9,4
200711090LAL,RS,LAL,285.0,,15,9,6
200711090LAL,RS,LAL,309.0,,17,9,8
200711090LAL,RS,LAL,327.0,,17,11,6
200711090LAL,RS,LAL,327.0,,17,12,5
200711090LAL,RS,LAL,353.0,,20,12,8
200711090LAL,RS,LAL,367.0,,20,13,7
200711090LAL,RS,LAL,396.0,,20,15,5
200711090LAL,RS,LAL,432.0,,20,17,3
200711090LAL,RS,LAL,445.0,,22,17,5
200711090LAL,RS,LAL,449.0,,22,18,4
200711090LAL,RS,LAL,477.0,,22,19,3
200711090LAL,RS,LAL,477.0,,22,20,2
200711090LAL,RS,LAL,495.0,T,22,22,0
200711090LAL,RS,LAL,523.0,LC,22,24,-2
200711090LAL,RS,LAL,555.0,,22,25,-3
200711090LAL,RS,LAL,575.0,,24,25,-1
200711090LAL,RS,LAL,588.0,,24,27,-3
200711090LAL,RS,LAL,615.0,,26,27,-1
200711090LAL,RS,LAL,670.1,LC,28,27,1
200711090LAL,RS,LAL,679.0,LC,28,30,-2
200711090LAL,RS,LAL,775.0,LC,31,30,1
200711090LAL,RS,LAL,817.0,,33,30,3
200711090LAL,RS,LAL,854.0,,36,30,6
200711090LAL,RS,LAL,876.0,,36,33,3
200711090LAL,RS,LAL,933.0,,36,34,2
200711090LAL,RS,LAL,933.0,,36,35,1
200711090LAL,RS,LAL,971.0,LC,36,37,-1
200711090LAL,RS,LAL,1044.0,LC,38,37,1
200711090LAL,RS,LAL,1065.0,LC,38,39,-1
200711090LAL,RS,LAL,1102.0,,38,42,-4
200711090LAL,RS,LAL,1127.0,,40,42,-2
200711090LAL,RS,LAL,1138.0,,40,44,-4
200711090LAL,RS,LAL,1185.0,,42,44,-2
200711090LAL,RS,LAL,1211.0,,42,45,-3
200711090LAL,RS,LAL,1211.0,,42,46,-4
200711090LAL,RS,LAL,1222.0,,43,46,-3
200711090LAL,RS,LAL,1222.0,,44,46,-2
200711090LAL,RS,LAL,1240.0,,44,48,-4
200711090LAL,RS,LAL,1258.0,,47,48,-1
200711090LAL,RS,LAL,1282.0,,47,50,-3
200711090LAL,RS,LAL,1307.0,,49,50,-1
200711090LAL,RS,LAL,1360.0,,49,51,-2
200711090LAL,RS,LAL,1360.0,,49,52,-3
200711090LAL,RS,LAL,1389.0,,49,54,-5
200711090LAL,RS,LAL,1405.0,,50,54,-4
200711090LAL,RS,LAL,1437.1,,50,55,-5
200711090LAL,RS,LAL,1437.1,,50,56,-6
200711090LAL,RS,LAL,1475.0,,50,58,-8
200711090LAL,RS,LAL,1501.0,,52,58,-6
200711090LAL,RS,LAL,1517.0,,52,60,-8
200711090LAL,RS,LAL,1548.0,,52,62,-10
200711090LAL,RS,LAL,1569.0,,52,64,-12
200711090LAL,RS,LAL,1648.0,,52,66,-14
200711090LAL,RS,LAL,1682.0,,52,68,-16
200711090LAL,RS,LAL,1698.0,,54,68,-14
200711090LAL,RS,LAL,1748.0,,56,68,-12
200711090LAL,RS,LAL,1771.0,,58,68,-10
200711090LAL,RS,LAL,1787.0,,58,69,-11
200711090LAL,RS,LAL,1787.0,,58,70,-12
200711090LAL,RS,LAL,1843.0,,59,70,-11
200711090LAL,RS,LAL,1843.0,,60,70,-10
200711090LAL,RS,LAL,1860.0,,60,72,-12
200711090LAL,RS,LAL,1877.0,,61,72,-11
200711090LAL,RS,LAL,1877.0,,62,72,-10
200711090LAL,RS,LAL,1896.0,,62,73,-11
200711090LAL,RS,LAL,1913.0,,62,76,-14
200711090LAL,RS,LAL,1947.0,,63,76,-13
200711090LAL,RS,LAL,1960.0,,63,78,-15
200711090LAL,RS,LAL,1980.0,,65,78,-13
200711090LAL,RS,LAL,2027.0,,67,78,-11
200711090LAL,RS,LAL,2070.0,,67,80,-13
200711090LAL,RS,LAL,2098.0,,69,80,-11
200711090LAL,RS,LAL,2118.9,,69,82,-13
200711090LAL,RS,LAL,2157.4,,69,83,-14
200711090LAL,RS,LAL,2178.0,,69,85,-16
200711090LAL,RS,LAL,2218.0,,71,85,-14
200711090LAL,RS,LAL,2236.0,,71,87,-16
200711090LAL,RS,LAL,2281.0,,73,87,-14
200711090LAL,RS,LAL,2307.0,,76,87,-11
200711090LAL,RS,LAL,2331.0,,78,87,-9
200711090LAL,RS,LAL,2347.0,,78,89,-11
200711090LAL,RS,LAL,2432.0,,78,90,-12
200711090LAL,RS,LAL,2446.0,,81,90,-9
200711090LAL,RS,LAL,2482.0,,82,90,-8
200711090LAL,RS,LAL,2522.0,,82,91,-9
200711090LAL,RS,LAL,2522.0,,82,92,-10
200711090LAL,RS,LAL,2530.0,,84,92,-8
200711090LAL,RS,LAL,2558.0,,84,94,-10
200711090LAL,RS,LAL,2588.0,,86,94,-8
200711090LAL,RS,LAL,2600.0,,86,96,-10
200711090LAL,RS,LAL,2625.0,,89,96,-7
200711090LAL,RS,LAL,2690.0,,89,97,-8
200711090LAL,RS,LAL,2690.0,,89,98,-9
200711090LAL,RS,LAL,2751.0,,91,98,-7
200711090LAL,RS,LAL,2780.0,,91,100,-9
200711090LAL,RS,LAL,2790.0,,93,100,-7
200711090LAL,RS,LAL,2805.0,,93,101,-8
200711090LAL,RS,LAL,2805.0,,93,102,-9
200711090LAL,RS,LAL,2809.0,,93,103,-10
200711090LAL,RS,LAL,2809.0,,93,104,-11
200711090LAL,RS,LAL,2864.0,F,93,107,-14
200711090LAL,RS,LAL,2880.0,,93,107,-14
200711100SAC,RS,SAC,0.0,,0,0,0
200711100SAC,RS,SAC,89.0,,0,1,-1
200711100SAC,RS,SAC,89.0,,0,2,-2
200711100SAC,RS,SAC,129.0,T,2,2,0
200711100SAC,RS,SAC,148.0,,2,4,-2
200711100SAC,RS,SAC,167.0,T,4,4,0
200711100SAC,RS,SAC,180.0,,4,6,-2
200711100SAC,RS,SAC,285.0,T,6,6,0
200711100SAC,RS,SAC,327.0,,6,7,-1
200711100SAC,RS,SAC,327.0,,6,8,-2
200711100SAC,RS,SAC,347.0,T,8,8,0
200711100SAC,RS,SAC,376.0,LC,11,8,3
200711100SAC,RS,SAC,424.0,,11,10,1
200711100SAC,RS,SAC,510.0,LC,11,12,-1
200711100SAC,RS,SAC,528.0,LC,13,12,1
200711100SAC,RS,SAC,556.0,,15,12,3
200711100SAC,RS,SAC,582.0,,17,12,5
200711100SAC,RS,SAC,613.0,,17,14,3
200711100SAC,RS,SAC,668.6,,17,16,1
200711100SAC,RS,SAC,685.1,,19,16,3
200711100SAC,RS,SAC,738.0,T,19,19,0
200711100SAC,RS,SAC,773.0,LC,19,21,-2
200711100SAC,RS,SAC,807.0,,19,24,-5
200711100SAC,RS,SAC,828.0,,21,24,-3
200711100SAC,RS,SAC,892.0,,23,24,-1
200711100SAC,RS,SAC,911.0,,23,26,-3
200711100SAC,RS,SAC,943.0,,25,26,-1
200711100SAC,RS,SAC,964.0,,25,27,-2
200711100SAC,RS,SAC,974.0,T,27,27,0
200711100SAC,RS,SAC,1016.0,LC,29,27,2
200711100SAC,RS,SAC,1058.0,,31,27,4
200711100SAC,RS,SAC,1150.0,,33,27,6
200711100SAC,RS,SAC,1162.0,,33,29,4
200711100SAC,RS,SAC,1178.0,,35,29,6
200711100SAC,RS,SAC,1199.0,,35,30,5
200711100SAC,RS,SAC,1199.0,,35,31,4
200711100SAC,RS,SAC,1224.0,,35,33,2
200711100SAC,RS,SAC,1273.0,T,35,35,0
200711100SAC,RS,SAC,1273.0,LC,35,36,-1
200711100SAC,RS,SAC,1313.0,,35,39,-4
200711100SAC,RS,SAC,1361.0,,35,42,-7
200711100SAC,RS,SAC,1388.5,,37,42,-5
200711100SAC,RS,SAC,1414.3,,39,42,-3
200711100SAC,RS,SAC,1459.0,,39,44,-5
200711100SAC,RS,SAC,1477.0,,41,44,-3
200711100SAC,RS,SAC,1511.0,,43,44,-1
200711100SAC,RS,SAC,1539.0,LC,45,44,1
200711100SAC,RS,SAC,1585.0,,47,44,3
200711100SAC,RS,SAC,1604.0,,47,46,1
200711100SAC,RS,SAC,1630.0,LC,47,48,-1
200711100SAC,RS,SAC,1680.0,,47,49,-2
200711100SAC,RS,SAC,1705.0,T,49,49,0
200711100SAC,RS,SAC,1720.0,,49,52,-3
200711100SAC,RS,SAC,1749.0,,51,52,-1
200711100SAC,RS,SAC,1769.0,,51,53,-2
200711100SAC,RS,SAC,1769.0,,51,54,-3
200711100SAC,RS,SAC,1786.0,,53,54,-1
200711100SAC,RS,SAC,1823.0,LC,56,54,2
200711100SAC,RS,SAC,1841.0,T,56,56,0
200711100SAC,RS,SAC,1868.0,LC,56,57,-1
200711100SAC,RS,SAC,1900.0,,56,58,-2
200711100SAC,RS,SAC,1900.0,,56,59,-3
200711100SAC,RS,SAC,1938.0,,58,59,-1
200711100SAC,RS,SAC,1938.0,T,59,59,0
200711100SAC,RS,SAC,1955.0,,59,61,-2
200711100SAC,RS,SAC,1973.0,T,61,61,0
200711100SAC,RS,SAC,1987.0,,61,62,-1
200711100SAC,RS,SAC,1987.0,,61,63,-2
200711100SAC,RS,SAC,1998.0,T,63,63,0
200711100SAC,RS,SAC,2026.0,LC,65,63,2
200711100SAC,RS,SAC,2042.0,,65,64,1
200711100SAC,RS,SAC,2042.0,T,65,65,0
200711100SAC,RS,SAC,2057.0,,66,65,1
200711100SAC,RS,SAC,2076.0,T,66,66,0
200711100SAC,RS,SAC,2076.0,LC,66,67,-1
200711100SAC,RS,SAC,2088.0,,66,68,-2
200711100SAC,RS,SAC,2088.0,,66,69,-3
200711100SAC,RS,SAC,2102.4,,68,69,-1
200711100SAC,RS,SAC,2107.5,,68,71,-3
200711100SAC,RS,SAC,2120.6,,68,73,-5
200711100SAC,RS,SAC,2139.5,,70,73,-3
200711100SAC,RS,SAC,2139.5,,71,73,-2
200711100SAC,RS,SAC,2160.0,T,73,73,0
200711100SAC,RS,SAC,2193.0,,73,75,-2
200711100SAC,RS,SAC,2210.0,T,75,75,0
200711100SAC,RS,SAC,2239.0,LC,76,75,1
200711100SAC,RS,SAC,2239.0,,77,75,2
200711100SAC,RS,SAC,2259.0,T,77,77,0
200711100SAC,RS,SAC,2274.0,,78,77,1
200711100SAC,RS,SAC,2274.0,,79,77,2
200711100SAC,RS,SAC,2310.0,T,79,79,0
200711100SAC,RS,SAC,2345.0,LC,79,80,-1
200711100SAC,RS,SAC,2345.0,,79,81,-2
200711100SAC,RS,SAC,2361.0,,80,81,-1
200711100SAC,RS,SAC,2361.0,T,81,81,0
200711100SAC,RS,SAC,2432.0,,81,82,-1
200711100SAC,RS,SAC,2432.0,,81,83,-2
200711100SAC,RS,SAC,2448.0,,82,83,-1
200711100SAC,RS,SAC,2448.0,T,83,83,0
200711100SAC,RS,SAC,2469.0,,83,86,-3
200711100SAC,RS,SAC,2494.0,,83,87,-4
200711100SAC,RS,SAC,2494.0,,83,88,-5
200711100SAC,RS,SAC,2515.0,,84,88,-4
200711100SAC,RS,SAC,2515.0,,85,88,-3
200711100SAC,RS,SAC,2568.0,,86,88,-2
200711100SAC,RS,SAC,2568.0,,87,88,-1
200711100SAC,RS,SAC,2627.0,T,88,88,0
200711100SAC,RS,SAC,2627.0,LC,89,88,1
200711100SAC,RS,SAC,2645.0,LC,89,90,-1
200711100SAC,RS,SAC,2757.0,,89,91,-2
200711100SAC,RS,SAC,2757.0,,89,92,-3
200711100SAC,RS,SAC,2777.0,,90,92,-2
200711100SAC,RS,SAC,2792.0,,90,93,-3
200711100SAC,RS,SAC,2792.0,,90,94,-4
200711100SAC,RS,SAC,2812.0,,93,94,-1
200711100SAC,RS,SAC,2832.4,,93,96,-3
200711100SAC,RS,SAC,2869.8,,93,98,-5
200711100SAC,RS,SAC,2878.5,,93,99,-6
200711100SAC,RS,SAC,2878.5,F,93,100,-7
200711100SAC,RS,SAC,2880.0,,93,100,-7
200711140MIN,RS,SAC,0.0,,0,0,0
200711140MIN,RS,SAC,29.0,,0,3,-3
200711140MIN,RS,SAC,110.0,,1,3,-2
200711140MIN,RS,SAC,166.0,,1,5,-4
200711140MIN,RS,SAC,201.0,,1,7,-6
200711140MIN,RS,SAC,219.0,,3,7,-4
200711140MIN,RS,SAC,302.0,,5,7,-2
200711140MIN,RS,SAC,341.0,T,7,7,0
200711140MIN,RS,SAC,356.0,,7,9,-2
200711140MIN,RS,SAC,375.0,T,9,9,0
200711140MIN,RS,SAC,375.0,LC,10,9,1
200711140MIN,RS,SAC,396.0,LC,10,11,-1
200711140MIN,RS,SAC,412.0,,10,13,-3
200711140MIN,RS,SAC,455.0,,10,15,-5
200711140MIN,RS,SAC,489.0,,13,15,-2
200711140MIN,RS,SAC,521.0,LC,16,15,1
200711140MIN,RS,SAC,533.0,LC,16,17,-1
200711140MIN,RS,SAC,557.0,T,17,17,0
200711140MIN,RS,SAC,573.0,,17,19,-2
200711140MIN,RS,SAC,636.0,T,19,19,0
200711140MIN,RS,SAC,653.0,,19,21,-2
200711140MIN,RS,SAC,715.4,T,21,21,0
200711140MIN,RS,SAC,738.0,,21,24,-3
200711140MIN,RS,SAC,762.0,T,24,24,0
200711140MIN,RS,SAC,788.0,,24,26,-2
200711140MIN,RS,SAC,812.0,,24,28,-4
200711140MIN,RS,SAC,833.0,,26,28,-2
200711140MIN,RS,SAC,919.0,T,28,28,0
200711140MIN,RS,SAC,936.0,,28,30,-2
200711140MIN,RS,SAC,955.0,T,30,30,0
200711140MIN,RS,SAC,978.0,LC,33,30,3
200711140MIN,RS,SAC,1021.0,,33,32,1
200711140MIN,RS,SAC,1038.0,,35,32,3
200711140MIN,RS,SAC,1074.0,,35,33,2
200711140MIN,RS,SAC,1074.0,,35,34,1
200711140MIN,RS,SAC,1178.0,,38,34,4
200711140MIN,RS,SAC,1199.0,,38,36,2
200711140MIN,RS,SAC,1199.0,,38,37,1
200711140MIN,RS,SAC,1258.0,LC,38,39,-1
200711140MIN,RS,SAC,1277.0,LC,40,39,1
200711140MIN,RS,SAC,1321.0,LC,40,42,-2
200711140MIN,RS,SAC,1336.0,LC,43,42,1
200711140MIN,RS,SAC,1350.0,LC,43,44,-1
200711140MIN,RS,SAC,1368.0,LC,45,44,1
200711140MIN,RS,SAC,1412.5,LC,45,46,-1
200711140MIN,RS,SAC,1438.4,,45,47,-2
200711140MIN,RS,SAC,1438.4,,45,48,-3
200711140MIN,RS,SAC,1468.0,,47,48,-1
200711140MIN,RS,SAC,1508.0,LC,49,48,1
200711140MIN,RS,SAC,1563.0,LC,49,50,-1
200711140MIN,RS,SAC,1582.0,LC,51,50,1
200711140MIN,RS,SAC,1603.0,LC,51,53,-2
200711140MIN,RS,SAC,1629.0,T,53,53,0
200711140MIN,RS,SAC,1644.0,,53,54,-1
200711140MIN,RS,SAC,1664.0,LC,55,54,1
200711140MIN,RS,SAC,1679.0,LC,55,56,-1
200711140MIN,RS,SAC,1720.0,LC,57,56,1
200711140MIN,RS,SAC,1786.0,LC,57,58,-1
200711140MIN,RS,SAC,1794.0,T,58,58,0
200711140MIN,RS,SAC,1794.0,LC,59,58,1
200711140MIN,RS,SAC,1855.0,,61,58,3
200711140MIN,RS,SAC,1900.0,,61,60,1
200711140MIN,RS,SAC,1900.0,T,61,61,0
200711140MIN,RS,SAC,1964.0,,63,61,2
200711140MIN,RS,SAC,1980.0,T,63,63,0
200711140MIN,RS,SAC,1980.0,LC,63,64,-1
200711140MIN,RS,SAC,2001.0,LC,65,64,1
200711140MIN,RS,SAC,2048.0,,67,64,3
200711140MIN,RS,SAC,2074.0,T,67,67,0
200711140MIN,RS,SAC,2108.9,,69,67,2
200711140MIN,RS,SAC,2131.5,T,69,69,0
200711140MIN,RS,SAC,2153.0,,71,69,2
200711140MIN,RS,SAC,2181.0,,73,69,4
200711140MIN,RS,SAC,2231.0,,73,72,1
200711140MIN,RS,SAC,2251.0,,75,72,3
200711140MIN,RS,SAC,2289.0,,76,72,4
200711140MIN,RS,SAC,2289.0,,77,72,5
200711140MIN,RS,SAC,2305.0,,77,75,2
200711140MIN,RS,SAC,2327.0,,79,75,4
200711140MIN,RS,SAC,2343.0,,79,77,2
200711140MIN,RS,SAC,2389.0,,81,77,4
200711140MIN,RS,SAC,2404.0,,81,79,2
200711140MIN,RS,SAC,2437.0,LC,81,82,-1
200711140MIN,RS,SAC,2478.0,LC,84,82,2
200711140MIN,RS,SAC,2514.0,,84,83,1
200711140MIN,RS,SAC,2514.0,T,84,84,0
200711140MIN,RS,SAC,2529.0,,86,84,2
200711140MIN,RS,SAC,2559.0,LC,86,87,-1
200711140MIN,RS,SAC,2611.0,LC,88,87,1
200711140MIN,RS,SAC,2627.0,,89,87,2
200711140MIN,RS,SAC,2665.0,,91,87,4
200711140MIN,RS,SAC,2699.0,,94,87,7
200711140MIN,RS,SAC,2716.0,,94,90,4
200711140MIN,RS,SAC,2741.0,,96,90,6
200711140MIN,RS,SAC,2768.0,,98,90,8
200711140MIN,RS,SAC,2816.0,,100,90,10
200711140MIN,RS,SAC,2824.0,,100,91,9
200711140MIN,RS,SAC,2824.0,,100,92,8
200711140MIN,RS,SAC,2851.6,,100,95,5
200711140MIN,RS,SAC,2859.0,,101,95,6
200711140MIN,RS,SAC,2864.5,,101,96,5
200711140MIN,RS,SAC,2864.5,,101,97,4
200711140MIN,RS,SAC,2865.9,,102,97,5
200711140MIN,RS,SAC,2865.9,,103,97,6
200711140MIN,RS,SAC,2869.1,,103,99,4
200711140MIN,RS,SAC,2869.8,,104,99,5
200711140MIN,RS,SAC,2869.8,,105,99,6
200711140MIN,RS,SAC,2874.7,,105,101,4
200711140MIN,RS,SAC,2875.5,,106,101,5
200711140MIN,RS,SAC,2878.9,,106,103,3
200711140MIN,RS,SAC,2879.8,,107,103,4
200711140MIN,RS,SAC,2879.8,F,108,103,5
200711140MIN,RS,SAC,2880.0,,108,103,5
200711160MIN,RS,WAS,0.0,,0,0,0
200711160MIN,RS,WAS,21.0,,0,2,-2
200711160MIN,RS,WAS,63.0,,0,4,-4
200711160MIN,RS,WAS,77.0,,2,4,-2
200711160MIN,RS,WAS,94.0,,2,6,-4
200711160MIN,RS,WAS,128.0,,2,8,-6
200711160MIN,RS,WAS,150.0,,2,10,-8
200711160MIN,RS,WAS,197.0,,4,10,-6
200711160MIN,RS,WAS,211.0,,4,12,-8
200711160MIN,RS,WAS,225.0,,7,12,-5
200711160MIN,RS,WAS,280.0,,9,12,-3
200711160MIN,RS,WAS,304.0,,11,12,-1
200711160MIN,RS,WAS,321.0,,11,14,-3
200711160MIN,RS,WAS,340.0,,13,14,-1
200711160MIN,RS,WAS,349.0,,13,16,-3
200711160MIN,RS,WAS,374.0,,15,16,-1
200711160MIN,RS,WAS,420.0,,15,18,-3
200711160MIN,RS,WAS,454.0,,15,20,-5
200711160MIN,RS,WAS,481.0,,15,21,-6
200711160MIN,RS,WAS,550.0,,15,23,-8
200711160MIN,RS,WAS,581.0,,15,26,-11
200711160MIN,RS,WAS,598.0,,17,26,-9
200711160MIN,RS,WAS,623.0,,19,26,-7
200711160MIN,RS,WAS,649.0,,20,26,-6
200711160MIN,RS,WAS,649.0,,21,26,-5
200711160MIN,RS,WAS,660.4,,22,26,-4
200711160MIN,RS,WAS,670.6,,22,27,-5
200711160MIN,RS,WAS,677.4,,22,30,-8
200711160MIN,RS,WAS,692.2,,24,30,-6
200711160MIN,RS,WAS,719.5,,24,32,-8
200711160MIN,RS,WAS,789.0,,27,32,-5
200711160MIN,RS,WAS,897.0,,30,32,-2
200711160MIN,RS,WAS,937.0,,30,34,-4
200711160MIN,RS,WAS,978.0,,32,34,-2
200711160MIN,RS,WAS,1004.0,LC,35,34,1
200711160MIN,RS,WAS,1063.0,,36,34,2
200711160MIN,RS,WAS,1063.0,,37,34,3
200711160MIN,RS,WAS,1090.0,,40,34,6
200711160MIN,RS,WAS,1148.0,,42,34,8
200711160MIN,RS,WAS,1174.0,,42,36,6
200711160MIN,RS,WAS,1186.0,,43,36,7
200711160MIN,RS,WAS,1200.0,,45,36,9
200711160MIN,RS,WAS,1245.0,,45,38,7
200711160MIN,RS,WAS,1245.0,,45,39,6
200711160MIN,RS,WAS,1275.0,,45,41,4
200711160MIN,RS,WAS,1295.0,,47,41,6
200711160MIN,RS,WAS,1337.0,,47,42,5
200711160MIN,RS,WAS,1337.0,,47,43,4
200711160MIN,RS,WAS,1379.0,,49,43,6
200711160MIN,RS,WAS,1401.3,,49,44,5
200711160MIN,RS,WAS,1401.3,,49,45,4
200711160MIN,RS,WAS,1417.0,,51,45,6
200711160MIN,RS,WAS,1436.7,,51,46,5
200711160MIN,RS,WAS,1436.7,,51,47,4
200711160MIN,RS,WAS,1480.0,,53,47,6
200711160MIN,RS,WAS,1486.0,,53,48,5
200711160MIN,RS,WAS,1486.0,,53,49,4
200711160MIN,RS,WAS,1506.0,,55,49,6
200711160MIN,RS,WAS,1523.0,,55,52,3
200711160MIN,RS,WAS,1578.0,,56,52,4
200711160MIN,RS,WAS,1612.0,,56,54,2
200711160MIN,RS,WAS,1633.0,,58,54,4
200711160MIN,RS,WAS,1662.0,,61,54,7
200711160MIN,RS,WAS,1683.0,,61,56,5
200711160MIN,RS,WAS,1696.0,,63,56,7
200711160MIN,RS,WAS,1736.0,,64,56,8
200711160MIN,RS,WAS,1736.0,,65,56,9
200711160MIN,RS,WAS,1773.0,,68,56,12
200711160MIN,RS,WAS,1790.0,,68,59,9
200711160MIN,RS,WAS,1815.0,,68,60,8
200711160MIN,RS,WAS,1815.0,,68,61,7
200711160MIN,RS,WAS,1897.0,,68,63,5
200711160MIN,RS,WAS,1921.0,,68,65,3
200711160MIN,RS,WAS,1942.0,,70,65,5
200711160MIN,RS,WAS,1942.0,,71,65,6
200711160MIN,RS,WAS,1955.0,,71,67,4
200711160MIN,RS,WAS,1976.0,,71,69,2
200711160MIN,RS,WAS,2015.0,T,71,71,0
200711160MIN,RS,WAS,2078.0,,73,71,2
200711160MIN,RS,WAS,2101.8,,74,71,3
200711160MIN,RS,WAS,2199.0,,74,73,1
200711160MIN,RS,WAS,2218.0,,76,73,3
200711160MIN,RS,WAS,2303.0,,78,73,5
200711160MIN,RS,WAS,2362.0,,78,75,3
200711160MIN,RS,WAS,2404.0,,78,77,1
200711160MIN,RS,WAS,2448.0,,79,77,2
200711160MIN,RS,WAS,2448.0,,80,77,3
200711160MIN,RS,WAS,2465.0,,80,79,1
200711160MIN,RS,WAS,2481.0,,81,79,2
200711160MIN,RS,WAS,2501.0,T,81,81,0
200711160MIN,RS,WAS,2545.0,LC,81,83,-2
200711160MIN,RS,WAS,2558.0,T,83,83,0
200711160MIN,RS,WAS,2567.0,,83,85,-2
200711160MIN,RS,WAS,2600.0,,83,86,-3
200711160MIN,RS,WAS,2600.0,,83,87,-4
200711160MIN,RS,WAS,2621.0,,83,88,-5
200711160MIN,RS,WAS,2621.0,,83,89,-6
200711160MIN,RS,WAS,2634.0,,83,91,-8
200711160MIN,RS,WAS,2648.0,,84,91,-7
200711160MIN,RS,WAS,2666.0,,84,94,-10
200711160MIN,RS,WAS,2687.0,,84,96,-12
200711160MIN,RS,WAS,2687.0,,84,97,-13
200711160MIN,RS,WAS,2698.0,,84,99,-15
200711160MIN,RS,WAS,2712.0,,85,99,-14
200711160MIN,RS,WAS,2712.0,,86,99,-13
200711160MIN,RS,WAS,2727.0,,87,99,-12
200711160MIN,RS,WAS,2727.0,,88,99,-11
200711160MIN,RS,WAS,2729.0,,88,100,-12
200711160MIN,RS,WAS,2739.0,,89,100,-11
200711160MIN,RS,WAS,2764.0,,89,103,-14
200711160MIN,RS,WAS,2834.3,F,89,105,-16
200711160MIN,RS,WAS,2880.0,,89,105,-16
200711170MIN,RS,NOH,0.0,,0,0,0
200711170MIN,RS,NOH,19.0,,0,2,-2
200711170MIN,RS,NOH,68.0,T,2,2,0
200711170MIN,RS,NOH,105.0,,2,4,-2
200711170MIN,RS,NOH,123.0,T,4,4,0
200711170MIN,RS,NOH,151.0,LC,6,4,2
200711170MIN,RS,NOH,189.0,,7,4,3
200711170MIN,RS,NOH,253.0,,10,4,6
200711170MIN,RS,NOH,268.0,,10,6,4
200711170MIN,RS,NOH,295.0,,10,8,2
200711170MIN,RS,NOH,324.0,,12,8,4
200711170MIN,RS,NOH,363.0,,12,11,1
200711170MIN,RS,NOH,383.0,,14,11,3
200711170MIN,RS,NOH,400.0,,14,13,1
200711170MIN,RS,NOH,448.0,LC,14,15,-1
200711170MIN,RS,NOH,481.0,,14,18,-4
200711170MIN,RS,NOH,505.0,,16,18,-2
200711170MIN,RS,NOH,533.0,,16,20,-4
200711170MIN,RS,NOH,559.0,,18,20,-2
200711170MIN,RS,NOH,580.0,,18,23,-5
200711170MIN,RS,NOH,637.0,,18,25,-7
200711170MIN,RS,NOH,658.0,,21,25,-4
200711170MIN,RS,NOH,742.0,,23,25,-2
200711170MIN,RS,NOH,783.0,,23,27,-4
200711170MIN,RS,NOH,805.0,,25,27,-2
200711170MIN,RS,NOH,911.0,T,27,27,0
200711170MIN,RS,NOH,982.0,,27,29,-2
200711170MIN,RS,NOH,1000.0,T,29,29,0
200711170MIN,RS,NOH,1087.0,LC,31,29,2
200711170MIN,RS,NOH,1105.0,T,31,31,0
200711170MIN,RS,NOH,1132.0,,33,31,2
200711170MIN,RS,NOH,1192.0,,35,31,4
200711170MIN,RS,NOH,1236.0,,35,32,3
200711170MIN,RS,NOH,1236.0,,35,33,2
200711170MIN,RS,NOH,1260.0,LC,35,36,-1
200711170MIN,RS,NOH,1278.0,T,36,36,0
200711170MIN,RS,NOH,1318.0,,36,38,-2
200711170MIN,RS,NOH,1335.0,T,38,38,0
200711170MIN,RS,NOH,1381.4,,38,40,-2
200711170MIN,RS,NOH,1416.8,,38,42,-4
200711170MIN,RS,NOH,1440.0,,40,42,-2
200711170MIN,RS,NOH,1494.0,,40,44,-4
200711170MIN,RS,NOH,1518.0,,42,44,-2
200711170MIN,RS,NOH,1551.0,T,44,44,0
200711170MIN,RS,NOH,1572.0,,44,46,-2
200711170MIN,RS,NOH,1617.0,,44,49,-5
200711170MIN,RS,NOH,1639.0,,46,49,-3
200711170MIN,RS,NOH,1658.0,,46,51,-5
200711170MIN,RS,NOH,1739.0,,47,51,-4
200711170MIN,RS,NOH,1739.0,,48,51,-3
200711170MIN,RS,NOH,1753.0,,48,54,-6
200711170MIN,RS,NOH,1775.0,,50,54,-4
200711170MIN,RS,NOH,1802.0,,50,56,-6
200711170MIN,RS,NOH,1812.0,,52,56,-4
200711170MIN,RS,NOH,1843.0,,53,56,-3
200711170MIN,RS,NOH,1843.0,,54,56,-2
200711170MIN,RS,NOH,1865.0,,54,57,-3
200711170MIN,RS,NOH,1865.0,,54,58,-4
200711170MIN,RS,NOH,1910.0,,54,61,-7
200711170MIN,RS,NOH,1922.0,,55,61,-6
200711170MIN,RS,NOH,1922.0,,56,61,-5
200711170MIN,RS,NOH,1940.0,,56,63,-7
200711170MIN,RS,NOH,1951.0,,58,63,-5
200711170MIN,RS,NOH,1980.0,,58,65,-7
200711170MIN,RS,NOH,2023.0,,58,68,-10
200711170MIN,RS,NOH,2065.0,,58,70,-12
200711170MIN,RS,NOH,2087.0,,59,70,-11
200711170MIN,RS,NOH,2105.9,,59,72,-13
200711170MIN,RS,NOH,2130.2,,61,72,-11
200711170MIN,RS,NOH,2151.7,,61,74,-13
200711170MIN,RS,NOH,2225.0,,61,76,-15
200711170MIN,RS,NOH,2251.0,,64,76,-12
200711170MIN,RS,NOH,2280.0,,64,78,-14
200711170MIN,RS,NOH,2305.0,,64,79,-15
200711170MIN,RS,NOH,2305.0,,64,80,-16
200711170MIN,RS,NOH,2316.0,,65,80,-15
200711170MIN,RS,NOH,2316.0,,66,80,-14
200711170MIN,RS,NOH,2331.0,,66,83,-17
200711170MIN,RS,NOH,2355.0,,69,83,-14
200711170MIN,RS,NOH,2376.0,,69,85,-16
200711170MIN,RS,NOH,2376.0,,69,86,-17
200711170MIN,RS,NOH,2398.0,,71,86,-15
200711170MIN,RS,NOH,2417.0,,71,88,-17
200711170MIN,RS,NOH,2434.0,,71,90,-19
200711170MIN,RS,NOH,2465.0,,73,90,-17
200711170MIN,RS,NOH,2526.0,,73,91,-18
200711170MIN,RS,NOH,2526.0,,73,92,-19
200711170MIN,RS,NOH,2578.0,,74,92,-18
200711170MIN,RS,NOH,2599.0,,74,94,-20
200711170MIN,RS,NOH,2618.0,,75,94,-19
200711170MIN,RS,NOH,2618.0,,76,94,-18
200711170MIN,RS,NOH,2662.0,,76,96,-20
200711170MIN,RS,NOH,2707.0,,78,96,-18
200711170MIN,RS,NOH,2747.0,,79,96,-17
200711170MIN,RS,NOH,2803.0,,79,97,-18
200711170MIN,RS,NOH,2803.0,,79,98,-19
200711170MIN,RS,NOH,2852.9,,79,100,-21
200711170MIN,RS,NOH,2870.0,F,82,100,-18
200711170MIN,RS,NOH,2880.0,,82,100,-18
200711210MIN,RS,CLE,0.0,,0,0,0
200711210MIN,RS,CLE,32.0,,2,0,2
200711210MIN,RS,CLE,54.0,T,2,2,0
200711210MIN,RS,CLE,74.0,LC,2,3,-1
200711210MIN,RS,CLE,90.0,,2,5,-3
200711210MIN,RS,CLE,135.0,,2,7,-5
200711210MIN,RS,CLE,149.0,,4,7,-3
200711210MIN,RS,CLE,178.0,,6,7,-1
200711210MIN,RS,CLE,221.0,,6,9,-3
200711210MIN,RS,CLE,221.0,,6,10,-4
200711210MIN,RS,CLE,241.0,,8,10,-2
200711210MIN,RS,CLE,305.0,T,10,10,0
200711210MIN,RS,CLE,327.0,,10,12,-2
200711210MIN,RS,CLE,346.0,LC,13,12,1
200711210MIN,RS,CLE,393.0,LC,13,14,-1
200711210MIN,RS,CLE,401.0,,13,17,-4
200711210MIN,RS,CLE,417.0,,15,17,-2
200711210MIN,RS,CLE,458.0,,15,19,-4
200711210MIN,RS,CLE,475.0,,17,19,-2
200711210MIN,RS,CLE,495.0,,17,21,-4
200711210MIN,RS,CLE,533.0,,19,21,-2
200711210MIN,RS,CLE,601.0,,19,23,-4
200711210MIN,RS,CLE,617.0,,21,23,-2
200711210MIN,RS,CLE,638.0,,21,24,-3
200711210MIN,RS,CLE,655.0,,23,24,-1
200711210MIN,RS,CLE,681.1,LC,25,24,1
200711210MIN,RS,CLE,757.0,,26,24,2
200711210MIN,RS,CLE,796.0,,28,24,4
200711210MIN,RS,CLE,873.0,,28,26,2
200711210MIN,RS,CLE,927.0,,28,27,1
200711210MIN,RS,CLE,927.0,T,28,28,0
200711210MIN,RS,CLE,948.0,LC,28,30,-2
200711210MIN,RS,CLE,981.0,,28,31,-3
200711210MIN,RS,CLE,1034.0,,30,31,-1
200711210MIN,RS,CLE,1061.0,,30,33,-3
200711210MIN,RS,CLE,1071.0,,32,33,-1
200711210MIN,RS,CLE,1130.0,,32,35,-3
200711210MIN,RS,CLE,1157.0,,34,35,-1
200711210MIN,RS,CLE,1174.0,,34,37,-3
200711210MIN,RS,CLE,1191.0,,36,37,-1
200711210MIN,RS,CLE,1262.0,,36,38,-2
200711210MIN,RS,CLE,1290.0,T,38,38,0
200711210MIN,RS,CLE,1310.0,,38,40,-2
200711210MIN,RS,CLE,1359.0,,38,41,-3
200711210MIN,RS,CLE,1376.0,,39,41,-2
200711210MIN,RS,CLE,1376.0,,40,41,-1
200711210MIN,RS,CLE,1394.1,,40,43,-3
200711210MIN,RS,CLE,1407.2,,41,43,-2
200711210MIN,RS,CLE,1407.2,,42,43,-1
200711210MIN,RS,CLE,1421.0,,42,46,-4
200711210MIN,RS,CLE,1484.0,,42,47,-5
200711210MIN,RS,CLE,1484.0,,42,48,-6
200711210MIN,RS,CLE,1508.0,,44,48,-4
200711210MIN,RS,CLE,1541.0,,46,48,-2
200711210MIN,RS,CLE,1557.0,,46,50,-4
200711210MIN,RS,CLE,1576.0,,48,50,-2
200711210MIN,RS,CLE,1592.0,,48,52,-4
200711210MIN,RS,CLE,1624.0,,48,53,-5
200711210MIN,RS,CLE,1624.0,,48,54,-6
200711210MIN,RS,CLE,1669.0,,48,56,-8
200711210MIN,RS,CLE,1689.0,,50,56,-6
200711210MIN,RS,CLE,1722.0,,50,57,-7
200711210MIN,RS,CLE,1722.0,,50,58,-8
200711210MIN,RS,CLE,1741.0,,52,58,-6
200711210MIN,RS,CLE,1762.0,,52,59,-7
200711210MIN,RS,CLE,1775.0,,52,60,-8
200711210MIN,RS,CLE,1775.0,,52,61,-9
200711210MIN,RS,CLE,1843.0,,52,63,-11
200711210MIN,RS,CLE,1882.0,,54,63,-9
200711210MIN,RS,CLE,1882.0,,55,63,-8
200711210MIN,RS,CLE,1910.0,,55,66,-11
200711210MIN,RS,CLE,1926.0,,55,67,-12
200711210MIN,RS,CLE,1926.0,,55,68,-13
200711210MIN,RS,CLE,1941.0,,57,68,-11
200711210MIN,RS,CLE,1949.0,,57,69,-12
200711210MIN,RS,CLE,1949.0,,57,70,-13
200711210MIN,RS,CLE,2043.0,,59,70,-11
200711210MIN,RS,CLE,2083.0,,62,70,-8
200711210MIN,RS,CLE,2096.0,,62,72,-10
200711210MIN,RS,CLE,2119.9,,64,72,-8
200711210MIN,RS,CLE,2183.0,,66,72,-6
200711210MIN,RS,CLE,2260.0,,66,75,-9
200711210MIN,RS,CLE,2290.0,,66,76,-10
200711210MIN,RS,CLE,2290.0,,66,77,-11
200711210MIN,RS,CLE,2326.0,,68,77,-9
200711210MIN,RS,CLE,2363.0,,70,77,-7
200711210MIN,RS,CLE,2398.0,,73,77,-4
200711210MIN,RS,CLE,2511.0,,73,79,-6
200711210MIN,RS,CLE,2524.0,,75,79,-4
200711210MIN,RS,CLE,2580.0,,75,81,-6
200711210MIN,RS,CLE,2595.0,,77,81,-4
200711210MIN,RS,CLE,2660.0,,77,83,-6
200711210MIN,RS,CLE,2681.0,,78,83,-5
200711210MIN,RS,CLE,2681.0,,79,83,-4
200711210MIN,RS,CLE,2694.0,,79,85,-6
200711210MIN,RS,CLE,2742.0,,79,88,-9
200711210MIN,RS,CLE,2774.0,,79,91,-12
200711210MIN,RS,CLE,2777.0,,79,93,-14
200711210MIN,RS,CLE,2786.0,,82,93,-11
200711210MIN,RS,CLE,2801.0,,82,95,-13
200711210MIN,RS,CLE,2812.0,,84,95,-11
200711210MIN,RS,CLE,2866.0,,84,97,-13
200711210MIN,RS,CLE,2870.9,F,86,97,-11
200711210MIN,RS,CLE,2880.0,,86,97,-11
200711230DEN,RS,DEN,0.0,,0,0,0
200711230DEN,RS,DEN,16.0,,0,2,-2
200711230DEN,RS,DEN,50.0,,0,4,-4
200711230DEN,RS,DEN,73.0,,0,6,-6
200711230DEN,RS,DEN,90.0,,2,6,-4
200711230DEN,RS,DEN,107.0,,2,8,-6
200711230DEN,RS,DEN,135.0,,4,8,-4
200711230DEN,RS,DEN,217.0,,4,10,-6
200711230DEN,RS,DEN,271.0,,6,10,-4
200711230DEN,RS,DEN,295.0,,8,10,-2
200711230DEN,RS,DEN,311.0,,8,12,-4
200711230DEN,RS,DEN,345.0,,10,12,-2
200711230DEN,RS,DEN,368.0,,10,14,-4
200711230DEN,RS,DEN,390.0,,12,14,-2
200711230DEN,RS,DEN,423.0,,13,14,-1
200711230DEN,RS,DEN,463.0,,13,16,-3
200711230DEN,RS,DEN,507.0,,13,18,-5
200711230DEN,RS,DEN,531.0,,16,18,-2
200711230DEN,RS,DEN,583.0,T,18,18,0
200711230DEN,RS,DEN,602.0,,18,20,-2
200711230DEN,RS,DEN,653.0,T,20,20,0
200711230DEN,RS,DEN,663.8,,20,21,-1
200711230DEN,RS,DEN,663.8,,20,22,-2
200711230DEN,RS,DEN,710.9,T,22,22,0
200711230DEN,RS,DEN,739.0,LC,24,22,2
200711230DEN,RS,DEN,754.0,LC,24,25,-1
200711230DEN,RS,DEN,782.0,,24,26,-2
200711230DEN,RS,DEN,805.0,T,26,26,0
200711230DEN,RS,DEN,805.0,LC,27,26,1
200711230DEN,RS,DEN,849.0,,29,26,3
200711230DEN,RS,DEN,861.0,T,29,29,0
200711230DEN,RS,DEN,861.0,,30,29,1
200711230DEN,RS,DEN,904.0,,31,29,2
200711230DEN,RS,DEN,904.0,,32,29,3
200711230DEN,RS,DEN,973.0,,34,29,5
200711230DEN,RS,DEN,983.0,,34,30,4
200711230DEN,RS,DEN,1017.0,,36,30,6
200711230DEN,RS,DEN,1056.0,,36,32,4
200711230DEN,RS,DEN,1065.0,,37,32,5
200711230DEN,RS,DEN,1065.0,,38,32,6
200711230DEN,RS,DEN,1068.0,,38,33,5
200711230DEN,RS,DEN,1080.0,,40,33,7
200711230DEN,RS,DEN,1125.0,,42,33,9
200711230DEN,RS,DEN,1141.0,,42,35,7
200711230DEN,RS,DEN,1166.0,,42,36,6
200711230DEN,RS,DEN,1189.0,,44,36,8
200711230DEN,RS,DEN,1214.0,,44,37,7
200711230DEN,RS,DEN,1214.0,,44,38,6
200711230DEN,RS,DEN,1232.0,,46,38,8
200711230DEN,RS,DEN,1241.0,,46,40,6
200711230DEN,RS,DEN,1262.0,,49,40,9
200711230DEN,RS,DEN,1279.0,,50,40,10
200711230DEN,RS,DEN,1279.0,,51,40,11
200711230DEN,RS,DEN,1293.0,,51,41,10
200711230DEN,RS,DEN,1293.0,,51,42,9
200711230DEN,RS,DEN,1308.0,,54,42,12
200711230DEN,RS,DEN,1332.0,,54,44,10
200711230DEN,RS,DEN,1353.0,,54,45,9
200711230DEN,RS,DEN,1353.0,,54,46,8
200711230DEN,RS,DEN,1358.0,,54,48,6
200711230DEN,RS,DEN,1363.0,,55,48,7
200711230DEN,RS,DEN,1363.0,,56,48,8
200711230DEN,RS,DEN,1409.6,,56,49,7
200711230DEN,RS,DEN,1409.6,,56,50,6
200711230DEN,RS,DEN,1432.8,,56,51,5
200711230DEN,RS,DEN,1486.0,,58,51,7
200711230DEN,RS,DEN,1506.0,,58,52,6
200711230DEN,RS,DEN,1506.0,,58,53,5
200711230DEN,RS,DEN,1601.0,,58,55,3
200711230DEN,RS,DEN,1612.0,,58,56,2
200711230DEN,RS,DEN,1624.0,,60,56,4
200711230DEN,RS,DEN,1637.0,,60,57,3
200711230DEN,RS,DEN,1637.0,,60,58,2
200711230DEN,RS,DEN,1686.0,,63,58,5
200711230DEN,RS,DEN,1722.0,,65,58,7
200711230DEN,RS,DEN,1873.0,,65,59,6
200711230DEN,RS,DEN,1873.0,,65,60,5
200711230DEN,RS,DEN,1878.0,,65,62,3
200711230DEN,RS,DEN,1914.0,,65,64,1
200711230DEN,RS,DEN,1938.0,,67,64,3
200711230DEN,RS,DEN,1960.0,,67,66,1
200711230DEN,RS,DEN,1983.0,,70,66,4
200711230DEN,RS,DEN,1993.0,,70,68,2
200711230DEN,RS,DEN,2019.0,,71,68,3
200711230DEN,RS,DEN,2019.0,,72,68,4
200711230DEN,RS,DEN,2109.4,,72,70,2
200711230DEN,RS,DEN,2109.4,,72,71,1
200711230DEN,RS,DEN,2128.2,,74,71,3
200711230DEN,RS,DEN,2143.4,,74,72,2
200711230DEN,RS,DEN,2143.4,,74,73,1
200711230DEN,RS,DEN,2158.9,LC,74,75,-1
200711230DEN,RS,DEN,2280.0,,74,78,-4
200711230DEN,RS,DEN,2413.0,,77,78,-1
200711230DEN,RS,DEN,2482.0,LC,80,78,2
200711230DEN,RS,DEN,2529.0,,81,78,3
200711230DEN,RS,DEN,2547.0,,81,80,1
200711230DEN,RS,DEN,2610.0,T,81,81,0
200711230DEN,RS,DEN,2610.0,LC,81,82,-1
200711230DEN,RS,DEN,2629.0,T,82,82,0
200711230DEN,RS,DEN,2649.0,,82,84,-2
200711230DEN,RS,DEN,2667.0,T,84,84,0
200711230DEN,RS,DEN,2701.0,LC,87,84,3
200711230DEN,RS,DEN,2742.0,,87,86,1
200711230DEN,RS,DEN,2771.0,T,87,87,0
200711230DEN,RS,DEN,2771.0,LC,87,88,-1
200711230DEN,RS,DEN,2800.0,,87,90,-3
200711230DEN,RS,DEN,2833.1,,87,92,-5
200711230DEN,RS,DEN,2833.4,,87,93,-6
200711230DEN,RS,DEN,2833.4,,87,94,-7
200711230DEN,RS,DEN,2841.8,,90,94,-4
200711230DEN,RS,DEN,2842.8,,90,95,-5
200711230DEN,RS,DEN,2855.6,,90,96,-6
200711230DEN,RS,DEN,2855.6,,90,97,-7
200711230DEN,RS,DEN,2870.0,,93,97,-4
200711230DEN,RS,DEN,2871.0,,93,98,-5
200711230DEN,RS,DEN,2871.0,F,93,99,-6
200711230DEN,RS,DEN,2880.0,,93,99,-6
200711240MIN,RS,ATL,0.0,,0,0,0
200711240MIN,RS,ATL,102.0,,0,2,-2
200711240MIN,RS,ATL,127.0,T,2,2,0
200711240MIN,RS,ATL,152.0,,2,3,-1
200711240MIN,RS,ATL,152.0,,2,4,-2
200711240MIN,RS,ATL,170.0,T,4,4,0
200711240MIN,RS,ATL,204.0,LC,6,4,2
200711240MIN,RS,ATL,231.0,T,6,6,0
200711240MIN,RS,ATL,256.0,,8,6,2
200711240MIN,RS,ATL,287.0,,10,6,4
200711240MIN,RS,ATL,340.0,,12,6,6
200711240MIN,RS,ATL,381.0,,14,6,8
200711240MIN,RS,ATL,420.0,,16,6,10
200711240MIN,RS,ATL,466.0,,18,6,12
200711240MIN,RS,ATL,484.0,,18,8,10
200711240MIN,RS,ATL,502.0,,20,8,12
200711240MIN,RS,ATL,534.0,,22,8,14
200711240MIN,RS,ATL,553.0,,22,10,12
200711240MIN,RS,ATL,569.0,,23,10,13
200711240MIN,RS,ATL,569.0,,24,10,14
200711240MIN,RS,ATL,599.0,,24,12,12
200711240MIN,RS,ATL,614.0,,26,12,14
200711240MIN,RS,ATL,642.0,,28,12,16
200711240MIN,RS,ATL,659.0,,28,14,14
200711240MIN,RS,ATL,694.2,,28,17,11
200711240MIN,RS,ATL,737.0,,29,17,12
200711240MIN,RS,ATL,737.0,,30,17,13
200711240MIN,RS,ATL,753.0,,30,19,11
200711240MIN,RS,ATL,771.0,,32,19,13
200711240MIN,RS,ATL,788.0,,32,20,12
200711240MIN,RS,ATL,788.0,,32,21,11
200711240MIN,RS,ATL,814.0,,34,21,13
200711240MIN,RS,ATL,838.0,,35,21,14
200711240MIN,RS,ATL,838.0,,36,21,15
200711240MIN,RS,ATL,857.0,,36,23,13
200711240MIN,RS,ATL,868.0,,39,23,16
200711240MIN,RS,ATL,886.0,,41,23,18
200711240MIN,RS,ATL,910.0,,43,23,20
200711240MIN,RS,ATL,935.0,,43,25,18
200711240MIN,RS,ATL,954.0,,45,25,20
200711240MIN,RS,ATL,979.0,,45,27,18
200711240MIN,RS,ATL,1015.0,,45,30,15
200711240MIN,RS,ATL,1032.0,,47,30,17
200711240MIN,RS,ATL,1052.0,,47,32,15
200711240MIN,RS,ATL,1082.0,,50,32,18
200711240MIN,RS,ATL,1096.0,,50,33,17
200711240MIN,RS,ATL,1096.0,,50,34,16
200711240MIN,RS,ATL,1128.0,,51,34,17
200711240MIN,RS,ATL,1153.0,,53,34,19
200711240MIN,RS,ATL,1164.0,,53,35,18
200711240MIN,RS,ATL,1164.0,,53,36,17
200711240MIN,RS,ATL,1197.0,,53,38,15
200711240MIN,RS,ATL,1219.0,,55,38,17
200711240MIN,RS,ATL,1235.0,,55,40,15
200711240MIN,RS,ATL,1270.0,,57,40,17
200711240MIN,RS,ATL,1312.0,,58,40,18
200711240MIN,RS,ATL,1312.0,,59,40,19
200711240MIN,RS,ATL,1384.7,,61,40,21
200711240MIN,RS,ATL,1401.8,,61,42,19
200711240MIN,RS,ATL,1415.3,,62,42,20
200711240MIN,RS,ATL,1415.3,,63,42,21
200711240MIN,RS,ATL,1440.0,,63,45,18
200711240MIN,RS,ATL,1462.0,,65,45,20
200711240MIN,RS,ATL,1567.0,,65,47,18
200711240MIN,RS,ATL,1667.0,,65,49,16
200711240MIN,RS,ATL,1709.0,,65,51,14
200711240MIN,RS,ATL,1805.0,,67,51,16
200711240MIN,RS,ATL,1820.0,,67,53,14
200711240MIN,RS,ATL,1834.0,,68,53,15
200711240MIN,RS,ATL,1834.0,,69,53,16
200711240MIN,RS,ATL,1870.0,,69,55,14
200711240MIN,RS,ATL,1916.0,,70,55,15
200711240MIN,RS,ATL,1916.0,,71,55,16
200711240MIN,RS,ATL,1942.0,,71,57,14
200711240MIN,RS,ATL,1957.0,,73,57,16
200711240MIN,RS,ATL,1973.0,,73,58,15
200711240MIN,RS,ATL,1973.0,,73,59,14
200711240MIN,RS,ATL,2005.0,,73,62,11
200711240MIN,RS,ATL,2026.0,,73,64,9
200711240MIN,RS,ATL,2042.0,,75,64,11
200711240MIN,RS,ATL,2179.0,,75,67,8
200711240MIN,RS,ATL,2252.0,,75,69,6
200711240MIN,RS,ATL,2291.0,,75,71,4
200711240MIN,RS,ATL,2317.0,,77,71,6
200711240MIN,RS,ATL,2356.0,,77,73,4
200711240MIN,RS,ATL,2375.0,,78,73,5
200711240MIN,RS,ATL,2389.0,,78,74,4
200711240MIN,RS,ATL,2389.0,,78,75,3
200711240MIN,RS,ATL,2422.0,,78,77,1
200711240MIN,RS,ATL,2422.0,T,78,78,0
200711240MIN,RS,ATL,2473.0,LC,78,81,-3
200711240MIN,RS,ATL,2524.0,,78,83,-5
200711240MIN,RS,ATL,2601.0,,78,85,-7
200711240MIN,RS,ATL,2633.0,,78,87,-9
200711240MIN,RS,ATL,2647.0,,81,87,-6
200711240MIN,RS,ATL,2664.0,,81,89,-8
200711240MIN,RS,ATL,2702.0,,81,91,-10
200711240MIN,RS,ATL,2714.0,,83,91,-8
200711240MIN,RS,ATL,2765.0,,85,91,-6
200711240MIN,RS,ATL,2820.0,,87,91,-4
200711240MIN,RS,ATL,2842.0,,87,92,-5
200711240MIN,RS,ATL,2842.0,,87,93,-6
200711240MIN,RS,ATL,2858.1,F,87,94,-7
200711240MIN,RS,ATL,2880.0,,87,94,-7
200711260NOH,RS,NOH,0.0,,0,0,0
200711260NOH,RS,NOH,42.0,,2,0,2
200711260NOH,RS,NOH,145.0,,2,1,1
200711260NOH,RS,NOH,145.0,T,2,2,0
200711260NOH,RS,NOH,159.0,,4,2,2
200711260NOH,RS,NOH,176.0,T,4,4,0
200711260NOH,RS,NOH,236.0,,7,4,3
200711260NOH,RS,NOH,263.0,,8,4,4
200711260NOH,RS,NOH,263.0,,9,4,5
200711260NOH,RS,NOH,323.0,,11,4,7
200711260NOH,RS,NOH,371.0,,13,4,9
200711260NOH,RS,NOH,379.0,,13,6,7
200711260NOH,RS,NOH,395.0,,15,6,9
200711260NOH,RS,NOH,410.0,,15,8,7
200711260NOH,RS,NOH,426.0,,15,10,5
200711260NOH,RS,NOH,468.0,,17,10,7
200711260NOH,RS,NOH,485.0,,17,11,6
200711260NOH,RS,NOH,485.0,,17,12,5
200711260NOH,RS,NOH,521.0,,17,14,3
200711260NOH,RS,NOH,565.0,,17,15,2
200711260NOH,RS,NOH,565.0,,17,16,1
200711260NOH,RS,NOH,577.0,,20,16,4
200711260NOH,RS,NOH,599.0,,22,16,6
200711260NOH,RS,NOH,623.0,,25,16,9
200711260NOH,RS,NOH,635.0,,25,18,7
200711260NOH,RS,NOH,658.0,,27,18,9
200711260NOH,RS,NOH,690.3,,27,19,8
200711260NOH,RS,NOH,713.6,,29,19,10
200711260NOH,RS,NOH,758.0,,31,19,12
200711260NOH,RS,NOH,758.0,,32,19,13
200711260NOH,RS,NOH,776.0,,32,20,12
200711260NOH,RS,NOH,800.0,,34,20,14
200711260NOH,RS,NOH,818.0,,34,22,12
200711260NOH,RS,NOH,855.0,,36,22,14
200711260NOH,RS,NOH,894.0,,38,22,16
200711260NOH,RS,NOH,954.0,,40,22,18
200711260NOH,RS,NOH,976.0,,40,24,16
200711260NOH,RS,NOH,1022.0,,43,24,19
200711260NOH,RS,NOH,1051.0,,45,24,21
200711260NOH,RS,NOH,1086.0,,47,24,23
200711260NOH,RS,NOH,1130.0,,47,25,22
200711260NOH,RS,NOH,1130.0,,47,26,21
200711260NOH,RS,NOH,1196.0,,49,26,23
200711260NOH,RS,NOH,1210.0,,49,28,21
200711260NOH,RS,NOH,1266.0,,49,31,18
200711260NOH,RS,NOH,1289.0,,51,31,20
200711260NOH,RS,NOH,1306.0,,53,31,22
200711260NOH,RS,NOH,1324.0,,53,33,20
200711260NOH,RS,NOH,1370.0,,55,33,22
200711260NOH,RS,NOH,1386.4,,55,34,21
200711260NOH,RS,NOH,1386.4,,55,35,20
200711260NOH,RS,NOH,1412.7,,55,37,18
200711260NOH,RS,NOH,1437.5,,58,37,21
200711260NOH,RS,NOH,1466.0,,58,40,18
200711260NOH,RS,NOH,1497.0,,58,42,16
200711260NOH,RS,NOH,1522.0,,58,44,14
200711260NOH,RS,NOH,1575.0,,60,44,16
200711260NOH,RS,NOH,1588.0,,60,45,15
200711260NOH,RS,NOH,1588.0,,60,46,14
200711260NOH,RS,NOH,1626.0,,62,46,16
200711260NOH,RS,NOH,1681.0,,62,48,14
200711260NOH,RS,NOH,1721.0,,64,48,16
200711260NOH,RS,NOH,1769.0,,64,50,14
200711260NOH,RS,NOH,1804.0,,66,50,16
200711260NOH,RS,NOH,1852.0,,66,51,15
200711260NOH,RS,NOH,1852.0,,66,52,14
200711260NOH,RS,NOH,1876.0,,67,52,15
200711260NOH,RS,NOH,1876.0,,68,52,16
200711260NOH,RS,NOH,1897.0,,68,54,14
200711260NOH,RS,NOH,1919.0,,70,54,16
200711260NOH,RS,NOH,1953.0,,70,56,14
200711260NOH,RS,NOH,1977.0,,73,56,17
200711260NOH,RS,NOH,2028.0,,76,56,20
200711260NOH,RS,NOH,2080.0,,76,57,19
200711260NOH,RS,NOH,2080.0,,76,58,18
200711260NOH,RS,NOH,2108.4,,76,60,16
200711260NOH,RS,NOH,2157.0,,76,61,15
200711260NOH,RS,NOH,2191.0,,76,63,13
200711260NOH,RS,NOH,2205.0,,77,63,14
200711260NOH,RS,NOH,2205.0,,78,63,15
200711260NOH,RS,NOH,2239.0,,80,63,17
200711260NOH,RS,NOH,2292.0,,82,63,19
200711260NOH,RS,NOH,2319.0,,82,65,17
200711260NOH,RS,NOH,2342.0,,85,65,20
200711260NOH,RS,NOH,2355.0,,85,67,18
200711260NOH,RS,NOH,2415.0,,85,70,15
200711260NOH,RS,NOH,2438.0,,87,70,17
200711260NOH,RS,NOH,2453.0,,87,72,15
200711260NOH,RS,NOH,2481.0,,87,73,14
200711260NOH,RS,NOH,2481.0,,87,74,13
200711260NOH,RS,NOH,2492.0,,89,74,15
200711260NOH,RS,NOH,2508.0,,89,75,14
200711260NOH,RS,NOH,2566.0,,91,75,16
200711260NOH,RS,NOH,2584.0,,91,76,15
200711260NOH,RS,NOH,2621.0,,91,79,12
200711260NOH,RS,NOH,2652.0,,91,81,10
200711260NOH,RS,NOH,2671.0,,92,81,11
200711260NOH,RS,NOH,2671.0,,93,81,12
200711260NOH,RS,NOH,2726.0,,93,84,9
200711260NOH,RS,NOH,2763.0,,93,86,7
200711260NOH,RS,NOH,2816.0,,95,86,9
200711260NOH,RS,NOH,2826.4,,96,86,10
200711260NOH,RS,NOH,2826.4,,97,86,11
200711260NOH,RS,NOH,2834.5,,97,89,8
200711260NOH,RS,NOH,2836.6,,98,89,9
200711260NOH,RS,NOH,2845.3,,99,89,10
200711260NOH,RS,NOH,2845.3,,100,89,11
200711260NOH,RS,NOH,2851.9,,100,92,8
200711260NOH,RS,NOH,2852.4,,101,92,9
200711260NOH,RS,NOH,2852.4,,102,92,10
200711260NOH,RS,NOH,2856.7,,102,93,9
200711260NOH,RS,NOH,2856.7,,102,94,8
200711260NOH,RS,NOH,2860.7,F,103,94,9
200711260NOH,RS,NOH,2880.0,,103,94,9
200711280DAL,RS,DAL,0.0,,0,0,0
200711280DAL,RS,DAL,22.0,,2,0,2
200711280DAL,RS,DAL,42.0,T,2,2,0
200711280DAL,RS,DAL,73.0,LC,2,4,-2
200711280DAL,RS,DAL,99.0,,2,5,-3
200711280DAL,RS,DAL,115.0,,4,5,-1
200711280DAL,RS,DAL,115.0,T,5,5,0
200711280DAL,RS,DAL,132.0,,5,7,-2
200711280DAL,RS,DAL,156.0,,5,9,-4
200711280DAL,RS,DAL,194.0,,6,9,-3
200711280DAL,RS,DAL,213.0,,8,9,-1
200711280DAL,RS,DAL,236.0,,8,11,-3
200711280DAL,RS,DAL,273.0,,10,11,-1
200711280DAL,RS,DAL,304.0,,10,13,-3
200711280DAL,RS,DAL,342.0,,10,15,-5
200711280DAL,RS,DAL,356.0,,12,15,-3
200711280DAL,RS,DAL,356.0,,13,15,-2
200711280DAL,RS,DAL,367.0,,13,16,-3
200711280DAL,RS,DAL,398.0,,13,18,-5
200711280DAL,RS,DAL,408.0,,14,18,-4
200711280DAL,RS,DAL,455.0,,16,18,-2
200711280DAL,RS,DAL,465.0,,16,19,-3
200711280DAL,RS,DAL,465.0,,16,20,-4
200711280DAL,RS,DAL,484.0,,18,20,-2
200711280DAL,RS,DAL,542.0,,18,22,-4
200711280DAL,RS,DAL,565.0,,19,22,-3
200711280DAL,RS,DAL,565.0,,20,22,-2
200711280DAL,RS,DAL,581.0,,20,24,-4
200711280DAL,RS,DAL,599.0,,22,24,-2
200711280DAL,RS,DAL,605.0,,22,26,-4
200711280DAL,RS,DAL,631.0,,22,27,-5
200711280DAL,RS,DAL,631.0,,22,28,-6
200711280DAL,RS,DAL,672.9,,22,30,-8
200711280DAL,RS,DAL,736.0,,22,32,-10
200711280DAL,RS,DAL,773.0,,22,34,-12
200711280DAL,RS,DAL,773.0,,22,35,-13
200711280DAL,RS,DAL,843.0,,24,35,-11
200711280DAL,RS,DAL,861.0,,24,36,-12
200711280DAL,RS,DAL,891.0,,26,36,-10
200711280DAL,RS,DAL,916.0,,26,38,-12
200711280DAL,RS,DAL,933.0,,28,38,-10
200711280DAL,RS,DAL,947.0,,28,40,-12
200711280DAL,RS,DAL,987.0,,30,40,-10
200711280DAL,RS,DAL,1012.0,,30,43,-13
200711280DAL,RS,DAL,1096.0,,32,43,-11
200711280DAL,RS,DAL,1129.0,,34,43,-9
200711280DAL,RS,DAL,1152.0,,34,45,-11
200711280DAL,RS,DAL,1180.0,,34,46,-12
200711280DAL,RS,DAL,1180.0,,34,47,-13
200711280DAL,RS,DAL,1195.0,,34,48,-14
200711280DAL,RS,DAL,1195.0,,34,49,-15
200711280DAL,RS,DAL,1206.0,,36,49,-13
200711280DAL,RS,DAL,1206.0,,37,49,-12
200711280DAL,RS,DAL,1219.0,,37,50,-13
200711280DAL,RS,DAL,1241.0,,37,52,-15
200711280DAL,RS,DAL,1278.0,,39,52,-13
200711280DAL,RS,DAL,1301.0,,39,54,-15
200711280DAL,RS,DAL,1327.0,,41,54,-13
200711280DAL,RS,DAL,1360.0,,41,56,-15
200711280DAL,RS,DAL,1380.0,,43,56,-13
200711280DAL,RS,DAL,1402.2,,43,58,-15
200711280DAL,RS,DAL,1418.3,,45,58,-13
200711280DAL,RS,DAL,1475.0,,45,60,-15
200711280DAL,RS,DAL,1507.0,,45,61,-16
200711280DAL,RS,DAL,1526.0,,48,61,-13
200711280DAL,RS,DAL,1598.0,,50,61,-11
200711280DAL,RS,DAL,1615.0,,50,63,-13
200711280DAL,RS,DAL,1656.0,,50,65,-15
200711280DAL,RS,DAL,1697.0,,51,65,-14
200711280DAL,RS,DAL,1697.0,,52,65,-13
200711280DAL,RS,DAL,1726.0,,52,66,-14
200711280DAL,RS,DAL,1726.0,,52,67,-15
200711280DAL,RS,DAL,1726.0,,52,68,-16
200711280DAL,RS,DAL,1745.0,,52,70,-18
200711280DAL,RS,DAL,1777.0,,52,72,-20
200711280DAL,RS,DAL,1795.0,,54,72,-18
200711280DAL,RS,DAL,1816.0,,56,72,-16
200711280DAL,RS,DAL,1816.0,,57,72,-15
200711280DAL,RS,DAL,1856.0,,58,72,-14
200711280DAL,RS,DAL,1885.0,,59,72,-13
200711280DAL,RS,DAL,1885.0,,60,72,-12
200711280DAL,RS,DAL,1904.0,,60,74,-14
200711280DAL,RS,DAL,1922.0,,62,74,-12
200711280DAL,RS,DAL,1934.0,,62,75,-13
200711280DAL,RS,DAL,1934.0,,62,76,-14
200711280DAL,RS,DAL,1971.0,,64,76,-12
200711280DAL,RS,DAL,2014.0,,64,77,-13
200711280DAL,RS,DAL,2014.0,,64,78,-14
200711280DAL,RS,DAL,2024.0,,66,78,-12
200711280DAL,RS,DAL,2028.0,,68,78,-10
200711280DAL,RS,DAL,2044.0,,68,80,-12
200711280DAL,RS,DAL,2044.0,,68,81,-13
200711280DAL,RS,DAL,2062.0,,70,81,-11
200711280DAL,RS,DAL,2079.0,,71,81,-10
200711280DAL,RS,DAL,2100.0,,73,81,-8
200711280DAL,RS,DAL,2119.1,,75,81,-6
200711280DAL,RS,DAL,2132.7,,75,83,-8
200711280DAL,RS,DAL,2155.7,,77,83,-6
200711280DAL,RS,DAL,2235.0,,77,84,-7
200711280DAL,RS,DAL,2235.0,,77,85,-8
200711280DAL,RS,DAL,2257.0,,79,85,-6
200711280DAL,RS,DAL,2298.0,,79,86,-7
200711280DAL,RS,DAL,2333.0,,80,86,-6
200711280DAL,RS,DAL,2333.0,,81,86,-5
200711280DAL,RS,DAL,2370.0,,83,86,-3
200711280DAL,RS,DAL,2386.0,,83,88,-5
200711280DAL,RS,DAL,2430.0,,83,90,-7
200711280DAL,RS,DAL,2442.0,,85,90,-5
200711280DAL,RS,DAL,2453.0,,85,92,-7
200711280DAL,RS,DAL,2469.0,,87,92,-5
200711280DAL,RS,DAL,2492.0,,87,94,-7
200711280DAL,RS,DAL,2539.0,,87,95,-8
200711280DAL,RS,DAL,2539.0,,87,96,-9
200711280DAL,RS,DAL,2550.0,,89,96,-7
200711280DAL,RS,DAL,2582.0,,90,96,-6
200711280DAL,RS,DAL,2582.0,,91,96,-5
200711280DAL,RS,DAL,2601.0,,91,98,-7
200711280DAL,RS,DAL,2621.0,,93,98,-5
200711280DAL,RS,DAL,2632.0,,93,99,-6
200711280DAL,RS,DAL,2632.0,,93,100,-7
200711280DAL,RS,DAL,2650.0,,95,100,-5
200711280DAL,RS,DAL,2663.0,,95,101,-6
200711280DAL,RS,DAL,2663.0,,95,102,-7
200711280DAL,RS,DAL,2694.0,,97,102,-5
200711280DAL,RS,DAL,2713.0,,97,104,-7
200711280DAL,RS,DAL,2732.0,,98,104,-6
200711280DAL,RS,DAL,2792.0,,98,106,-8
200711280DAL,RS,DAL,2824.8,,100,106,-6
200711280DAL,RS,DAL,2846.3,,100,108,-8
200711280DAL,RS,DAL,2850.6,,102,108,-6
200711280DAL,RS,DAL,2850.6,,103,108,-5
200711280DAL,RS,DAL,2853.5,F,103,109,-6
200711280DAL,RS,DAL,2880.0,,103,109,-6
200711300MIN,RS,SAS,0.0,,0,0,0
200711300MIN,RS,SAS,18.0,,2,0,2
200711300MIN,RS,SAS,147.0,,4,0,4
200711300MIN,RS,SAS,178.0,,6,0,6
200711300MIN,RS,SAS,219.0,,7,0,7
200711300MIN,RS,SAS,250.0,,7,1,6
200711300MIN,RS,SAS,250.0,,7,2,5
200711300MIN,RS,SAS,282.0,,7,4,3
200711300MIN,RS,SAS,299.0,,9,4,5
200711300MIN,RS,SAS,311.0,,9,6,3
200711300MIN,RS,SAS,357.0,,11,6,5
200711300MIN,RS,SAS,388.0,,13,6,7
200711300MIN,RS,SAS,407.0,,13,8,5
200711300MIN,RS,SAS,460.0,,16,8,8
200711300MIN,RS,SAS,479.0,,16,10,6
200711300MIN,RS,SAS,507.0,,16,12,4
200711300MIN,RS,SAS,527.0,,17,12,5
200711300MIN,RS,SAS,527.0,,18,12,6
200711300MIN,RS,SAS,540.0,,18,14,4
200711300MIN,RS,SAS,553.0,,18,15,3
200711300MIN,RS,SAS,566.0,T,18,18,0
200711300MIN,RS,SAS,589.0,,20,18,2
200711300MIN,RS,SAS,605.0,,22,18,4
200711300MIN,RS,SAS,635.0,,24,18,6
200711300MIN,RS,SAS,651.0,,24,20,4
200711300MIN,RS,SAS,680.3,,24,22,2
200711300MIN,RS,SAS,740.0,T,24,24,0
200711300MIN,RS,SAS,765.0,,26,24,2
200711300MIN,RS,SAS,834.0,T,26,26,0
200711300MIN,RS,SAS,848.0,,28,26,2
200711300MIN,RS,SAS,888.0,,30,26,4
200711300MIN,RS,SAS,920.0,,30,29,1
200711300MIN,RS,SAS,938.0,,33,29,4
200711300MIN,RS,SAS,985.0,,33,31,2
200711300MIN,RS,SAS,1035.0,,33,32,1
200711300MIN,RS,SAS,1046.0,,34,32,2
200711300MIN,RS,SAS,1074.0,,36,32,4
200711300MIN,RS,SAS,1096.0,,38,32,6
200711300MIN,RS,SAS,1176.0,,40,32,8
200711300MIN,RS,SAS,1198.0,,40,35,5
200711300MIN,RS,SAS,1220.0,,42,35,7
200711300MIN,RS,SAS,1237.0,,42,37,5
200711300MIN,RS,SAS,1237.0,,42,38,4
200711300MIN,RS,SAS,1250.0,,44,38,6
200711300MIN,RS,SAS,1269.0,,46,38,8
200711300MIN,RS,SAS,1292.0,,46,40,6
200711300MIN,RS,SAS,1315.0,,46,43,3
200711300MIN,RS,SAS,1359.0,,46,45,1
200711300MIN,RS,SAS,1381.0,,48,45,3
200711300MIN,RS,SAS,1393.9,,48,47,1
200711300MIN,RS,SAS,1405.0,T,48,48,0
200711300MIN,RS,SAS,1485.0,,51,48,3
200711300MIN,RS,SAS,1526.0,,53,48,5
200711300MIN,RS,SAS,1543.0,,53,50,3
200711300MIN,RS,SAS,1568.0,,56,50,6
200711300MIN,RS,SAS,1587.0,,56,52,4
200711300MIN,RS,SAS,1636.0,,59,52,7
200711300MIN,RS,SAS,1701.0,,60,52,8
200711300MIN,RS,SAS,1740.0,,60,53,7
200711300MIN,RS,SAS,1758.0,,61,53,8
200711300MIN,RS,SAS,1758.0,,62,53,9
200711300MIN,RS,SAS,1793.0,,62,54,8
200711300MIN,RS,SAS,1793.0,,62,55,7
200711300MIN,RS,SAS,1809.0,,64,55,9
200711300MIN,RS,SAS,1830.0,,64,58,6
200711300MIN,RS,SAS,1846.0,,66,58,8
200711300MIN,RS,SAS,1861.0,,69,58,11
200711300MIN,RS,SAS,1893.0,,69,60,9
200711300MIN,RS,SAS,1912.0,,71,60,11
200711300MIN,RS,SAS,1943.0,,73,60,13
200711300MIN,RS,SAS,1958.0,,73,62,11
200711300MIN,RS,SAS,1976.0,,75,62,13
200711300MIN,RS,SAS,1996.0,,75,64,11
200711300MIN,RS,SAS,2008.0,,77,64,13
200711300MIN,RS,SAS,2029.0,,77,66,11
200711300MIN,RS,SAS,2041.0,,78,66,12
200711300MIN,RS,SAS,2041.0,,79,66,13
200711300MIN,RS,SAS,2075.0,,80,66,14
200711300MIN,RS,SAS,2085.0,,80,68,12
200711300MIN,RS,SAS,2085.0,,80,69,11
200711300MIN,RS,SAS,2103.3,,80,72,8
200711300MIN,RS,SAS,2148.8,,80,74,6
200711300MIN,RS,SAS,2189.0,,80,77,3
200711300MIN,RS,SAS,2225.0,T,80,80,0
200711300MIN,RS,SAS,2286.0,,82,80,2
200711300MIN,RS,SAS,2303.0,T,82,82,0
200711300MIN,RS,SAS,2335.0,LC,82,83,-1
200711300MIN,RS,SAS,2448.0,,82,85,-3
200711300MIN,RS,SAS,2472.0,,84,85,-1
200711300MIN,RS,SAS,2496.0,LC,86,85,1
200711300MIN,RS,SAS,2513.0,LC,86,87,-1
200711300MIN,RS,SAS,2535.0,,86,88,-2
200711300MIN,RS,SAS,2535.0,,86,89,-3
200711300MIN,RS,SAS,2554.0,,86,92,-6
200711300MIN,RS,SAS,2572.0,,87,92,-5
200711300MIN,RS,SAS,2586.0,,87,94,-7
200711300MIN,RS,SAS,2620.0,,87,97,-10
200711300MIN,RS,SAS,2640.0,,89,97,-8
200711300MIN,RS,SAS,2694.0,,89,100,-11
200711300MIN,RS,SAS,2733.0,,89,101,-12
200711300MIN,RS,SAS,2764.0,,89,104,-15
200711300MIN,RS,SAS,2782.0,,91,104,-13
200711300MIN,RS,SAS,2834.1,F,91,106,-15
200711300MIN,RS,SAS,2880.0,,91,106,-15
200712010MEM,RS,MEM,0.0,,0,0,0
200712010MEM,RS,MEM,16.0,,0,2,-2
200712010MEM,RS,MEM,33.0,T,2,2,0
200712010MEM,RS,MEM,70.0,,2,5,-3
200712010MEM,RS,MEM,118.0,T,5,5,0
200712010MEM,RS,MEM,214.0,LC,7,5,2
200712010MEM,RS,MEM,265.0,LC,7,8,-1
200712010MEM,RS,MEM,288.0,,7,11,-4
200712010MEM,RS,MEM,311.0,,9,11,-2
200712010MEM,RS,MEM,347.0,,9,14,-5
200712010MEM,RS,MEM,431.0,,11,14,-3
200712010MEM,RS,MEM,474.0,,11,15,-4
200712010MEM,RS,MEM,487.0,,13,15,-2
200712010MEM,RS,MEM,493.0,,13,17,-4
200712010MEM,RS,MEM,493.0,,13,18,-5
200712010MEM,RS,MEM,515.0,,16,18,-2
200712010MEM,RS,MEM,525.0,,16,20,-4
200712010MEM,RS,MEM,552.0,,16,22,-6
200712010MEM,RS,MEM,596.0,,16,24,-8
200712010MEM,RS,MEM,652.0,,18,24,-6
200712010MEM,RS,MEM,680.3,,21,24,-3
200712010MEM,RS,MEM,693.1,,21,26,-5
200712010MEM,RS,MEM,767.0,,21,28,-7
200712010MEM,RS,MEM,817.0,,23,28,-5
200712010MEM,RS,MEM,872.0,,23,30,-7
200712010MEM,RS,MEM,916.0,,23,33,-10
200712010MEM,RS,MEM,928.0,,25,33,-8
200712010MEM,RS,MEM,967.0,,25,36,-11
200712010MEM,RS,MEM,1030.0,,25,38,-13
200712010MEM,RS,MEM,1049.0,,27,38,-11
200712010MEM,RS,MEM,1059.0,,27,40,-13
200712010MEM,RS,MEM,1111.0,,27,41,-14
200712010MEM,RS,MEM,1147.0,,27,43,-16
200712010MEM,RS,MEM,1171.0,,30,43,-13
200712010MEM,RS,MEM,1198.0,,30,45,-15
200712010MEM,RS,MEM,1220.0,,32,45,-13
200712010MEM,RS,MEM,1256.0,,34,45,-11
200712010MEM,RS,MEM,1289.0,,34,46,-12
200712010MEM,RS,MEM,1308.0,,36,46,-10
200712010MEM,RS,MEM,1364.0,,36,49,-13
200712010MEM,RS,MEM,1381.6,,38,49,-11
200712010MEM,RS,MEM,1402.6,,40,49,-9
200712010MEM,RS,MEM,1465.0,,40,51,-11
200712010MEM,RS,MEM,1503.0,,40,53,-13
200712010MEM,RS,MEM,1520.0,,42,53,-11
200712010MEM,RS,MEM,1606.0,,42,55,-13
200712010MEM,RS,MEM,1627.0,,43,55,-12
200712010MEM,RS,MEM,1627.0,,44,55,-11
200712010MEM,RS,MEM,1648.0,,44,57,-13
200712010MEM,RS,MEM,1684.0,,44,59,-15
200712010MEM,RS,MEM,1727.0,,44,61,-17
200712010MEM,RS,MEM,1746.0,,46,61,-15
200712010MEM,RS,MEM,1769.0,,46,63,-17
200712010MEM,RS,MEM,1810.0,,49,63,-14
200712010MEM,RS,MEM,1856.0,,49,65,-16
200712010MEM,RS,MEM,1887.0,,49,68,-19
200712010MEM,RS,MEM,1902.0,,51,68,-17
200712010MEM,RS,MEM,1907.0,,51,70,-19
200712010MEM,RS,MEM,1924.0,,53,70,-17
200712010MEM,RS,MEM,1958.0,,53,73,-20
200712010MEM,RS,MEM,2017.0,,53,75,-22
200712010MEM,RS,MEM,2075.0,,53,77,-24
200712010MEM,RS,MEM,2135.6,,53,78,-25
200712010MEM,RS,MEM,2135.6,,53,79,-26
200712010MEM,RS,MEM,2157.9,,55,79,-24
200712010MEM,RS,MEM,2185.0,,55,80,-25
200712010MEM,RS,MEM,2185.0,,55,81,-26
200712010MEM,RS,MEM,2209.0,,57,81,-24
200712010MEM,RS,MEM,2240.0,,57,84,-27
200712010MEM,RS,MEM,2283.0,,57,86,-29
200712010MEM,RS,MEM,2311.0,,57,87,-30
200712010MEM,RS,MEM,2369.0,,57,88,-31
200712010MEM,RS,MEM,2369.0,,57,89,-32
200712010MEM,RS,MEM,2382.0,,58,89,-31
200712010MEM,RS,MEM,2398.0,,59,89,-30
200712010MEM,RS,MEM,2398.0,,60,89,-29
200712010MEM,RS,MEM,2410.0,,60,92,-32
200712010MEM,RS,MEM,2430.0,,60,94,-34
200712010MEM,RS,MEM,2461.0,,60,95,-35
200712010MEM,RS,MEM,2493.0,,62,95,-33
200712010MEM,RS,MEM,2526.0,,64,95,-31
200712010MEM,RS,MEM,2539.0,,64,98,-34
200712010MEM,RS,MEM,2567.0,,64,101,-37
200712010MEM,RS,MEM,2593.0,,66,101,-35
200712010MEM,RS,MEM,2622.0,,67,101,-34
200712010MEM,RS,MEM,2633.0,,67,103,-36
200712010MEM,RS,MEM,2669.0,,69,103,-34
200712010MEM,RS,MEM,2683.0,,69,105,-36
200712010MEM,RS,MEM,2701.0,,71,105,-34
200712010MEM,RS,MEM,2716.0,,71,107,-36
200712010MEM,RS,MEM,2728.0,,72,107,-35
200712010MEM,RS,MEM,2728.0,,73,107,-34
200712010MEM,RS,MEM,2748.0,,75,107,-32
200712010MEM,RS,MEM,2776.0,,78,107,-29
200712010MEM,RS,MEM,2794.0,,78,109,-31
200712010MEM,RS,MEM,2854.1,F,80,109,-29
200712010MEM,RS,MEM,2880.0,,80,109,-29
200712040MIN,RS,LAL,0.0,,0,0,0
200712040MIN,RS,LAL,130.0,,0,2,-2
200712040MIN,RS,LAL,156.0,,0,4,-4
200712040MIN,RS,LAL,171.0,,3,4,-1
200712040MIN,RS,LAL,184.0,,3,7,-4
200712040MIN,RS,LAL,223.0,,4,7,-3
200712040MIN,RS,LAL,240.0,,4,9,-5
200712040MIN,RS,LAL,256.0,,6,9,-3
200712040MIN,RS,LAL,276.0,,8,9,-1
200712040MIN,RS,LAL,308.0,LC,10,9,1
200712040MIN,RS,LAL,325.0,LC,10,11,-1
200712040MIN,RS,LAL,352.0,,10,12,-2
200712040MIN,RS,LAL,352.0,,10,13,-3
200712040MIN,RS,LAL,376.0,,11,13,-2
200712040MIN,RS,LAL,393.0,T,13,13,0
200712040MIN,RS,LAL,419.0,,13,15,-2
200712040MIN,RS,LAL,468.0,,13,17,-4
200712040MIN,RS,LAL,529.0,,13,18,-5
200712040MIN,RS,LAL,554.0,,13,21,-8
200712040MIN,RS,LAL,567.0,,14,21,-7
200712040MIN,RS,LAL,581.0,,14,23,-9
200712040MIN,RS,LAL,613.0,,16,23,-7
200712040MIN,RS,LAL,622.0,,16,25,-9
200712040MIN,RS,LAL,622.0,,16,26,-10
200712040MIN,RS,LAL,640.0,,16,27,-11
200712040MIN,RS,LAL,649.0,,18,27,-9
200712040MIN,RS,LAL,669.6,,21,27,-6
200712040MIN,RS,LAL,680.9,,21,30,-9
200712040MIN,RS,LAL,687.6,,23,30,-7
200712040MIN,RS,LAL,716.8,,24,30,-6
200712040MIN,RS,LAL,744.0,,24,32,-8
200712040MIN,RS,LAL,757.0,,27,32,-5
200712040MIN,RS,LAL,811.0,,27,34,-7
200712040MIN,RS,LAL,825.0,,29,34,-5
200712040MIN,RS,LAL,835.0,,29,36,-7
200712040MIN,RS,LAL,835.0,,29,37,-8
200712040MIN,RS,LAL,859.0,,29,40,-11
200712040MIN,RS,LAL,921.0,,29,41,-12
200712040MIN,RS,LAL,938.0,,30,41,-11
200712040MIN,RS,LAL,938.0,,31,41,-10
200712040MIN,RS,LAL,968.0,,33,41,-8
200712040MIN,RS,LAL,985.0,,33,43,-10
200712040MIN,RS,LAL,1009.0,,35,43,-8
200712040MIN,RS,LAL,1031.0,,35,46,-11
200712040MIN,RS,LAL,1052.0,,35,48,-13
200712040MIN,RS,LAL,1074.0,,36,48,-12
200712040MIN,RS,LAL,1095.0,,37,48,-11
200712040MIN,RS,LAL,1211.0,,38,48,-10
200712040MIN,RS,LAL,1233.0,,38,50,-12
200712040MIN,RS,LAL,1259.0,,38,51,-13
200712040MIN,RS,LAL,1259.0,,38,52,-14
200712040MIN,RS,LAL,1280.0,,40,52,-12
200712040MIN,RS,LAL,1304.0,,40,54,-14
200712040MIN,RS,LAL,1327.0,,42,54,-12
200712040MIN,RS,LAL,1353.0,,42,56,-14
200712040MIN,RS,LAL,1392.7,,44,56,-12
200712040MIN,RS,LAL,1403.0,,44,58,-14
200712040MIN,RS,LAL,1412.1,,44,60,-16
200712040MIN,RS,LAL,1432.9,,45,60,-15
200712040MIN,RS,LAL,1432.9,,46,60,-14
200712040MIN,RS,LAL,1438.2,,46,62,-16
200712040MIN,RS,LAL,1451.0,,46,64,-18
200712040MIN,RS,LAL,1509.0,,48,64,-16
200712040MIN,RS,LAL,1539.0,,50,64,-14
200712040MIN,RS,LAL,1604.0,,50,65,-15
200712040MIN,RS,LAL,1618.0,,51,65,-14
200712040MIN,RS,LAL,1655.0,,53,65,-12
200712040MIN,RS,LAL,1684.0,,53,67,-14
200712040MIN,RS,LAL,1777.0,,53,68,-15
200712040MIN,RS,LAL,1777.0,,53,69,-16
200712040MIN,RS,LAL,1794.0,,55,69,-14
200712040MIN,RS,LAL,1806.0,,55,71,-16
200712040MIN,RS,LAL,1838.0,,55,74,-19
200712040MIN,RS,LAL,1859.0,,57,74,-17
200712040MIN,RS,LAL,1870.0,,57,76,-19
200712040MIN,RS,LAL,1913.0,,57,78,-21
200712040MIN,RS,LAL,1936.0,,59,78,-19
200712040MIN,RS,LAL,1999.0,,59,80,-21
200712040MIN,RS,LAL,2014.0,,60,80,-20
200712040MIN,RS,LAL,2014.0,,61,80,-19
200712040MIN,RS,LAL,2029.0,,61,83,-22
200712040MIN,RS,LAL,2048.0,,63,83,-20
200712040MIN,RS,LAL,2071.0,,63,85,-22
200712040MIN,RS,LAL,2071.0,,63,86,-23
200712040MIN,RS,LAL,2084.0,,65,86,-21
200712040MIN,RS,LAL,2158.8,,68,86,-18
200712040MIN,RS,LAL,2184.0,,68,88,-20
200712040MIN,RS,LAL,2201.0,,70,88,-18
200712040MIN,RS,LAL,2236.0,,72,88,-16
200712040MIN,RS,LAL,2248.0,,72,90,-18
200712040MIN,RS,LAL,2268.0,,73,90,-17
200712040MIN,RS,LAL,2288.0,,73,92,-19
200712040MIN,RS,LAL,2314.0,,73,95,-22
200712040MIN,RS,LAL,2348.0,,73,98,-25
200712040MIN,RS,LAL,2365.0,,75,98,-23
200712040MIN,RS,LAL,2386.0,,76,98,-22
200712040MIN,RS,LAL,2421.0,,77,98,-21
200712040MIN,RS,LAL,2421.0,,78,98,-20
200712040MIN,RS,LAL,2431.0,,78,99,-21
200712040MIN,RS,LAL,2431.0,,78,100,-22
200712040MIN,RS,LAL,2462.0,,78,103,-25
200712040MIN,RS,LAL,2490.0,,78,105,-27
200712040MIN,RS,LAL,2526.0,,80,105,-25
200712040MIN,RS,LAL,2565.0,,82,105,-23
200712040MIN,RS,LAL,2581.0,,82,106,-24
200712040MIN,RS,LAL,2581.0,,82,107,-25
200712040MIN,RS,LAL,2593.0,,84,107,-23
200712040MIN,RS,LAL,2620.0,,84,109,-25
200712040MIN,RS,LAL,2633.0,,86,109,-23
200712040MIN,RS,LAL,2654.0,,86,111,-25
200712040MIN,RS,LAL,2695.0,,89,111,-22
200712040MIN,RS,LAL,2710.0,,89,112,-23
200712040MIN,RS,LAL,2753.0,,89,114,-25
200712040MIN,RS,LAL,2783.0,,91,114,-23
200712040MIN,RS,LAL,2810.0,,93,114,-21
200712040MIN,RS,LAL,2827.5,,93,116,-23
200712040MIN,RS,LAL,2840.5,F,95,116,-21
200712040MIN,RS,LAL,2880.0,,95,116,-21
200712060ATL,RS,ATL,0.0,,0,0,0
200712060ATL,RS,ATL,40.0,,0,2,-2
200712060ATL,RS,ATL,72.0,,0,4,-4
200712060ATL,RS,ATL,103.0,,2,4,-2
200712060ATL,RS,ATL,111.0,,2,6,-4
200712060ATL,RS,ATL,207.0,,5,6,-1
200712060ATL,RS,ATL,223.0,,5,7,-2
200712060ATL,RS,ATL,223.0,,5,8,-3
200712060ATL,RS,ATL,270.0,,5,10,-5
200712060ATL,RS,ATL,282.0,,5,12,-7
200712060ATL,RS,ATL,340.0,,5,14,-9
200712060ATL,RS,ATL,340.0,,5,15,-10
200712060ATL,RS,ATL,369.0,,5,17,-12
200712060ATL,RS,ATL,388.0,,7,17,-10
200712060ATL,RS,ATL,396.0,,7,19,-12
200712060ATL,RS,ATL,500.0,,7,21,-14
200712060ATL,RS,ATL,524.0,,7,22,-15
200712060ATL,RS,ATL,569.0,,7,24,-17
200712060ATL,RS,ATL,626.0,,7,25,-18
200712060ATL,RS,ATL,626.0,,7,26,-19
200712060ATL,RS,ATL,640.0,,9,26,-17
200712060ATL,RS,ATL,674.1,,10,26,-16
200712060ATL,RS,ATL,674.1,,11,26,-15
200712060ATL,RS,ATL,683.1,,11,28,-17
200712060ATL,RS,ATL,683.1,,11,29,-18
200712060ATL,RS,ATL,689.1,,12,29,-17
200712060ATL,RS,ATL,689.1,,13,29,-16
200712060ATL,RS,ATL,716.1,,15,29,-14
200712060ATL,RS,ATL,733.0,,17,29,-12
200712060ATL,RS,ATL,776.0,,17,31,-14
200712060ATL,RS,ATL,797.0,,19,31,-12
200712060ATL,RS,ATL,820.0,,21,31,-10
200712060ATL,RS,ATL,832.0,,21,33,-12
200712060ATL,RS,ATL,858.0,,23,33,-10
200712060ATL,RS,ATL,908.0,,23,35,-12
200712060ATL,RS,ATL,921.0,,26,35,-9
200712060ATL,RS,ATL,938.0,,26,37,-11
200712060ATL,RS,ATL,964.0,,29,37,-8
200712060ATL,RS,ATL,1048.0,,29,39,-10
200712060ATL,RS,ATL,1069.0,,29,40,-11
200712060ATL,RS,ATL,1069.0,,29,41,-12
200712060ATL,RS,ATL,1088.0,,30,41,-11
200712060ATL,RS,ATL,1088.0,,31,41,-10
200712060ATL,RS,ATL,1099.0,,31,42,-11
200712060ATL,RS,ATL,1124.0,,31,44,-13
200712060ATL,RS,ATL,1124.0,,31,45,-14
200712060ATL,RS,ATL,1139.0,,33,45,-12
200712060ATL,RS,ATL,1167.0,,33,46,-13
200712060ATL,RS,ATL,1177.0,,34,46,-12
200712060ATL,RS,ATL,1189.0,,34,49,-15
200712060ATL,RS,ATL,1220.0,,34,50,-16
200712060ATL,RS,ATL,1220.0,,34,51,-17
200712060ATL,RS,ATL,1255.0,,36,51,-15
200712060ATL,RS,ATL,1270.0,,36,52,-16
200712060ATL,RS,ATL,1270.0,,36,53,-17
200712060ATL,RS,ATL,1293.0,,38,53,-15
200712060ATL,RS,ATL,1351.0,,40,53,-13
200712060ATL,RS,ATL,1460.0,,42,53,-11
200712060ATL,RS,ATL,1501.0,,44,53,-9
200712060ATL,RS,ATL,1535.0,,46,53,-7
200712060ATL,RS,ATL,1594.0,,49,53,-4
200712060ATL,RS,ATL,1614.0,,49,55,-6
200712060ATL,RS,ATL,1667.0,,49,57,-8
200712060ATL,RS,ATL,1717.0,,51,57,-6
200712060ATL,RS,ATL,1790.0,,53,57,-4
200712060ATL,RS,ATL,1824.0,,55,57,-2
200712060ATL,RS,ATL,1854.0,,55,58,-3
200712060ATL,RS,ATL,1854.0,,55,59,-4
200712060ATL,RS,ATL,1873.0,,57,59,-2
200712060ATL,RS,ATL,1930.0,,57,61,-4
200712060ATL,RS,ATL,1989.0,,59,61,-2
200712060ATL,RS,ATL,2025.0,T,61,61,0
200712060ATL,RS,ATL,2055.0,LC,63,61,2
200712060ATL,RS,ATL,2085.0,,65,61,4
200712060ATL,RS,ATL,2118.2,,67,61,6
200712060ATL,RS,ATL,2196.0,,69,61,8
200712060ATL,RS,ATL,2212.0,,69,63,6
200712060ATL,RS,ATL,2266.0,,69,65,4
200712060ATL,RS,ATL,2319.0,,69,66,3
200712060ATL,RS,ATL,2319.0,,69,67,2
200712060ATL,RS,ATL,2346.0,,69,68,1
200712060ATL,RS,ATL,2346.0,T,69,69,0
200712060ATL,RS,ATL,2367.0,,71,69,2
200712060ATL,RS,ATL,2396.0,,73,69,4
200712060ATL,RS,ATL,2396.0,,74,69,5
200712060ATL,RS,ATL,2409.0,,74,70,4
200712060ATL,RS,ATL,2409.0,,74,71,3
200712060ATL,RS,ATL,2441.0,,74,73,1
200712060ATL,RS,ATL,2454.0,,76,73,3
200712060ATL,RS,ATL,2480.0,,76,75,1
200712060ATL,RS,ATL,2509.0,,78,75,3
200712060ATL,RS,ATL,2521.0,,78,77,1
200712060ATL,RS,ATL,2562.0,T,78,78,0
200712060ATL,RS,ATL,2617.0,LC,78,79,-1
200712060ATL,RS,ATL,2617.0,,78,80,-2
200712060ATL,RS,ATL,2668.0,,78,82,-4
200712060ATL,RS,ATL,2687.0,,80,82,-2
200712060ATL,RS,ATL,2713.0,,80,83,-3
200712060ATL,RS,ATL,2734.0,,81,83,-2
200712060ATL,RS,ATL,2734.0,,82,83,-1
200712060ATL,RS,ATL,2784.0,T,83,83,0
200712060ATL,RS,ATL,2797.0,,83,85,-2
200712060ATL,RS,ATL,2820.1,T,85,85,0
200712060ATL,RS,ATL,2833.1,,85,86,-1
200712060ATL,RS,ATL,2859.1,LC,87,86,1
200712060ATL,RS,ATL,2872.1,LC,87,88,-1
200712060ATL,RS,ATL,2877.2,LC,89,88,1
200712060ATL,RS,ATL,2879.1,F,89,90,-1
200712060ATL,RS,ATL,2880.0,,89,90,-1
200712080MIN,RS,PHO,0.0,,0,0,0
200712080MIN,RS,PHO,20.0,,2,0,2
200712080MIN,RS,PHO,47.0,,4,0,4
200712080MIN,RS,PHO,58.0,,4,2,2
200712080MIN,RS,PHO,75.0,,6,2,4
200712080MIN,RS,PHO,87.0,,6,4,2
200712080MIN,RS,PHO,114.0,T,6,6,0
200712080MIN,RS,PHO,169.0,LC,6,8,-2
200712080MIN,RS,PHO,188.0,T,8,8,0
200712080MIN,RS,PHO,196.0,,8,10,-2
200712080MIN,RS,PHO,210.0,T,10,10,0
200712080MIN,RS,PHO,246.0,,10,12,-2
200712080MIN,RS,PHO,310.0,T,12,12,0
200712080MIN,RS,PHO,324.0,LC,13,12,1
200712080MIN,RS,PHO,324.0,,14,12,2
200712080MIN,RS,PHO,363.0,,16,12,4
200712080MIN,RS,PHO,374.0,,16,14,2
200712080MIN,RS,PHO,399.0,T,16,16,0
200712080MIN,RS,PHO,459.0,,17,16,1
200712080MIN,RS,PHO,459.0,,18,16,2
200712080MIN,RS,PHO,472.0,T,18,18,0
200712080MIN,RS,PHO,490.0,,20,18,2
200712080MIN,RS,PHO,498.0,T,20,20,0
200712080MIN,RS,PHO,536.0,,22,20,2
200712080MIN,RS,PHO,548.0,T,22,22,0
200712080MIN,RS,PHO,569.0,,24,22,2
200712080MIN,RS,PHO,580.0,T,24,24,0
200712080MIN,RS,PHO,593.0,,26,24,2
200712080MIN,RS,PHO,611.0,LC,26,27,-1
200712080MIN,RS,PHO,630.0,T,27,27,0
200712080MIN,RS,PHO,630.0,LC,28,27,1
200712080MIN,RS,PHO,645.0,LC,28,30,-2
200712080MIN,RS,PHO,691.9,,28,32,-4
200712080MIN,RS,PHO,775.0,,30,32,-2
200712080MIN,RS,PHO,806.0,T,32,32,0
200712080MIN,RS,PHO,806.0,LC,33,32,1
200712080MIN,RS,PHO,842.0,,35,32,3
200712080MIN,RS,PHO,855.0,T,35,35,0
200712080MIN,RS,PHO,878.0,,37,35,2
200712080MIN,RS,PHO,891.0,LC,37,38,-1
200712080MIN,RS,PHO,906.0,LC,39,38,1
200712080MIN,RS,PHO,942.0,,41,38,3
200712080MIN,RS,PHO,1000.0,,41,40,1
200712080MIN,RS,PHO,1037.0,LC,41,42,-1
200712080MIN,RS,PHO,1063.0,,41,43,-2
200712080MIN,RS,PHO,1120.0,,41,45,-4
200712080MIN,RS,PHO,1139.0,,43,45,-2
200712080MIN,RS,PHO,1152.0,,43,47,-4
200712080MIN,RS,PHO,1194.0,,43,49,-6
200712080MIN,RS,PHO,1210.0,,45,49,-4
200712080MIN,RS,PHO,1230.0,,47,49,-2
200712080MIN,RS,PHO,1247.0,,47,51,-4
200712080MIN,RS,PHO,1302.0,,49,51,-2
200712080MIN,RS,PHO,1313.0,,49,53,-4
200712080MIN,RS,PHO,1326.0,,51,53,-2
200712080MIN,RS,PHO,1361.0,T,53,53,0
200712080MIN,RS,PHO,1375.0,LC,55,53,2
200712080MIN,RS,PHO,1413.8,T,55,55,0
200712080MIN,RS,PHO,1413.8,LC,55,56,-1
200712080MIN,RS,PHO,1473.0,,55,58,-3
200712080MIN,RS,PHO,1473.0,,55,59,-4
200712080MIN,RS,PHO,1513.0,,55,61,-6
200712080MIN,RS,PHO,1539.0,,58,61,-3
200712080MIN,RS,PHO,1561.0,,60,61,-1
200712080MIN,RS,PHO,1561.0,T,61,61,0
200712080MIN,RS,PHO,1613.0,,61,63,-2
200712080MIN,RS,PHO,1635.0,T,63,63,0
200712080MIN,RS,PHO,1660.0,,63,65,-2
200712080MIN,RS,PHO,1671.0,LC,66,65,1
200712080MIN,RS,PHO,1682.0,LC,66,67,-1
200712080MIN,RS,PHO,1697.0,LC,68,67,1
200712080MIN,RS,PHO,1710.0,LC,68,69,-1
200712080MIN,RS,PHO,1733.0,LC,70,69,1
200712080MIN,RS,PHO,1752.0,,72,69,3
200712080MIN,RS,PHO,1767.0,,72,70,2
200712080MIN,RS,PHO,1767.0,,72,71,1
200712080MIN,RS,PHO,1778.0,,73,71,2
200712080MIN,RS,PHO,1826.0,T,73,73,0
200712080MIN,RS,PHO,1854.0,LC,73,76,-3
200712080MIN,RS,PHO,1887.0,,75,76,-1
200712080MIN,RS,PHO,1914.0,LC,77,76,1
200712080MIN,RS,PHO,1997.0,LC,77,78,-1
200712080MIN,RS,PHO,1997.0,,77,79,-2
200712080MIN,RS,PHO,2012.0,,78,79,-1
200712080MIN,RS,PHO,2012.0,T,79,79,0
200712080MIN,RS,PHO,2040.0,LC,82,79,3
200712080MIN,RS,PHO,2050.0,,82,80,2
200712080MIN,RS,PHO,2064.0,,85,80,5
200712080MIN,RS,PHO,2103.8,,86,80,6
200712080MIN,RS,PHO,2140.5,,87,80,7
200712080MIN,RS,PHO,2201.0,,88,80,8
200712080MIN,RS,PHO,2201.0,,89,80,9
200712080MIN,RS,PHO,2275.0,,89,81,8
200712080MIN,RS,PHO,2295.0,,91,81,10
200712080MIN,RS,PHO,2331.0,,91,84,7
200712080MIN,RS,PHO,2374.0,,91,87,4
200712080MIN,RS,PHO,2430.0,,93,87,6
200712080MIN,RS,PHO,2464.0,,93,89,4
200712080MIN,RS,PHO,2677.0,,95,89,6
200712080MIN,RS,PHO,2703.0,,97,89,8
200712080MIN,RS,PHO,2828.0,,97,91,6
200712080MIN,RS,PHO,2833.3,,99,91,8
200712080MIN,RS,PHO,2867.5,,99,92,7
200712080MIN,RS,PHO,2867.5,,99,93,6
200712080MIN,RS,PHO,2868.3,F,100,93,7
200712080MIN,RS,PHO,2880.0,,100,93,7
200712110WAS,RS,WAS,0.0,,0,0,0
200712110WAS,RS,WAS,46.0,,0,2,-2
200712110WAS,RS,WAS,71.0,T,2,2,0
200712110WAS,RS,WAS,103.0,,2,4,-2
200712110WAS,RS,WAS,118.0,T,4,4,0
200712110WAS,RS,WAS,151.0,LC,5,4,1
200712110WAS,RS,WAS,151.0,,6,4,2
200712110WAS,RS,WAS,209.0,LC,6,7,-1
200712110WAS,RS,WAS,241.0,,6,9,-3
200712110WAS,RS,WAS,284.0,T,9,9,0
200712110WAS,RS,WAS,338.0,,9,10,-1
200712110WAS,RS,WAS,338.0,,9,11,-2
200712110WAS,RS,WAS,366.0,,9,13,-4
200712110WAS,RS,WAS,387.0,,11,13,-2
200712110WAS,RS,WAS,405.0,,11,16,-5
200712110WAS,RS,WAS,419.0,,11,18,-7
200712110WAS,RS,WAS,434.0,,13,18,-5
200712110WAS,RS,WAS,460.0,,13,21,-8
200712110WAS,RS,WAS,477.0,,15,21,-6
200712110WAS,RS,WAS,515.0,,17,21,-4
200712110WAS,RS,WAS,576.0,,19,21,-2
200712110WAS,RS,WAS,576.0,,20,21,-1
200712110WAS,RS,WAS,590.0,,20,23,-3
200712110WAS,RS,WAS,603.0,,22,23,-1
200712110WAS,RS,WAS,624.0,,22,25,-3
200712110WAS,RS,WAS,649.0,,22,26,-4
200712110WAS,RS,WAS,665.1,,24,26,-2
200712110WAS,RS,WAS,694.0,T,26,26,0
200712110WAS,RS,WAS,840.0,LC,28,26,2
200712110WAS,RS,WAS,856.0,LC,28,29,-1
200712110WAS,RS,WAS,894.0,,28,31,-3
200712110WAS,RS,WAS,929.0,,29,31,-2
200712110WAS,RS,WAS,948.0,,29,34,-5
200712110WAS,RS,WAS,995.0,,30,34,-4
200712110WAS,RS,WAS,995.0,,31,34,-3
200712110WAS,RS,WAS,1006.0,,31,35,-4
200712110WAS,RS,WAS,1006.0,,31,36,-5
200712110WAS,RS,WAS,1024.0,,33,36,-3
200712110WAS,RS,WAS,1060.0,,33,38,-5
200712110WAS,RS,WAS,1060.0,,33,39,-6
200712110WAS,RS,WAS,1093.0,,33,41,-8
200712110WAS,RS,WAS,1107.0,,36,41,-5
200712110WAS,RS,WAS,1154.0,,36,44,-8
200712110WAS,RS,WAS,1177.0,,38,44,-6
200712110WAS,RS,WAS,1200.0,,38,46,-8
200712110WAS,RS,WAS,1242.0,,39,46,-7
200712110WAS,RS,WAS,1242.0,,40,46,-6
200712110WAS,RS,WAS,1270.0,,40,48,-8
200712110WAS,RS,WAS,1305.0,,42,48,-6
200712110WAS,RS,WAS,1322.0,,42,50,-8
200712110WAS,RS,WAS,1341.0,,44,50,-6
200712110WAS,RS,WAS,1361.0,,44,52,-8
200712110WAS,RS,WAS,1374.0,,46,52,-6
200712110WAS,RS,WAS,1393.5,,46,54,-8
200712110WAS,RS,WAS,1408.2,,46,56,-10
200712110WAS,RS,WAS,1517.0,,46,57,-11
200712110WAS,RS,WAS,1526.0,,46,59,-13
200712110WAS,RS,WAS,1571.0,,46,62,-16
200712110WAS,RS,WAS,1604.0,,46,63,-17
200712110WAS,RS,WAS,1604.0,,46,64,-18
200712110WAS,RS,WAS,1645.0,,46,66,-20
200712110WAS,RS,WAS,1723.0,,48,66,-18
200712110WAS,RS,WAS,1723.0,,49,66,-17
200712110WAS,RS,WAS,1752.0,,51,66,-15
200712110WAS,RS,WAS,1795.0,,53,66,-13
200712110WAS,RS,WAS,1819.0,,53,69,-16
200712110WAS,RS,WAS,1850.0,,55,69,-14
200712110WAS,RS,WAS,1868.0,,55,71,-16
200712110WAS,RS,WAS,1886.0,,58,71,-13
200712110WAS,RS,WAS,1898.0,,58,73,-15
200712110WAS,RS,WAS,1934.0,,60,73,-13
200712110WAS,RS,WAS,1957.0,,60,75,-15
200712110WAS,RS,WAS,1980.0,,62,75,-13
200712110WAS,RS,WAS,1980.0,,63,75,-12
200712110WAS,RS,WAS,1997.0,,63,77,-14
200712110WAS,RS,WAS,2023.0,,63,79,-16
200712110WAS,RS,WAS,2036.0,,63,80,-17
200712110WAS,RS,WAS,2036.0,,63,81,-18
200712110WAS,RS,WAS,2056.0,,65,81,-16
200712110WAS,RS,WAS,2056.0,,66,81,-15
200712110WAS,RS,WAS,2081.0,,69,81,-12
200712110WAS,RS,WAS,2146.5,,69,83,-14
200712110WAS,RS,WAS,2176.0,,71,83,-12
200712110WAS,RS,WAS,2215.0,,73,83,-10
200712110WAS,RS,WAS,2296.0,,73,85,-12
200712110WAS,RS,WAS,2317.0,,75,85,-10
200712110WAS,RS,WAS,2348.0,,77,85,-8
200712110WAS,RS,WAS,2374.0,,78,85,-7
200712110WAS,RS,WAS,2374.0,,79,85,-6
200712110WAS,RS,WAS,2433.0,,79,87,-8
200712110WAS,RS,WAS,2465.0,,79,89,-10
200712110WAS,RS,WAS,2465.0,,79,90,-11
200712110WAS,RS,WAS,2529.0,,79,92,-13
200712110WAS,RS,WAS,2556.0,,80,92,-12
200712110WAS,RS,WAS,2556.0,,81,92,-11
200712110WAS,RS,WAS,2591.0,,83,92,-9
200712110WAS,RS,WAS,2613.0,,83,93,-10
200712110WAS,RS,WAS,2657.0,,83,95,-12
200712110WAS,RS,WAS,2668.0,,84,95,-11
200712110WAS,RS,WAS,2690.0,,84,98,-14
200712110WAS,RS,WAS,2716.0,,86,98,-12
200712110WAS,RS,WAS,2810.0,,87,98,-11
200712110WAS,RS,WAS,2810.0,,88,98,-10
200712110WAS,RS,WAS,2832.1,,88,100,-12
200712110WAS,RS,WAS,2867.7,,88,101,-13
200712110WAS,RS,WAS,2867.7,F,88,102,-14
200712110WAS,RS,WAS,2880.0,,88,102,-14
200712120PHI,RS,PHI,0.0,,0,0,0
200712120PHI,RS,PHI,12.0,,0,2,-2
200712120PHI,RS,PHI,12.0,,0,3,-3
200712120PHI,RS,PHI,32.0,,2,3,-1
200712120PHI,RS,PHI,86.0,LC,4,3,1
200712120PHI,RS,PHI,118.0,LC,4,5,-1
200712120PHI,RS,PHI,128.0,LC,6,5,1
200712120PHI,RS,PHI,163.0,LC,6,7,-1
200712120PHI,RS,PHI,270.0,,6,8,-2
200712120PHI,RS,PHI,314.0,T,8,8,0
200712120PHI,RS,PHI,364.0,,8,11,-3
200712120PHI,RS,PHI,392.0,,10,11,-1
200712120PHI,RS,PHI,420.0,,10,13,-3
200712120PHI,RS,PHI,461.0,,10,16,-6
200712120PHI,RS,PHI,470.0,,10,17,-7
200712120PHI,RS,PHI,470.0,,10,18,-8
200712120PHI,RS,PHI,497.0,,10,20,-10
200712120PHI,RS,PHI,539.0,,12,20,-8
200712120PHI,RS,PHI,574.0,,12,22,-10
200712120PHI,RS,PHI,611.0,,12,23,-11
200712120PHI,RS,PHI,611.0,,12,24,-12
200712120PHI,RS,PHI,625.0,,14,24,-10
200712120PHI,RS,PHI,651.0,,14,26,-12
200712120PHI,RS,PHI,665.1,,17,26,-9
200712120PHI,RS,PHI,686.4,,18,26,-8
200712120PHI,RS,PHI,686.4,,19,26,-7
200712120PHI,RS,PHI,706.1,,19,28,-9
200712120PHI,RS,PHI,718.1,,21,28,-7
200712120PHI,RS,PHI,737.0,,23,28,-5
200712120PHI,RS,PHI,796.0,,23,30,-7
200712120PHI,RS,PHI,812.0,,26,30,-4
200712120PHI,RS,PHI,835.0,,26,32,-6
200712120PHI,RS,PHI,866.0,,29,32,-3
200712120PHI,RS,PHI,888.0,,29,35,-6
200712120PHI,RS,PHI,900.0,,31,35,-4
200712120PHI,RS,PHI,933.0,,33,35,-2
200712120PHI,RS,PHI,1016.0,,33,37,-4
200712120PHI,RS,PHI,1036.0,,35,37,-2
200712120PHI,RS,PHI,1089.0,,35,38,-3
200712120PHI,RS,PHI,1089.0,,35,39,-4
200712120PHI,RS,PHI,1122.0,,35,40,-5
200712120PHI,RS,PHI,1122.0,,35,41,-6
200712120PHI,RS,PHI,1174.0,,35,44,-9
200712120PHI,RS,PHI,1236.0,,35,46,-11
200712120PHI,RS,PHI,1267.0,,37,46,-9
200712120PHI,RS,PHI,1302.0,,39,46,-7
200712120PHI,RS,PHI,1349.0,,39,48,-9
200712120PHI,RS,PHI,1374.0,,41,48,-7
200712120PHI,RS,PHI,1392.1,,41,51,-10
200712120PHI,RS,PHI,1398.9,,42,51,-9
200712120PHI,RS,PHI,1398.9,,43,51,-8
200712120PHI,RS,PHI,1438.0,,45,51,-6
200712120PHI,RS,PHI,1458.0,,47,51,-4
200712120PHI,RS,PHI,1477.0,,47,52,-5
200712120PHI,RS,PHI,1477.0,,47,53,-6
200712120PHI,RS,PHI,1500.0,,49,53,-4
200712120PHI,RS,PHI,1521.0,,49,54,-5
200712120PHI,RS,PHI,1521.0,,49,55,-6
200712120PHI,RS,PHI,1535.0,,51,55,-4
200712120PHI,RS,PHI,1566.0,,53,55,-2
200712120PHI,RS,PHI,1581.0,,53,57,-4
200712120PHI,RS,PHI,1600.0,,54,57,-3
200712120PHI,RS,PHI,1609.0,,54,58,-4
200712120PHI,RS,PHI,1632.0,,56,58,-2
200712120PHI,RS,PHI,1663.0,,56,60,-4
200712120PHI,RS,PHI,1679.0,,58,60,-2
200712120PHI,RS,PHI,1770.0,,58,62,-4
200712120PHI,RS,PHI,1791.0,,58,64,-6
200712120PHI,RS,PHI,1821.0,,60,64,-4
200712120PHI,RS,PHI,1838.0,,60,66,-6
200712120PHI,RS,PHI,1850.0,,61,66,-5
200712120PHI,RS,PHI,1850.0,,62,66,-4
200712120PHI,RS,PHI,1874.0,,62,67,-5
200712120PHI,RS,PHI,1889.0,,63,67,-4
200712120PHI,RS,PHI,1889.0,,64,67,-3
200712120PHI,RS,PHI,1907.0,,64,69,-5
200712120PHI,RS,PHI,1939.0,,66,69,-3
200712120PHI,RS,PHI,1952.0,,66,70,-4
200712120PHI,RS,PHI,1952.0,,66,71,-5
200712120PHI,RS,PHI,1969.0,,66,73,-7
200712120PHI,RS,PHI,2023.0,,68,73,-5
200712120PHI,RS,PHI,2060.0,,69,73,-4
200712120PHI,RS,PHI,2060.0,,70,73,-3
200712120PHI,RS,PHI,2060.0,,71,73,-2
200712120PHI,RS,PHI,2085.0,T,73,73,0
200712120PHI,RS,PHI,2106.1,,73,75,-2
200712120PHI,RS,PHI,2123.1,,73,77,-4
200712120PHI,RS,PHI,2140.1,,73,79,-6
200712120PHI,RS,PHI,2154.2,,74,79,-5
200712120PHI,RS,PHI,2172.0,,74,80,-6
200712120PHI,RS,PHI,2214.0,,74,81,-7
200712120PHI,RS,PHI,2214.0,,74,82,-8
200712120PHI,RS,PHI,2257.0,,77,82,-5
200712120PHI,RS,PHI,2330.0,,79,82,-3
200712120PHI,RS,PHI,2398.0,,79,84,-5
200712120PHI,RS,PHI,2416.0,,82,84,-2
200712120PHI,RS,PHI,2459.0,,82,86,-4
200712120PHI,RS,PHI,2483.0,,84,86,-2
200712120PHI,RS,PHI,2516.0,T,86,86,0
200712120PHI,RS,PHI,2552.0,LC,89,86,3
200712120PHI,RS,PHI,2574.0,,89,87,2
200712120PHI,RS,PHI,2574.0,,89,88,1
200712120PHI,RS,PHI,2631.0,LC,89,90,-1
200712120PHI,RS,PHI,2654.0,T,90,90,0
200712120PHI,RS,PHI,2671.0,,90,92,-2
200712120PHI,RS,PHI,2738.0,,91,92,-1
200712120PHI,RS,PHI,2754.0,,91,94,-3
200712120PHI,RS,PHI,2778.0,,93,94,-1
200712120PHI,RS,PHI,2796.0,,93,96,-3
200712120PHI,RS,PHI,2820.0,,94,96,-2
200712120PHI,RS,PHI,2874.1,,94,97,-3
200712120PHI,RS,PHI,2874.1,F,94,98,-4
200712120PHI,RS,PHI,2880.0,,94,98,-4
200712140MIN,RS,SEA,0.0,,0,0,0
200712140MIN,RS,SEA,30.0,,0,2,-2
200712140MIN,RS,SEA,87.0,T,2,2,0
200712140MIN,RS,SEA,106.0,,2,4,-2
200712140MIN,RS,SEA,124.0,T,4,4,0
200712140MIN,RS,SEA,147.0,LC,5,4,1
200712140MIN,RS,SEA,147.0,,6,4,2
200712140MIN,RS,SEA,238.0,,8,4,4
200712140MIN,RS,SEA,292.0,,11,4,7
200712140MIN,RS,SEA,343.0,,11,6,5
200712140MIN,RS,SEA,353.0,,13,6,7
200712140MIN,RS,SEA,356.0,,15,6,9
200712140MIN,RS,SEA,371.0,,15,8,7
200712140MIN,RS,SEA,472.0,,16,8,8
200712140MIN,RS,SEA,505.0,,16,9,7
200712140MIN,RS,SEA,525.0,,16,11,5
200712140MIN,RS,SEA,547.0,,18,11,7
200712140MIN,RS,SEA,598.0,,20,11,9
200712140MIN,RS,SEA,615.0,,22,11,11
200712140MIN,RS,SEA,641.0,,24,11,13
200712140MIN,RS,SEA,685.7,,26,11,15
200712140MIN,RS,SEA,734.0,,26,13,13
200712140MIN,RS,SEA,759.0,,26,15,11
200712140MIN,RS,SEA,759.0,,26,16,10
200712140MIN,RS,SEA,784.0,,28,16,12
200712140MIN,RS,SEA,809.0,,28,18,10
200712140MIN,RS,SEA,873.0,,28,20,8
200712140MIN,RS,SEA,890.0,,30,20,10
200712140MIN,RS,SEA,896.0,,30,22,8
200712140MIN,RS,SEA,918.0,,30,24,6
200712140MIN,RS,SEA,941.0,,30,25,5
200712140MIN,RS,SEA,941.0,,30,26,4
200712140MIN,RS,SEA,991.0,,30,28,2
200712140MIN,RS,SEA,1018.0,T,30,30,0
200712140MIN,RS,SEA,1049.0,,33,30,3
200712140MIN,RS,SEA,1106.0,T,33,33,0
200712140MIN,RS,SEA,1119.0,,34,33,1
200712140MIN,RS,SEA,1119.0,,35,33,2
200712140MIN,RS,SEA,1159.0,T,35,35,0
200712140MIN,RS,SEA,1192.0,LC,35,37,-2
200712140MIN,RS,SEA,1218.0,,35,39,-4
200712140MIN,RS,SEA,1243.0,,37,39,-2
200712140MIN,RS,SEA,1263.0,T,39,39,0
200712140MIN,RS,SEA,1284.0,,39,41,-2
200712140MIN,RS,SEA,1306.0,T,41,41,0
200712140MIN,RS,SEA,1327.0,LC,42,41,1
200712140MIN,RS,SEA,1353.0,,44,41,3
200712140MIN,RS,SEA,1407.4,,46,41,5
200712140MIN,RS,SEA,1430.4,,46,43,3
200712140MIN,RS,SEA,1479.0,,48,43,5
200712140MIN,RS,SEA,1507.0,,48,45,3
200712140MIN,RS,SEA,1520.0,,49,45,4
200712140MIN,RS,SEA,1520.0,,50,45,5
200712140MIN,RS,SEA,1536.0,,50,47,3
200712140MIN,RS,SEA,1562.0,,50,49,1
200712140MIN,RS,SEA,1584.0,LC,50,51,-1
200712140MIN,RS,SEA,1607.0,,50,53,-3
200712140MIN,RS,SEA,1666.0,,52,53,-1
200712140MIN,RS,SEA,1685.0,,52,54,-2
200712140MIN,RS,SEA,1685.0,,52,55,-3
200712140MIN,RS,SEA,1710.0,,52,57,-5
200712140MIN,RS,SEA,1758.0,,52,59,-7
200712140MIN,RS,SEA,1779.0,,52,60,-8
200712140MIN,RS,SEA,1779.0,,52,61,-9
200712140MIN,RS,SEA,1808.0,,52,63,-11
200712140MIN,RS,SEA,1827.0,,53,63,-10
200712140MIN,RS,SEA,1852.0,,53,65,-12
200712140MIN,RS,SEA,1879.0,,55,65,-10
200712140MIN,RS,SEA,1885.0,,55,67,-12
200712140MIN,RS,SEA,1928.0,,55,69,-14
200712140MIN,RS,SEA,1945.0,,57,69,-12
200712140MIN,RS,SEA,1962.0,,57,70,-13
200712140MIN,RS,SEA,1962.0,,57,71,-14
200712140MIN,RS,SEA,1972.0,,59,71,-12
200712140MIN,RS,SEA,2003.0,,60,71,-11
200712140MIN,RS,SEA,2039.0,,61,71,-10
200712140MIN,RS,SEA,2061.0,,61,72,-11
200712140MIN,RS,SEA,2061.0,,61,73,-12
200712140MIN,RS,SEA,2091.0,,62,73,-11
200712140MIN,RS,SEA,2091.0,,63,73,-10
200712140MIN,RS,SEA,2112.9,,64,73,-9
200712140MIN,RS,SEA,2112.9,,65,73,-8
200712140MIN,RS,SEA,2126.0,,65,75,-10
200712140MIN,RS,SEA,2201.0,,65,77,-12
200712140MIN,RS,SEA,2217.0,,68,77,-9
200712140MIN,RS,SEA,2241.0,,70,77,-7
200712140MIN,RS,SEA,2269.0,,72,77,-5
200712140MIN,RS,SEA,2291.0,,72,79,-7
200712140MIN,RS,SEA,2291.0,,72,80,-8
200712140MIN,RS,SEA,2309.0,,74,80,-6
200712140MIN,RS,SEA,2402.0,,74,81,-7
200712140MIN,RS,SEA,2402.0,,74,82,-8
200712140MIN,RS,SEA,2420.0,,76,82,-6
200712140MIN,RS,SEA,2438.0,,76,83,-7
200712140MIN,RS,SEA,2440.0,,76,85,-9
200712140MIN,RS,SEA,2462.0,,76,86,-10
200712140MIN,RS,SEA,2462.0,,76,87,-11
200712140MIN,RS,SEA,2473.0,,78,87,-9
200712140MIN,RS,SEA,2485.0,,78,89,-11
200712140MIN,RS,SEA,2497.0,,79,89,-10
200712140MIN,RS,SEA,2497.0,,80,89,-9
200712140MIN,RS,SEA,2525.0,,80,91,-11
200712140MIN,RS,SEA,2598.0,,80,93,-13
200712140MIN,RS,SEA,2643.0,,80,95,-15
200712140MIN,RS,SEA,2652.0,,81,95,-14
200712140MIN,RS,SEA,2689.0,,83,95,-12
200712140MIN,RS,SEA,2764.0,,85,95,-10
200712140MIN,RS,SEA,2800.0,,85,97,-12
200712140MIN,RS,SEA,2805.0,,88,97,-9
200712140MIN,RS,SEA,2832.2,F,88,99,-11
200712140MIN,RS,SEA,2880.0,,88,99,-11
200712150MIL,RS,MIL,0.0,,0,0,0
200712150MIL,RS,MIL,17.0,,0,2,-2
200712150MIL,RS,MIL,34.0,T,2,2,0
200712150MIL,RS,MIL,53.0,,2,4,-2
200712150MIL,RS,MIL,77.0,T,4,4,0
200712150MIL,RS,MIL,147.0,LC,6,4,2
200712150MIL,RS,MIL,174.0,,6,5,1
200712150MIL,RS,MIL,174.0,T,6,6,0
200712150MIL,RS,MIL,201.0,LC,6,8,-2
200712150MIL,RS,MIL,223.0,T,8,8,0
200712150MIL,RS,MIL,246.0,,8,11,-3
200712150MIL,RS,MIL,283.0,,10,11,-1
200712150MIL,RS,MIL,334.0,,10,14,-4
200712150MIL,RS,MIL,361.0,,10,16,-6
200712150MIL,RS,MIL,397.0,,10,17,-7
200712150MIL,RS,MIL,397.0,,10,18,-8
200712150MIL,RS,MIL,411.0,,12,18,-6
200712150MIL,RS,MIL,518.0,,12,20,-8
200712150MIL,RS,MIL,536.0,,13,20,-7
200712150MIL,RS,MIL,548.0,,15,20,-5
200712150MIL,RS,MIL,568.0,,15,22,-7
200712150MIL,RS,MIL,599.0,,17,22,-5
200712150MIL,RS,MIL,660.0,,19,22,-3
200712150MIL,RS,MIL,823.0,,19,23,-4
200712150MIL,RS,MIL,823.0,,19,24,-5
200712150MIL,RS,MIL,841.0,,20,24,-4
200712150MIL,RS,MIL,841.0,,21,24,-3
200712150MIL,RS,MIL,854.0,,21,26,-5
200712150MIL,RS,MIL,953.0,,23,26,-3
200712150MIL,RS,MIL,998.0,,25,26,-1
200712150MIL,RS,MIL,1021.0,,25,29,-4
200712150MIL,RS,MIL,1050.0,,27,29,-2
200712150MIL,RS,MIL,1093.0,T,29,29,0
200712150MIL,RS,MIL,1114.0,,29,31,-2
200712150MIL,RS,MIL,1130.0,T,31,31,0
200712150MIL,RS,MIL,1144.0,,31,32,-1
200712150MIL,RS,MIL,1165.0,LC,33,32,1
200712150MIL,RS,MIL,1188.0,,35,32,3
200712150MIL,RS,MIL,1188.0,,36,32,4
200712150MIL,RS,MIL,1241.0,,36,34,2
200712150MIL,RS,MIL,1270.0,,36,35,1
200712150MIL,RS,MIL,1270.0,T,36,36,0
200712150MIL,RS,MIL,1304.0,LC,36,37,-1
200712150MIL,RS,MIL,1304.0,,36,38,-2
200712150MIL,RS,MIL,1348.0,,36,40,-4
200712150MIL,RS,MIL,1355.0,,38,40,-2
200712150MIL,RS,MIL,1386.6,T,40,40,0
200712150MIL,RS,MIL,1427.9,LC,42,40,2
200712150MIL,RS,MIL,1483.0,T,42,42,0
200712150MIL,RS,MIL,1507.0,,44,42,2
200712150MIL,RS,MIL,1558.0,LC,44,45,-1
200712150MIL,RS,MIL,1590.0,,44,47,-3
200712150MIL,RS,MIL,1628.0,,44,49,-5
200712150MIL,RS,MIL,1671.0,,44,51,-7
200712150MIL,RS,MIL,1711.0,,46,51,-5
200712150MIL,RS,MIL,1732.0,,46,53,-7
200712150MIL,RS,MIL,1821.0,,48,53,-5
200712150MIL,RS,MIL,1833.0,,48,55,-7
200712150MIL,RS,MIL,1852.0,,49,55,-6
200712150MIL,RS,MIL,1887.0,,49,56,-7
200712150MIL,RS,MIL,1900.0,,50,56,-6
200712150MIL,RS,MIL,1900.0,,51,56,-5
200712150MIL,RS,MIL,1942.0,,53,56,-3
200712150MIL,RS,MIL,1958.0,,53,59,-6
200712150MIL,RS,MIL,1982.0,,53,61,-8
200712150MIL,RS,MIL,2052.0,,55,61,-6
200712150MIL,RS,MIL,2073.0,,55,62,-7
200712150MIL,RS,MIL,2073.0,,55,63,-8
200712150MIL,RS,MIL,2093.0,,57,63,-6
200712150MIL,RS,MIL,2138.8,,58,63,-5
200712150MIL,RS,MIL,2156.5,,58,66,-8
200712150MIL,RS,MIL,2204.0,,58,68,-10
200712150MIL,RS,MIL,2259.0,,60,68,-8
200712150MIL,RS,MIL,2278.0,,60,70,-10
200712150MIL,RS,MIL,2296.0,,62,70,-8
200712150MIL,RS,MIL,2344.0,,62,71,-9
200712150MIL,RS,MIL,2344.0,,62,72,-10
200712150MIL,RS,MIL,2364.0,,64,72,-8
200712150MIL,RS,MIL,2415.0,,66,72,-6
200712150MIL,RS,MIL,2466.0,,66,74,-8
200712150MIL,RS,MIL,2557.0,,66,77,-11
200712150MIL,RS,MIL,2576.0,,68,77,-9
200712150MIL,RS,MIL,2605.0,,68,80,-12
200712150MIL,RS,MIL,2615.0,,71,80,-9
200712150MIL,RS,MIL,2644.0,,74,80,-6
200712150MIL,RS,MIL,2651.0,,74,82,-8
200712150MIL,RS,MIL,2681.0,,74,84,-10
200712150MIL,RS,MIL,2699.0,,76,84,-8
200712150MIL,RS,MIL,2760.0,,79,84,-5
200712150MIL,RS,MIL,2779.0,,81,84,-3
200712150MIL,RS,MIL,2779.0,,82,84,-2
200712150MIL,RS,MIL,2797.0,,82,86,-4
200712150MIL,RS,MIL,2837.6,,83,86,-3
200712150MIL,RS,MIL,2837.6,,84,86,-2
200712150MIL,RS,MIL,2849.7,,84,89,-5
200712150MIL,RS,MIL,2864.4,,84,91,-7
200712150MIL,RS,MIL,2869.2,,87,91,-4
200712150MIL,RS,MIL,2870.4,,87,92,-5
200712150MIL,RS,MIL,2870.4,,87,93,-6
200712150MIL,RS,MIL,2873.2,,89,93,-4
200712150MIL,RS,MIL,2874.7,,89,94,-5
200712150MIL,RS,MIL,2874.7,,89,95,-6
200712150MIL,RS,MIL,2878.8,F,92,95,-3
200712150MIL,RS,MIL,2880.0,,92,95,-3
200712170MIA,RS,MIA,0.0,,0,0,0
200712170MIA,RS,MIA,20.0,,0,2,-2
200712170MIA,RS,MIA,55.0,,0,3,-3
200712170MIA,RS,MIA,71.0,,2,3,-1
200712170MIA,RS,MIA,71.0,T,3,3,0
200712170MIA,RS,MIA,143.0,,3,5,-2
200712170MIA,RS,MIA,184.0,T,5,5,0
200712170MIA,RS,MIA,197.0,,5,8,-3
200712170MIA,RS,MIA,236.0,,6,8,-2
200712170MIA,RS,MIA,273.0,T,8,8,0
200712170MIA,RS,MIA,292.0,LC,10,8,2
200712170MIA,RS,MIA,344.0,,10,9,1
200712170MIA,RS,MIA,344.0,T,10,10,0
200712170MIA,RS,MIA,360.0,LC,10,12,-2
200712170MIA,RS,MIA,384.0,,10,14,-4
200712170MIA,RS,MIA,427.0,,10,15,-5
200712170MIA,RS,MIA,427.0,,10,16,-6
200712170MIA,RS,MIA,444.0,,12,16,-4
200712170MIA,RS,MIA,456.0,,12,19,-7
200712170MIA,RS,MIA,492.0,,12,20,-8
200712170MIA,RS,MIA,545.0,,14,20,-6
200712170MIA,RS,MIA,564.0,,14,22,-8
200712170MIA,RS,MIA,584.0,,17,22,-5
200712170MIA,RS,MIA,595.0,,17,23,-6
200712170MIA,RS,MIA,623.0,,19,23,-4
200712170MIA,RS,MIA,642.0,,22,23,-1
200712170MIA,RS,MIA,660.0,,22,25,-3
200712170MIA,RS,MIA,685.6,,22,27,-5
200712170MIA,RS,MIA,693.5,,24,27,-3
200712170MIA,RS,MIA,739.0,,26,27,-1
200712170MIA,RS,MIA,758.0,,26,29,-3
200712170MIA,RS,MIA,836.0,,27,29,-2
200712170MIA,RS,MIA,836.0,,28,29,-1
200712170MIA,RS,MIA,881.0,,28,31,-3
200712170MIA,RS,MIA,898.0,,30,31,-1
200712170MIA,RS,MIA,1016.0,LC,32,31,1
200712170MIA,RS,MIA,1032.0,LC,32,33,-1
200712170MIA,RS,MIA,1046.0,LC,34,33,1
200712170MIA,RS,MIA,1130.0,,37,33,4
200712170MIA,RS,MIA,1173.0,,37,35,2
200712170MIA,RS,MIA,1198.0,,39,35,4
200712170MIA,RS,MIA,1216.0,,39,37,2
200712170MIA,RS,MIA,1231.0,,41,37,4
200712170MIA,RS,MIA,1305.0,,43,37,6
200712170MIA,RS,MIA,1324.0,,43,39,4
200712170MIA,RS,MIA,1338.0,,45,39,6
200712170MIA,RS,MIA,1338.0,,46,39,7
200712170MIA,RS,MIA,1355.0,,46,41,5
200712170MIA,RS,MIA,1366.0,,47,41,6
200712170MIA,RS,MIA,1482.0,,47,42,5
200712170MIA,RS,MIA,1482.0,,47,43,4
200712170MIA,RS,MIA,1537.0,,47,45,2
200712170MIA,RS,MIA,1549.0,,49,45,4
200712170MIA,RS,MIA,1589.0,,49,46,3
200712170MIA,RS,MIA,1607.0,,51,46,5
200712170MIA,RS,MIA,1627.0,,51,48,3
200712170MIA,RS,MIA,1756.0,,53,48,5
200712170MIA,RS,MIA,1776.0,,53,50,3
200712170MIA,RS,MIA,1810.0,,53,52,1
200712170MIA,RS,MIA,1895.0,,55,52,3
200712170MIA,RS,MIA,1895.0,,56,52,4
200712170MIA,RS,MIA,1954.0,,57,52,5
200712170MIA,RS,MIA,1954.0,,58,52,6
200712170MIA,RS,MIA,1987.0,,58,53,5
200712170MIA,RS,MIA,1987.0,,58,54,4
200712170MIA,RS,MIA,2025.0,,59,54,5
200712170MIA,RS,MIA,2042.0,,59,55,4
200712170MIA,RS,MIA,2042.0,,59,56,3
200712170MIA,RS,MIA,2056.0,,61,56,5
200712170MIA,RS,MIA,2056.0,,62,56,6
200712170MIA,RS,MIA,2108.8,,62,57,5
200712170MIA,RS,MIA,2108.8,,62,58,4
200712170MIA,RS,MIA,2120.3,,64,58,6
200712170MIA,RS,MIA,2134.6,,64,60,4
200712170MIA,RS,MIA,2173.0,,64,62,2
200712170MIA,RS,MIA,2196.0,T,64,64,0
200712170MIA,RS,MIA,2307.0,LC,64,65,-1
200712170MIA,RS,MIA,2321.0,T,65,65,0
200712170MIA,RS,MIA,2321.0,LC,66,65,1
200712170MIA,RS,MIA,2341.0,T,66,66,0
200712170MIA,RS,MIA,2356.0,,68,66,2
200712170MIA,RS,MIA,2371.0,T,68,68,0
200712170MIA,RS,MIA,2384.0,,70,68,2
200712170MIA,RS,MIA,2451.0,,72,68,4
200712170MIA,RS,MIA,2507.0,,72,70,2
200712170MIA,RS,MIA,2526.0,,72,71,1
200712170MIA,RS,MIA,2526.0,T,72,72,0
200712170MIA,RS,MIA,2540.0,,73,72,1
200712170MIA,RS,MIA,2554.0,LC,73,74,-1
200712170MIA,RS,MIA,2577.0,,73,75,-2
200712170MIA,RS,MIA,2577.0,,73,76,-3
200712170MIA,RS,MIA,2606.0,,73,77,-4
200712170MIA,RS,MIA,2624.0,,75,77,-2
200712170MIA,RS,MIA,2624.0,,76,77,-1
200712170MIA,RS,MIA,2643.0,,76,79,-3
200712170MIA,RS,MIA,2677.0,,76,81,-5
200712170MIA,RS,MIA,2693.0,,77,81,-4
200712170MIA,RS,MIA,2693.0,,78,81,-3
200712170MIA,RS,MIA,2731.0,,78,82,-4
200712170MIA,RS,MIA,2731.0,,78,83,-5
200712170MIA,RS,MIA,2743.0,,80,83,-3
200712170MIA,RS,MIA,2763.0,,82,83,-1
200712170MIA,RS,MIA,2771.0,,82,84,-2
200712170MIA,RS,MIA,2771.0,,82,85,-3
200712170MIA,RS,MIA,2785.0,,82,86,-4
200712170MIA,RS,MIA,2804.0,,85,86,-1
200712170MIA,RS,MIA,2820.3,,85,88,-3
200712170MIA,RS,MIA,2865.6,,85,89,-4
200712170MIA,RS,MIA,2869.5,,87,89,-2
200712170MIA,RS,MIA,2869.7,,87,90,-3
200712170MIA,RS,MIA,2869.7,F,87,91,-4
200712170MIA,RS,MIA,2880.0,,87,91,-4
200712190MIN,RS,GSW,0.0,,0,0,0
200712190MIN,RS,GSW,61.0,,3,0,3
200712190MIN,RS,GSW,81.0,,3,2,1
200712190MIN,RS,GSW,101.0,,5,2,3
200712190MIN,RS,GSW,113.0,,5,4,1
200712190MIN,RS,GSW,129.0,,7,4,3
200712190MIN,RS,GSW,159.0,,10,4,6
200712190MIN,RS,GSW,175.0,,10,6,4
200712190MIN,RS,GSW,199.0,,10,9,1
200712190MIN,RS,GSW,218.0,,12,9,3
200712190MIN,RS,GSW,238.0,,13,9,4
200712190MIN,RS,GSW,238.0,,14,9,5
200712190MIN,RS,GSW,257.0,,16,9,7
200712190MIN,RS,GSW,262.0,,16,11,5
200712190MIN,RS,GSW,291.0,,16,13,3
200712190MIN,RS,GSW,309.0,,18,13,5
200712190MIN,RS,GSW,319.0,,18,14,4
200712190MIN,RS,GSW,319.0,,18,15,3
200712190MIN,RS,GSW,343.0,,18,17,1
200712190MIN,RS,GSW,393.0,LC,18,19,-1
200712190MIN,RS,GSW,434.0,LC,20,19,1
200712190MIN,RS,GSW,458.0,LC,20,21,-1
200712190MIN,RS,GSW,501.0,T,21,21,0
200712190MIN,RS,GSW,501.0,LC,22,21,1
200712190MIN,RS,GSW,538.0,,24,21,3
200712190MIN,RS,GSW,555.0,,24,22,2
200712190MIN,RS,GSW,569.0,T,24,24,0
200712190MIN,RS,GSW,611.0,,26,24,2
200712190MIN,RS,GSW,711.9,,29,24,5
200712190MIN,RS,GSW,718.8,,29,25,4
200712190MIN,RS,GSW,718.8,,29,26,3
200712190MIN,RS,GSW,748.0,,31,26,5
200712190MIN,RS,GSW,786.0,,31,28,3
200712190MIN,RS,GSW,805.0,,33,28,5
200712190MIN,RS,GSW,827.0,,33,29,4
200712190MIN,RS,GSW,847.0,,33,32,1
200712190MIN,RS,GSW,864.0,,35,32,3
200712190MIN,RS,GSW,864.0,,36,32,4
200712190MIN,RS,GSW,886.0,,39,32,7
200712190MIN,RS,GSW,968.0,,42,32,10
200712190MIN,RS,GSW,979.0,,42,34,8
200712190MIN,RS,GSW,996.0,,43,34,9
200712190MIN,RS,GSW,996.0,,44,34,10
200712190MIN,RS,GSW,1028.0,,46,34,12
200712190MIN,RS,GSW,1049.0,,46,37,9
200712190MIN,RS,GSW,1061.0,,47,37,10
200712190MIN,RS,GSW,1061.0,,48,37,11
200712190MIN,RS,GSW,1075.0,,48,40,8
200712190MIN,RS,GSW,1164.0,,50,40,10
200712190MIN,RS,GSW,1188.0,,52,40,12
200712190MIN,RS,GSW,1207.0,,52,42,10
200712190MIN,RS,GSW,1242.0,,54,42,12
200712190MIN,RS,GSW,1257.0,,54,44,10
200712190MIN,RS,GSW,1276.0,,56,44,12
200712190MIN,RS,GSW,1300.0,,58,44,14
200712190MIN,RS,GSW,1305.0,,58,45,13
200712190MIN,RS,GSW,1305.0,,58,46,12
200712190MIN,RS,GSW,1329.0,,58,47,11
200712190MIN,RS,GSW,1329.0,,58,48,10
200712190MIN,RS,GSW,1344.0,,60,48,12
200712190MIN,RS,GSW,1368.0,,60,51,9
200712190MIN,RS,GSW,1431.9,,62,51,11
200712190MIN,RS,GSW,1439.4,,62,54,8
200712190MIN,RS,GSW,1459.0,,62,56,6
200712190MIN,RS,GSW,1521.0,,64,56,8
200712190MIN,RS,GSW,1537.0,,64,58,6
200712190MIN,RS,GSW,1557.0,,64,61,3
200712190MIN,RS,GSW,1592.0,,65,61,4
200712190MIN,RS,GSW,1592.0,,66,61,5
200712190MIN,RS,GSW,1616.0,,68,61,7
200712190MIN,RS,GSW,1628.0,,68,63,5
200712190MIN,RS,GSW,1667.0,,68,65,3
200712190MIN,RS,GSW,1688.0,,68,67,1
200712190MIN,RS,GSW,1772.0,LC,68,69,-1
200712190MIN,RS,GSW,1805.0,,68,71,-3
200712190MIN,RS,GSW,1837.0,,68,72,-4
200712190MIN,RS,GSW,1863.0,,68,74,-6
200712190MIN,RS,GSW,1876.0,,70,74,-4
200712190MIN,RS,GSW,1891.0,,70,76,-6
200712190MIN,RS,GSW,1908.0,,72,76,-4
200712190MIN,RS,GSW,1924.0,,72,77,-5
200712190MIN,RS,GSW,1924.0,,72,78,-6
200712190MIN,RS,GSW,1942.0,,75,78,-3
200712190MIN,RS,GSW,1966.0,,75,79,-4
200712190MIN,RS,GSW,1972.0,,75,82,-7
200712190MIN,RS,GSW,2018.0,,77,82,-5
200712190MIN,RS,GSW,2031.0,,77,84,-7
200712190MIN,RS,GSW,2068.0,,77,86,-9
200712190MIN,RS,GSW,2104.7,,77,88,-11
200712190MIN,RS,GSW,2121.4,,79,88,-9
200712190MIN,RS,GSW,2139.3,,79,91,-12
200712190MIN,RS,GSW,2210.0,,79,93,-14
200712190MIN,RS,GSW,2289.0,,79,94,-15
200712190MIN,RS,GSW,2289.0,,79,95,-16
200712190MIN,RS,GSW,2311.0,,81,95,-14
200712190MIN,RS,GSW,2374.0,,83,95,-12
200712190MIN,RS,GSW,2397.0,,83,96,-13
200712190MIN,RS,GSW,2452.0,,83,97,-14
200712190MIN,RS,GSW,2463.0,,85,97,-12
200712190MIN,RS,GSW,2463.0,,86,97,-11
200712190MIN,RS,GSW,2487.0,,88,97,-9
200712190MIN,RS,GSW,2532.0,,89,97,-8
200712190MIN,RS,GSW,2571.0,,89,99,-10
200712190MIN,RS,GSW,2588.0,,91,99,-8
200712190MIN,RS,GSW,2620.0,,91,101,-10
200712190MIN,RS,GSW,2689.0,,93,101,-8
200712190MIN,RS,GSW,2713.0,,93,104,-11
200712190MIN,RS,GSW,2745.0,,93,106,-13
200712190MIN,RS,GSW,2763.0,,96,106,-10
200712190MIN,RS,GSW,2797.0,,98,106,-8
200712190MIN,RS,GSW,2847.1,,98,108,-10
200712190MIN,RS,GSW,2877.4,F,98,111,-13
200712190MIN,RS,GSW,2880.0,,98,111,-13
200712210MIN,RS,IND,0.0,,0,0,0
200712210MIN,RS,IND,33.0,,2,0,2
200712210MIN,RS,IND,50.0,LC,2,3,-1
200712210MIN,RS,IND,94.0,LC,4,3,1
200712210MIN,RS,IND,111.0,LC,4,5,-1
200712210MIN,RS,IND,143.0,,4,6,-2
200712210MIN,RS,IND,143.0,,4,7,-3
200712210MIN,RS,IND,164.0,,4,9,-5
200712210MIN,RS,IND,201.0,,4,12,-8
200712210MIN,RS,IND,228.0,,4,14,-10
200712210MIN,RS,IND,268.0,,4,16,-12
200712210MIN,RS,IND,297.0,,4,18,-14
200712210MIN,RS,IND,328.0,,4,20,-16
200712210MIN,RS,IND,354.0,,6,20,-14
200712210MIN,RS,IND,360.0,,6,22,-16
200712210MIN,RS,IND,371.0,,8,22,-14
200712210MIN,RS,IND,392.0,,8,24,-16
200712210MIN,RS,IND,415.0,,8,27,-19
200712210MIN,RS,IND,440.0,,10,27,-17
200712210MIN,RS,IND,466.0,,12,27,-15
200712210MIN,RS,IND,484.0,,12,29,-17
200712210MIN,RS,IND,522.0,,12,30,-18
200712210MIN,RS,IND,522.0,,12,31,-19
200712210MIN,RS,IND,534.0,,14,31,-17
200712210MIN,RS,IND,547.0,,14,33,-19
200712210MIN,RS,IND,611.0,,15,33,-18
200712210MIN,RS,IND,640.0,,17,33,-16
200712210MIN,RS,IND,655.0,,17,35,-18
200712210MIN,RS,IND,681.0,,17,36,-19
200712210MIN,RS,IND,681.0,,17,37,-20
200712210MIN,RS,IND,690.4,,20,37,-17
200712210MIN,RS,IND,703.1,,20,40,-20
200712210MIN,RS,IND,761.0,,22,40,-18
200712210MIN,RS,IND,776.0,,22,43,-21
200712210MIN,RS,IND,795.0,,24,43,-19
200712210MIN,RS,IND,831.0,,24,45,-21
200712210MIN,RS,IND,851.0,,27,45,-18
200712210MIN,RS,IND,878.0,,30,45,-15
200712210MIN,RS,IND,908.0,,32,45,-13
200712210MIN,RS,IND,955.0,,34,45,-11
200712210MIN,RS,IND,991.0,,36,45,-9
200712210MIN,RS,IND,1049.0,,38,45,-7
200712210MIN,RS,IND,1059.0,,38,47,-9
200712210MIN,RS,IND,1074.0,,39,47,-8
200712210MIN,RS,IND,1074.0,,40,47,-7
200712210MIN,RS,IND,1087.0,,40,50,-10
200712210MIN,RS,IND,1105.0,,42,50,-8
200712210MIN,RS,IND,1118.0,,43,50,-7
200712210MIN,RS,IND,1118.0,,44,50,-6
200712210MIN,RS,IND,1134.0,,44,52,-8
200712210MIN,RS,IND,1152.0,,46,52,-6
200712210MIN,RS,IND,1207.0,,47,52,-5
200712210MIN,RS,IND,1207.0,,48,52,-4
200712210MIN,RS,IND,1239.0,,50,52,-2
200712210MIN,RS,IND,1336.0,T,52,52,0
200712210MIN,RS,IND,1367.0,LC,54,52,2
200712210MIN,RS,IND,1394.9,,57,52,5
200712210MIN,RS,IND,1403.5,,57,53,4
200712210MIN,RS,IND,1427.0,,60,53,7
200712210MIN,RS,IND,1439.1,,60,55,5
200712210MIN,RS,IND,1467.0,,62,55,7
200712210MIN,RS,IND,1475.0,,62,56,6
200712210MIN,RS,IND,1475.0,,62,57,5
200712210MIN,RS,IND,1552.0,,64,57,7
200712210MIN,RS,IND,1588.0,,64,59,5
200712210MIN,RS,IND,1630.0,,66,59,7
200712210MIN,RS,IND,1656.0,,66,60,6
200712210MIN,RS,IND,1656.0,,66,61,5
200712210MIN,RS,IND,1667.0,,68,61,7
200712210MIN,RS,IND,1699.0,,68,63,5
200712210MIN,RS,IND,1744.0,,71,63,8
200712210MIN,RS,IND,1750.0,,71,64,7
200712210MIN,RS,IND,1750.0,,71,65,6
200712210MIN,RS,IND,1761.0,,73,65,8
200712210MIN,RS,IND,1787.0,,75,65,10
200712210MIN,RS,IND,1807.0,,75,68,7
200712210MIN,RS,IND,1822.0,,77,68,9
200712210MIN,RS,IND,1839.0,,78,68,10
200712210MIN,RS,IND,1839.0,,79,68,11
200712210MIN,RS,IND,1864.0,,81,68,13
200712210MIN,RS,IND,1864.0,,82,68,14
200712210MIN,RS,IND,1893.0,,83,68,15
200712210MIN,RS,IND,1893.0,,84,68,16
200712210MIN,RS,IND,1905.0,,84,70,14
200712210MIN,RS,IND,1920.0,,87,70,17
200712210MIN,RS,IND,1930.0,,87,71,16
200712210MIN,RS,IND,1947.0,,87,73,14
200712210MIN,RS,IND,1980.0,,89,73,16
200712210MIN,RS,IND,1998.0,,89,74,15
200712210MIN,RS,IND,1998.0,,89,75,14
200712210MIN,RS,IND,2025.0,,89,76,13
200712210MIN,RS,IND,2025.0,,89,77,12
200712210MIN,RS,IND,2039.0,,92,77,15
200712210MIN,RS,IND,2053.0,,92,79,13
200712210MIN,RS,IND,2105.8,,93,79,14
200712210MIN,RS,IND,2105.8,,94,79,15
200712210MIN,RS,IND,2122.3,,94,82,12
200712210MIN,RS,IND,2148.6,,96,82,14
200712210MIN,RS,IND,2155.6,,96,85,11
200712210MIN,RS,IND,2182.0,,98,85,13
200712210MIN,RS,IND,2200.0,,100,85,15
200712210MIN,RS,IND,2228.0,,100,86,14
200712210MIN,RS,IND,2228.0,,100,87,13
200712210MIN,RS,IND,2245.0,,102,87,15
200712210MIN,RS,IND,2257.0,,102,90,12
200712210MIN,RS,IND,2297.0,,102,92,10
200712210MIN,RS,IND,2370.0,,104,92,12
200712210MIN,RS,IND,2383.0,,106,92,14
200712210MIN,RS,IND,2383.0,,107,92,15
200712210MIN,RS,IND,2395.0,,107,94,13
200712210MIN,RS,IND,2413.0,,110,94,16
200712210MIN,RS,IND,2445.0,,111,94,17
200712210MIN,RS,IND,2445.0,,112,94,18
200712210MIN,RS,IND,2453.0,,112,95,17
200712210MIN,RS,IND,2490.0,,112,97,15
200712210MIN,RS,IND,2538.0,,114,97,17
200712210MIN,RS,IND,2553.0,,114,100,14
200712210MIN,RS,IND,2576.0,,116,100,16
200712210MIN,RS,IND,2587.0,,116,102,14
200712210MIN,RS,IND,2644.0,,118,102,16
200712210MIN,RS,IND,2661.0,,118,104,14
200712210MIN,RS,IND,2677.0,,120,104,16
200712210MIN,RS,IND,2688.0,,122,104,18
200712210MIN,RS,IND,2697.0,,122,107,15
200712210MIN,RS,IND,2724.0,,122,110,12
200712210MIN,RS,IND,2744.0,,123,110,13
200712210MIN,RS,IND,2744.0,,124,110,14
200712210MIN,RS,IND,2760.0,,124,112,12
200712210MIN,RS,IND,2790.0,,124,113,11
200712210MIN,RS,IND,2790.0,,124,114,10
200712210MIN,RS,IND,2792.0,,125,114,11
200712210MIN,RS,IND,2792.0,,126,114,12
200712210MIN,RS,IND,2811.0,,127,114,13
200712210MIN,RS,IND,2824.2,,127,116,11
200712210MIN,RS,IND,2831.6,,128,116,12
200712210MIN,RS,IND,2831.6,,129,116,13
200712210MIN,RS,IND,2860.1,,131,116,15
200712210MIN,RS,IND,2867.3,F,131,118,13
200712210MIN,RS,IND,2880.0,,131,118,13
200712220NOH,RS,NOH,0.0,,0,0,0
200712220NOH,RS,NOH,30.0,,2,0,2
200712220NOH,RS,NOH,72.0,T,2,2,0
200712220NOH,RS,NOH,97.0,,5,2,3
200712220NOH,RS,NOH,137.0,,7,2,5
200712220NOH,RS,NOH,161.0,,7,4,3
200712220NOH,RS,NOH,183.0,,9,4,5
200712220NOH,RS,NOH,198.0,,9,6,3
200712220NOH,RS,NOH,219.0,,9,8,1
200712220NOH,RS,NOH,238.0,LC,9,10,-1
200712220NOH,RS,NOH,268.0,,9,13,-4
200712220NOH,RS,NOH,282.0,,12,13,-1
200712220NOH,RS,NOH,301.0,,12,15,-3
200712220NOH,RS,NOH,321.0,,14,15,-1
200712220NOH,RS,NOH,360.0,LC,16,15,1
200712220NOH,RS,NOH,384.0,LC,16,17,-1
200712220NOH,RS,NOH,402.0,LC,18,17,1
200712220NOH,RS,NOH,424.0,LC,18,19,-1
200712220NOH,RS,NOH,451.0,LC,20,19,1
200712220NOH,RS,NOH,496.0,LC,20,21,-1
200712220NOH,RS,NOH,557.0,,20,23,-3
200712220NOH,RS,NOH,593.0,,20,24,-4
200712220NOH,RS,NOH,607.0,,20,26,-6
200712220NOH,RS,NOH,645.0,,20,28,-8
200712220NOH,RS,NOH,663.8,,20,30,-10
200712220NOH,RS,NOH,736.0,,21,30,-9
200712220NOH,RS,NOH,748.0,,21,33,-12
200712220NOH,RS,NOH,806.0,,23,33,-10
200712220NOH,RS,NOH,857.0,,23,35,-12
200712220NOH,RS,NOH,958.0,,25,35,-10
200712220NOH,RS,NOH,1016.0,,28,35,-7
200712220NOH,RS,NOH,1036.0,,28,37,-9
200712220NOH,RS,NOH,1057.0,,31,37,-6
200712220NOH,RS,NOH,1085.0,,33,37,-4
200712220NOH,RS,NOH,1101.0,,33,40,-7
200712220NOH,RS,NOH,1183.0,,35,40,-5
200712220NOH,RS,NOH,1191.0,,35,43,-8
200712220NOH,RS,NOH,1232.0,,35,45,-10
200712220NOH,RS,NOH,1249.0,,37,45,-8
200712220NOH,RS,NOH,1265.0,,37,47,-10
200712220NOH,RS,NOH,1288.0,,37,49,-12
200712220NOH,RS,NOH,1288.0,,37,50,-13
200712220NOH,RS,NOH,1345.0,,37,51,-14
200712220NOH,RS,NOH,1361.0,,38,51,-13
200712220NOH,RS,NOH,1399.1,,38,52,-14
200712220NOH,RS,NOH,1399.1,,38,53,-15
200712220NOH,RS,NOH,1534.0,,38,55,-17
200712220NOH,RS,NOH,1582.0,,38,57,-19
200712220NOH,RS,NOH,1599.0,,39,57,-18
200712220NOH,RS,NOH,1614.0,,39,59,-20
200712220NOH,RS,NOH,1614.0,,39,60,-21
200712220NOH,RS,NOH,1667.0,,41,60,-19
200712220NOH,RS,NOH,1681.0,,41,61,-20
200712220NOH,RS,NOH,1681.0,,41,62,-21
200712220NOH,RS,NOH,1699.0,,43,62,-19
200712220NOH,RS,NOH,1733.0,,45,62,-17
200712220NOH,RS,NOH,1749.0,,45,63,-18
200712220NOH,RS,NOH,1749.0,,45,64,-19
200712220NOH,RS,NOH,1793.0,,45,65,-20
200712220NOH,RS,NOH,1793.0,,45,66,-21
200712220NOH,RS,NOH,1820.0,,47,66,-19
200712220NOH,RS,NOH,1827.0,,47,68,-21
200712220NOH,RS,NOH,1885.0,,47,70,-23
200712220NOH,RS,NOH,1962.0,,49,70,-21
200712220NOH,RS,NOH,2002.0,,50,70,-20
200712220NOH,RS,NOH,2022.0,,50,72,-22
200712220NOH,RS,NOH,2043.0,,50,74,-24
200712220NOH,RS,NOH,2062.0,,51,74,-23
200712220NOH,RS,NOH,2100.2,,51,76,-25
200712220NOH,RS,NOH,2100.2,,51,77,-26
200712220NOH,RS,NOH,2115.3,,53,77,-24
200712220NOH,RS,NOH,2122.4,,53,79,-26
200712220NOH,RS,NOH,2197.0,,53,81,-28
200712220NOH,RS,NOH,2229.0,,55,81,-26
200712220NOH,RS,NOH,2253.0,,56,81,-25
200712220NOH,RS,NOH,2262.0,,56,83,-27
200712220NOH,RS,NOH,2273.0,,58,83,-25
200712220NOH,RS,NOH,2273.0,,59,83,-24
200712220NOH,RS,NOH,2286.0,,59,85,-26
200712220NOH,RS,NOH,2329.0,,59,86,-27
200712220NOH,RS,NOH,2352.0,,62,86,-24
200712220NOH,RS,NOH,2374.0,,65,86,-21
200712220NOH,RS,NOH,2396.0,,65,88,-23
200712220NOH,RS,NOH,2417.0,,67,88,-21
200712220NOH,RS,NOH,2464.0,,67,90,-23
200712220NOH,RS,NOH,2491.0,,67,92,-25
200712220NOH,RS,NOH,2536.0,,67,94,-27
200712220NOH,RS,NOH,2596.0,,69,94,-25
200712220NOH,RS,NOH,2677.0,,69,95,-26
200712220NOH,RS,NOH,2677.0,,69,96,-27
200712220NOH,RS,NOH,2702.0,,69,97,-28
200712220NOH,RS,NOH,2702.0,,69,98,-29
200712220NOH,RS,NOH,2730.0,,71,98,-27
200712220NOH,RS,NOH,2751.0,,71,100,-29
200712220NOH,RS,NOH,2774.0,,71,102,-31
200712220NOH,RS,NOH,2787.0,,71,104,-33
200712220NOH,RS,NOH,2796.0,,73,104,-31
200712220NOH,RS,NOH,2823.4,,74,104,-30
200712220NOH,RS,NOH,2835.3,,74,106,-32
200712220NOH,RS,NOH,2850.9,,74,108,-34
200712220NOH,RS,NOH,2864.3,,74,110,-36
200712220NOH,RS,NOH,2871.2,F,76,110,-34
200712220NOH,RS,NOH,2880.0,,76,110,-34
200712260GSW,RS,GSW,0.0,,0,0,0
200712260GSW,RS,GSW,16.0,,0,3,-3
200712260GSW,RS,GSW,36.0,,2,3,-1
200712260GSW,RS,GSW,76.0,LC,4,3,1
200712260GSW,RS,GSW,94.0,LC,4,5,-1
200712260GSW,RS,GSW,128.0,,4,8,-4
200712260GSW,RS,GSW,189.0,,6,8,-2
200712260GSW,RS,GSW,215.0,T,8,8,0
200712260GSW,RS,GSW,246.0,,8,10,-2
200712260GSW,RS,GSW,270.0,,8,13,-5
200712260GSW,RS,GSW,318.0,,8,15,-7
200712260GSW,RS,GSW,337.0,,10,15,-5
200712260GSW,RS,GSW,371.0,,11,15,-4
200712260GSW,RS,GSW,371.0,,12,15,-3
200712260GSW,RS,GSW,382.0,,12,17,-5
200712260GSW,RS,GSW,401.0,,14,17,-3
200712260GSW,RS,GSW,440.0,,15,17,-2
200712260GSW,RS,GSW,440.0,,16,17,-1
200712260GSW,RS,GSW,452.0,,16,19,-3
200712260GSW,RS,GSW,471.0,,16,21,-5
200712260GSW,RS,GSW,498.0,,16,23,-7
200712260GSW,RS,GSW,498.0,,16,24,-8
200712260GSW,RS,GSW,546.0,,16,27,-11
200712260GSW,RS,GSW,569.0,,19,27,-8
200712260GSW,RS,GSW,610.0,,21,27,-6
200712260GSW,RS,GSW,658.0,,21,29,-8
200712260GSW,RS,GSW,686.1,,21,31,-10
200712260GSW,RS,GSW,715.6,,21,33,-12
200712260GSW,RS,GSW,719.8,,24,33,-9
200712260GSW,RS,GSW,781.0,,24,35,-11
200712260GSW,RS,GSW,853.0,,24,37,-13
200712260GSW,RS,GSW,871.0,,26,37,-11
200712260GSW,RS,GSW,893.0,,26,40,-14
200712260GSW,RS,GSW,915.0,,28,40,-12
200712260GSW,RS,GSW,928.0,,28,42,-14
200712260GSW,RS,GSW,967.0,,28,44,-16
200712260GSW,RS,GSW,1004.0,,28,46,-18
200712260GSW,RS,GSW,1040.0,,28,47,-19
200712260GSW,RS,GSW,1040.0,,28,48,-20
200712260GSW,RS,GSW,1077.0,,28,50,-22
200712260GSW,RS,GSW,1158.0,,30,50,-20
200712260GSW,RS,GSW,1190.0,,31,50,-19
200712260GSW,RS,GSW,1193.0,,32,50,-18
200712260GSW,RS,GSW,1225.0,,34,50,-16
200712260GSW,RS,GSW,1255.0,,35,50,-15
200712260GSW,RS,GSW,1255.0,,36,50,-14
200712260GSW,RS,GSW,1275.0,,37,50,-13
200712260GSW,RS,GSW,1328.0,,37,53,-16
200712260GSW,RS,GSW,1369.0,,39,53,-14
200712260GSW,RS,GSW,1393.4,,41,53,-12
200712260GSW,RS,GSW,1405.5,,41,56,-15
200712260GSW,RS,GSW,1420.1,,43,56,-13
200712260GSW,RS,GSW,1456.0,,44,56,-12
200712260GSW,RS,GSW,1476.0,,46,56,-10
200712260GSW,RS,GSW,1491.0,,46,58,-12
200712260GSW,RS,GSW,1514.0,,46,59,-13
200712260GSW,RS,GSW,1552.0,,47,59,-12
200712260GSW,RS,GSW,1552.0,,48,59,-11
200712260GSW,RS,GSW,1588.0,,48,61,-13
200712260GSW,RS,GSW,1606.0,,50,61,-11
200712260GSW,RS,GSW,1657.0,,50,63,-13
200712260GSW,RS,GSW,1719.0,,50,65,-15
200712260GSW,RS,GSW,1732.0,,52,65,-13
200712260GSW,RS,GSW,1749.0,,52,67,-15
200712260GSW,RS,GSW,1749.0,,52,68,-16
200712260GSW,RS,GSW,1769.0,,54,68,-14
200712260GSW,RS,GSW,1794.0,,54,71,-17
200712260GSW,RS,GSW,1804.0,,56,71,-15
200712260GSW,RS,GSW,1828.0,,56,73,-17
200712260GSW,RS,GSW,1837.0,,56,75,-19
200712260GSW,RS,GSW,1881.0,,58,75,-17
200712260GSW,RS,GSW,1908.0,,58,77,-19
200712260GSW,RS,GSW,1916.0,,59,77,-18
200712260GSW,RS,GSW,1954.0,,60,77,-17
200712260GSW,RS,GSW,1970.0,,60,78,-18
200712260GSW,RS,GSW,1982.0,,63,78,-15
200712260GSW,RS,GSW,1996.0,,63,79,-16
200712260GSW,RS,GSW,1996.0,,63,80,-17
200712260GSW,RS,GSW,2020.0,,64,80,-16
200712260GSW,RS,GSW,2047.0,,66,80,-14
200712260GSW,RS,GSW,2057.0,,66,81,-15
200712260GSW,RS,GSW,2057.0,,66,82,-16
200712260GSW,RS,GSW,2067.0,,67,82,-15
200712260GSW,RS,GSW,2080.0,,67,83,-16
200712260GSW,RS,GSW,2080.0,,67,84,-17
200712260GSW,RS,GSW,2095.0,,68,84,-16
200712260GSW,RS,GSW,2097.0,,69,84,-15
200712260GSW,RS,GSW,2097.0,,70,84,-14
200712260GSW,RS,GSW,2121.5,,72,84,-12
200712260GSW,RS,GSW,2125.5,,72,85,-13
200712260GSW,RS,GSW,2125.5,,72,86,-14
200712260GSW,RS,GSW,2134.9,,74,86,-12
200712260GSW,RS,GSW,2176.0,,74,88,-14
200712260GSW,RS,GSW,2203.0,,75,88,-13
200712260GSW,RS,GSW,2203.0,,76,88,-12
200712260GSW,RS,GSW,2232.0,,79,88,-9
200712260GSW,RS,GSW,2293.0,,79,90,-11
200712260GSW,RS,GSW,2324.0,,82,90,-8
200712260GSW,RS,GSW,2365.0,,82,91,-9
200712260GSW,RS,GSW,2393.0,,84,91,-7
200712260GSW,RS,GSW,2523.0,,84,93,-9
200712260GSW,RS,GSW,2537.0,,86,93,-7
200712260GSW,RS,GSW,2599.0,,86,95,-9
200712260GSW,RS,GSW,2618.0,,88,95,-7
200712260GSW,RS,GSW,2673.0,,88,97,-9
200712260GSW,RS,GSW,2673.0,,88,98,-10
200712260GSW,RS,GSW,2683.0,,91,98,-7
200712260GSW,RS,GSW,2704.0,,92,98,-6
200712260GSW,RS,GSW,2743.0,,94,98,-4
200712260GSW,RS,GSW,2816.0,,96,98,-2
200712260GSW,RS,GSW,2832.7,,96,100,-4
200712260GSW,RS,GSW,2858.1,,96,101,-5
200712260GSW,RS,GSW,2858.1,,96,102,-6
200712260GSW,RS,GSW,2866.6,,96,103,-7
200712260GSW,RS,GSW,2866.6,,96,104,-8
200712260GSW,RS,GSW,2873.9,,99,104,-5
200712260GSW,RS,GSW,2875.2,,99,105,-6
200712260GSW,RS,GSW,2878.6,,100,105,-5
200712260GSW,RS,GSW,2878.6,F,101,105,-4
200712260GSW,RS,GSW,2880.0,,101,105,-4
200712280POR,RS,POR,0.0,,0,0,0
200712280POR,RS,POR,23.0,,0,2,-2
200712280POR,RS,POR,150.0,T,2,2,0
200712280POR,RS,POR,168.0,,2,4,-2
200712280POR,RS,POR,201.0,,2,6,-4
200712280POR,RS,POR,216.0,,3,6,-3
200712280POR,RS,POR,216.0,,4,6,-2
200712280POR,RS,POR,242.0,,4,8,-4
200712280POR,RS,POR,258.0,,6,8,-2
200712280POR,RS,POR,283.0,T,8,8,0
200712280POR,RS,POR,312.0,,8,9,-1
200712280POR,RS,POR,359.0,,8,12,-4
200712280POR,RS,POR,374.0,,10,12,-2
200712280POR,RS,POR,394.0,,10,14,-4
200712280POR,RS,POR,429.0,,12,14,-2
200712280POR,RS,POR,480.0,,12,16,-4
200712280POR,RS,POR,516.0,,12,18,-6
200712280POR,RS,POR,539.0,,14,18,-4
200712280POR,RS,POR,549.0,,14,20,-6
200712280POR,RS,POR,591.0,,14,23,-9
200712280POR,RS,POR,609.0,,17,23,-6
200712280POR,RS,POR,670.4,,19,23,-4
200712280POR,RS,POR,692.1,,19,25,-6
200712280POR,RS,POR,739.0,,21,25,-4
200712280POR,RS,POR,759.0,,21,27,-6
200712280POR,RS,POR,773.0,,22,27,-5
200712280POR,RS,POR,813.0,,24,27,-3
200712280POR,RS,POR,826.0,,24,30,-6
200712280POR,RS,POR,846.0,,27,30,-3
200712280POR,RS,POR,867.0,,29,30,-1
200712280POR,RS,POR,903.0,LC,31,30,1
200712280POR,RS,POR,918.0,LC,31,33,-2
200712280POR,RS,POR,937.0,T,33,33,0
200712280POR,RS,POR,987.0,LC,35,33,2
200712280POR,RS,POR,1043.0,T,35,35,0
200712280POR,RS,POR,1058.0,,36,35,1
200712280POR,RS,POR,1095.0,T,36,36,0
200712280POR,RS,POR,1095.0,LC,36,37,-1
200712280POR,RS,POR,1108.0,LC,39,37,2
200712280POR,RS,POR,1151.0,T,39,39,0
200712280POR,RS,POR,1180.0,,42,39,3
200712280POR,RS,POR,1215.0,T,42,42,0
200712280POR,RS,POR,1253.0,LC,42,43,-1
200712280POR,RS,POR,1253.0,,42,44,-2
200712280POR,RS,POR,1267.0,T,44,44,0
200712280POR,RS,POR,1279.0,,44,46,-2
200712280POR,RS,POR,1297.0,,45,46,-1
200712280POR,RS,POR,1297.0,T,46,46,0
200712280POR,RS,POR,1320.0,,46,49,-3
200712280POR,RS,POR,1351.0,,46,51,-5
200712280POR,RS,POR,1374.0,,46,54,-8
200712280POR,RS,POR,1404.8,,46,55,-9
200712280POR,RS,POR,1465.0,,48,55,-7
200712280POR,RS,POR,1487.0,,48,57,-9
200712280POR,RS,POR,1506.0,,50,57,-7
200712280POR,RS,POR,1570.0,,52,57,-5
200712280POR,RS,POR,1589.0,,52,58,-6
200712280POR,RS,POR,1605.0,,54,58,-4
200712280POR,RS,POR,1646.0,,54,60,-6
200712280POR,RS,POR,1671.0,,56,60,-4
200712280POR,RS,POR,1701.0,,59,60,-1
200712280POR,RS,POR,1728.0,,59,62,-3
200712280POR,RS,POR,1822.0,,59,64,-5
200712280POR,RS,POR,1836.0,,61,64,-3
200712280POR,RS,POR,1904.0,,61,66,-5
200712280POR,RS,POR,1916.0,,62,66,-4
200712280POR,RS,POR,1916.0,,63,66,-3
200712280POR,RS,POR,1931.0,,63,68,-5
200712280POR,RS,POR,1963.0,,63,70,-7
200712280POR,RS,POR,1987.0,,65,70,-5
200712280POR,RS,POR,2048.0,,65,72,-7
200712280POR,RS,POR,2063.0,,67,72,-5
200712280POR,RS,POR,2085.0,,67,73,-6
200712280POR,RS,POR,2085.0,,67,74,-7
200712280POR,RS,POR,2100.0,,69,74,-5
200712280POR,RS,POR,2113.1,,69,76,-7
200712280POR,RS,POR,2137.0,,69,78,-9
200712280POR,RS,POR,2176.0,,69,80,-11
200712280POR,RS,POR,2176.0,,69,81,-12
200712280POR,RS,POR,2214.0,,69,83,-14
200712280POR,RS,POR,2248.0,,69,84,-15
200712280POR,RS,POR,2266.0,,69,86,-17
200712280POR,RS,POR,2266.0,,69,87,-18
200712280POR,RS,POR,2323.0,,72,87,-15
200712280POR,RS,POR,2373.0,,72,89,-17
200712280POR,RS,POR,2413.0,,74,89,-15
200712280POR,RS,POR,2462.0,,74,90,-16
200712280POR,RS,POR,2462.0,,74,91,-17
200712280POR,RS,POR,2492.0,,74,93,-19
200712280POR,RS,POR,2570.0,,76,93,-17
200712280POR,RS,POR,2609.0,,79,93,-14
200712280POR,RS,POR,2632.0,,82,93,-11
200712280POR,RS,POR,2708.0,,82,96,-14
200712280POR,RS,POR,2727.0,,84,96,-12
200712280POR,RS,POR,2757.0,,85,96,-11
200712280POR,RS,POR,2757.0,,86,96,-10
200712280POR,RS,POR,2771.0,,86,98,-12
200712280POR,RS,POR,2779.0,,89,98,-9
200712280POR,RS,POR,2802.0,,89,100,-11
200712280POR,RS,POR,2813.0,,91,100,-9
200712280POR,RS,POR,2824.1,,91,102,-11
200712280POR,RS,POR,2829.1,,93,102,-9
200712280POR,RS,POR,2833.5,,93,103,-10
200712280POR,RS,POR,2833.5,,93,104,-11
200712280POR,RS,POR,2837.9,,94,104,-10
200712280POR,RS,POR,2837.9,,95,104,-9
200712280POR,RS,POR,2838.7,,95,105,-10
200712280POR,RS,POR,2838.7,,95,106,-11
200712280POR,RS,POR,2844.1,,98,106,-8
200712280POR,RS,POR,2857.4,,98,107,-9
200712280POR,RS,POR,2857.4,,98,108,-10
200712280POR,RS,POR,2868.7,F,98,109,-11
200712280POR,RS,POR,2880.0,,98,109,-11
200712290SEA,RS,SEA,0.0,,0,0,0
200712290SEA,RS,SEA,16.0,,2,0,2
200712290SEA,RS,SEA,82.0,T,2,2,0
200712290SEA,RS,SEA,121.0,,3,2,1
200712290SEA,RS,SEA,121.0,,4,2,2
200712290SEA,RS,SEA,130.0,T,4,4,0
200712290SEA,RS,SEA,158.0,LC,4,6,-2
200712290SEA,RS,SEA,172.0,T,6,6,0
200712290SEA,RS,SEA,208.0,LC,8,6,2
200712290SEA,RS,SEA,221.0,T,8,8,0
200712290SEA,RS,SEA,245.0,,10,8,2
200712290SEA,RS,SEA,263.0,,10,9,1
200712290SEA,RS,SEA,263.0,T,10,10,0
200712290SEA,RS,SEA,290.0,,12,10,2
200712290SEA,RS,SEA,370.0,,12,11,1
200712290SEA,RS,SEA,379.0,,14,11,3
200712290SEA,RS,SEA,398.0,,14,13,1
200712290SEA,RS,SEA,416.0,LC,14,15,-1
200712290SEA,RS,SEA,433.0,LC,16,15,1
200712290SEA,RS,SEA,458.0,,18,15,3
200712290SEA,RS,SEA,491.0,,18,17,1
200712290SEA,RS,SEA,523.0,,20,17,3
200712290SEA,RS,SEA,543.0,,20,18,2
200712290SEA,RS,SEA,543.0,,20,19,1
200712290SEA,RS,SEA,589.0,,22,19,3
200712290SEA,RS,SEA,647.0,,24,19,5
200712290SEA,RS,SEA,666.4,,24,21,3
200712290SEA,RS,SEA,687.5,,27,21,6
200712290SEA,RS,SEA,719.0,,30,21,9
200712290SEA,RS,SEA,739.0,,30,23,7
200712290SEA,RS,SEA,816.0,,30,25,5
200712290SEA,RS,SEA,816.0,,30,26,4
200712290SEA,RS,SEA,859.0,,32,26,6
200712290SEA,RS,SEA,864.0,,32,28,4
200712290SEA,RS,SEA,915.0,,34,28,6
200712290SEA,RS,SEA,981.0,,34,31,3
200712290SEA,RS,SEA,997.0,,36,31,5
200712290SEA,RS,SEA,1005.0,,36,34,2
200712290SEA,RS,SEA,1029.0,,38,34,4
200712290SEA,RS,SEA,1042.0,,38,36,2
200712290SEA,RS,SEA,1079.0,,38,37,1
200712290SEA,RS,SEA,1101.0,,40,37,3
200712290SEA,RS,SEA,1108.0,T,40,40,0
200712290SEA,RS,SEA,1147.0,LC,40,42,-2
200712290SEA,RS,SEA,1191.0,,40,45,-5
200712290SEA,RS,SEA,1219.0,,40,47,-7
200712290SEA,RS,SEA,1238.0,,42,47,-5
200712290SEA,RS,SEA,1238.0,,43,47,-4
200712290SEA,RS,SEA,1247.0,,43,49,-6
200712290SEA,RS,SEA,1273.0,,43,51,-8
200712290SEA,RS,SEA,1292.0,,44,51,-7
200712290SEA,RS,SEA,1326.0,,46,51,-5
200712290SEA,RS,SEA,1343.0,,46,52,-6
200712290SEA,RS,SEA,1405.5,,46,54,-8
200712290SEA,RS,SEA,1419.6,,46,55,-9
200712290SEA,RS,SEA,1435.7,,46,57,-11
200712290SEA,RS,SEA,1506.0,,47,57,-10
200712290SEA,RS,SEA,1519.0,,47,59,-12
200712290SEA,RS,SEA,1545.0,,47,62,-15
200712290SEA,RS,SEA,1561.0,,49,62,-13
200712290SEA,RS,SEA,1609.0,,49,64,-15
200712290SEA,RS,SEA,1661.0,,49,66,-17
200712290SEA,RS,SEA,1681.0,,50,66,-16
200712290SEA,RS,SEA,1701.0,,50,68,-18
200712290SEA,RS,SEA,1713.0,,52,68,-16
200712290SEA,RS,SEA,1732.0,,52,71,-19
200712290SEA,RS,SEA,1837.0,,52,73,-21
200712290SEA,RS,SEA,1847.0,,52,74,-22
200712290SEA,RS,SEA,1863.0,,52,76,-24
200712290SEA,RS,SEA,1899.0,,52,78,-26
200712290SEA,RS,SEA,1971.0,,52,80,-28
200712290SEA,RS,SEA,1987.0,,54,80,-26
200712290SEA,RS,SEA,2031.0,,56,80,-24
200712290SEA,RS,SEA,2045.0,,56,82,-26
200712290SEA,RS,SEA,2060.0,,58,82,-24
200712290SEA,RS,SEA,2112.8,,58,84,-26
200712290SEA,RS,SEA,2117.4,,59,84,-25
200712290SEA,RS,SEA,2204.0,,62,84,-22
200712290SEA,RS,SEA,2252.0,,62,87,-25
200712290SEA,RS,SEA,2277.0,,64,87,-23
200712290SEA,RS,SEA,2278.0,,64,88,-24
200712290SEA,RS,SEA,2340.0,,66,88,-22
200712290SEA,RS,SEA,2356.0,,66,90,-24
200712290SEA,RS,SEA,2378.0,,68,90,-22
200712290SEA,RS,SEA,2396.0,,68,92,-24
200712290SEA,RS,SEA,2425.0,,68,94,-26
200712290SEA,RS,SEA,2456.0,,68,96,-28
200712290SEA,RS,SEA,2539.0,,70,96,-26
200712290SEA,RS,SEA,2586.0,,72,96,-24
200712290SEA,RS,SEA,2599.0,,72,98,-26
200712290SEA,RS,SEA,2609.0,,73,98,-25
200712290SEA,RS,SEA,2609.0,,74,98,-24
200712290SEA,RS,SEA,2630.0,,74,100,-26
200712290SEA,RS,SEA,2630.0,,74,101,-27
200712290SEA,RS,SEA,2646.0,,76,101,-25
200712290SEA,RS,SEA,2677.0,,79,101,-22
200712290SEA,RS,SEA,2692.0,,81,101,-20
200712290SEA,RS,SEA,2702.0,,81,102,-21
200712290SEA,RS,SEA,2758.0,,81,105,-24
200712290SEA,RS,SEA,2772.0,,82,105,-23
200712290SEA,RS,SEA,2772.0,,83,105,-22
200712290SEA,RS,SEA,2789.0,,83,107,-24
200712290SEA,RS,SEA,2809.0,,85,107,-22
200712290SEA,RS,SEA,2837.1,,87,107,-20
200712290SEA,RS,SEA,2854.3,,87,109,-22
200712290SEA,RS,SEA,2874.4,F,90,109,-19
200712290SEA,RS,SEA,2880.0,,90,109,-19
200712310LAC,RS,LAC,0.0,,0,0,0
200712310LAC,RS,LAC,35.0,,0,2,-2
200712310LAC,RS,LAC,71.0,,0,4,-4
200712310LAC,RS,LAC,127.0,,1,4,-3
200712310LAC,RS,LAC,139.0,,1,6,-5
200712310LAC,RS,LAC,154.0,,3,6,-3
200712310LAC,RS,LAC,180.0,,5,6,-1
200712310LAC,RS,LAC,217.0,,5,8,-3
200712310LAC,RS,LAC,249.0,,5,10,-5
200712310LAC,RS,LAC,341.0,,7,10,-3
200712310LAC,RS,LAC,371.0,,9,10,-1
200712310LAC,RS,LAC,388.0,,9,12,-3
200712310LAC,RS,LAC,417.0,,11,12,-1
200712310LAC,RS,LAC,445.0,LC,13,12,1
200712310LAC,RS,LAC,483.0,,15,12,3
200712310LAC,RS,LAC,504.0,,15,13,2
200712310LAC,RS,LAC,529.0,,17,13,4
200712310LAC,RS,LAC,548.0,,17,15,2
200712310LAC,RS,LAC,548.0,,17,16,1
200712310LAC,RS,LAC,580.0,T,17,17,0
200712310LAC,RS,LAC,601.0,,19,17,2
200712310LAC,RS,LAC,623.0,T,19,19,0
200712310LAC,RS,LAC,642.0,,21,19,2
200712310LAC,RS,LAC,663.7,,22,19,3
200712310LAC,RS,LAC,689.9,,23,19,4
200712310LAC,RS,LAC,704.1,,23,21,2
200712310LAC,RS,LAC,740.0,,25,21,4
200712310LAC,RS,LAC,759.0,,25,23,2
200712310LAC,RS,LAC,801.0,,27,23,4
200712310LAC,RS,LAC,854.0,,27,25,2
200712310LAC,RS,LAC,882.0,,29,25,4
200712310LAC,RS,LAC,910.0,,29,26,3
200712310LAC,RS,LAC,910.0,,29,27,2
200712310LAC,RS,LAC,931.0,,32,27,5
200712310LAC,RS,LAC,964.0,,33,27,6
200712310LAC,RS,LAC,979.0,,33,29,4
200712310LAC,RS,LAC,1011.0,,33,31,2
200712310LAC,RS,LAC,1025.0,,35,31,4
200712310LAC,RS,LAC,1082.0,,35,33,2
200712310LAC,RS,LAC,1116.0,T,35,35,0
200712310LAC,RS,LAC,1136.0,,37,35,2
200712310LAC,RS,LAC,1175.0,,38,35,3
200712310LAC,RS,LAC,1275.0,,40,35,5
200712310LAC,RS,LAC,1316.0,,40,37,3
200712310LAC,RS,LAC,1332.0,,42,37,5
200712310LAC,RS,LAC,1364.0,,44,37,7
200712310LAC,RS,LAC,1380.0,,44,38,6
200712310LAC,RS,LAC,1380.0,,44,39,5
200712310LAC,RS,LAC,1403.6,,44,41,3
200712310LAC,RS,LAC,1409.4,,46,41,5
200712310LAC,RS,LAC,1452.0,,48,41,7
200712310LAC,RS,LAC,1478.0,,48,43,5
200712310LAC,RS,LAC,1521.0,,50,43,7
200712310LAC,RS,LAC,1558.0,,52,43,9
200712310LAC,RS,LAC,1572.0,,52,45,7
200712310LAC,RS,LAC,1596.0,,54,45,9
200712310LAC,RS,LAC,1633.0,,56,45,11
200712310LAC,RS,LAC,1650.0,,56,47,9
200712310LAC,RS,LAC,1679.0,,58,47,11
200712310LAC,RS,LAC,1698.0,,58,49,9
200712310LAC,RS,LAC,1837.0,,59,49,10
200712310LAC,RS,LAC,1883.0,,59,50,9
200712310LAC,RS,LAC,1883.0,,59,51,8
200712310LAC,RS,LAC,1902.0,,59,53,6
200712310LAC,RS,LAC,1925.0,,61,53,8
200712310LAC,RS,LAC,1955.0,,63,53,10
200712310LAC,RS,LAC,1973.0,,63,55,8
200712310LAC,RS,LAC,2003.0,,65,55,10
200712310LAC,RS,LAC,2019.0,,65,57,8
200712310LAC,RS,LAC,2057.0,,67,57,10
200712310LAC,RS,LAC,2105.4,,67,59,8
200712310LAC,RS,LAC,2123.5,,70,59,11
200712310LAC,RS,LAC,2175.0,,70,60,10
200712310LAC,RS,LAC,2175.0,,70,61,9
200712310LAC,RS,LAC,2203.0,,70,63,7
200712310LAC,RS,LAC,2237.0,,70,65,5
200712310LAC,RS,LAC,2314.0,,70,67,3
200712310LAC,RS,LAC,2332.0,,70,69,1
200712310LAC,RS,LAC,2387.0,T,70,70,0
200712310LAC,RS,LAC,2387.0,LC,70,71,-1
200712310LAC,RS,LAC,2436.0,,70,73,-3
200712310LAC,RS,LAC,2436.0,,70,74,-4
200712310LAC,RS,LAC,2461.0,,72,74,-2
200712310LAC,RS,LAC,2461.0,,73,74,-1
200712310LAC,RS,LAC,2467.0,,73,75,-2
200712310LAC,RS,LAC,2467.0,,73,76,-3
200712310LAC,RS,LAC,2484.0,,75,76,-1
200712310LAC,RS,LAC,2502.0,,75,78,-3
200712310LAC,RS,LAC,2589.0,,75,79,-4
200712310LAC,RS,LAC,2589.0,,75,80,-5
200712310LAC,RS,LAC,2625.0,,77,80,-3
200712310LAC,RS,LAC,2650.0,,77,82,-5
200712310LAC,RS,LAC,2672.0,,77,84,-7
200712310LAC,RS,LAC,2705.0,,78,84,-6
200712310LAC,RS,LAC,2760.0,,80,84,-4
200712310LAC,RS,LAC,2776.0,,80,85,-5
200712310LAC,RS,LAC,2786.0,,81,85,-4
200712310LAC,RS,LAC,2786.0,,82,85,-3
200712310LAC,RS,LAC,2787.0,,82,86,-4
200712310LAC,RS,LAC,2815.0,,82,87,-5
200712310LAC,RS,LAC,2851.0,,82,88,-6
200712310LAC,RS,LAC,2851.0,,82,89,-7
200712310LAC,RS,LAC,2857.4,,82,90,-8
200712310LAC,RS,LAC,2857.4,F,82,91,-9
200712310LAC,RS,LAC,2880.0,,82,91,-9
200801020MIN,RS,POR,0.0,,0,0,0
200801020MIN,RS,POR,16.0,,0,2,-2
200801020MIN,RS,POR,37.0,T,2,2,0
200801020MIN,RS,POR,69.0,LC,4,2,2
200801020MIN,RS,POR,98.0,T,4,4,0
200801020MIN,RS,POR,141.0,LC,4,7,-3
200801020MIN,RS,POR,163.0,,6,7,-1
200801020MIN,RS,POR,206.0,LC,8,7,1
200801020MIN,RS,POR,288.0,T,8,8,0
200801020MIN,RS,POR,288.0,LC,8,9,-1
200801020MIN,RS,POR,319.0,T,9,9,0
200801020MIN,RS,POR,336.0,,9,11,-2
200801020MIN,RS,POR,397.0,,10,11,-1
200801020MIN,RS,POR,397.0,T,11,11,0
200801020MIN,RS,POR,409.0,,11,12,-1
200801020MIN,RS,POR,409.0,,11,13,-2
200801020MIN,RS,POR,465.0,,11,15,-4
200801020MIN,RS,POR,480.0,,13,15,-2
200801020MIN,RS,POR,501.0,,13,17,-4
200801020MIN,RS,POR,518.0,,14,17,-3
200801020MIN,RS,POR,538.0,,14,18,-4
200801020MIN,RS,POR,538.0,,14,19,-5
200801020MIN,RS,POR,559.0,,16,19,-3
200801020MIN,RS,POR,577.0,,16,20,-4
200801020MIN,RS,POR,577.0,,16,21,-5
200801020MIN,RS,POR,631.0,,16,23,-7
200801020MIN,RS,POR,648.0,,18,23,-5
200801020MIN,RS,POR,737.0,,20,23,-3
200801020MIN,RS,POR,767.0,,20,25,-5
200801020MIN,RS,POR,804.0,,20,27,-7
200801020MIN,RS,POR,819.0,,23,27,-4
200801020MIN,RS,POR,846.0,,23,29,-6
200801020MIN,RS,POR,874.0,,23,31,-8
200801020MIN,RS,POR,891.0,,24,31,-7
200801020MIN,RS,POR,891.0,,25,31,-6
200801020MIN,RS,POR,901.0,,25,34,-9
200801020MIN,RS,POR,922.0,,25,37,-12
200801020MIN,RS,POR,946.0,,25,39,-14
200801020MIN,RS,POR,966.0,,26,39,-13
200801020MIN,RS,POR,966.0,,27,39,-12
200801020MIN,RS,POR,1008.0,,27,41,-14
200801020MIN,RS,POR,1031.0,,30,41,-11
200801020MIN,RS,POR,1073.0,,32,41,-9
200801020MIN,RS,POR,1088.0,,32,44,-12
200801020MIN,RS,POR,1152.0,,32,46,-14
200801020MIN,RS,POR,1172.0,,34,46,-12
200801020MIN,RS,POR,1190.0,,35,46,-11
200801020MIN,RS,POR,1190.0,,36,46,-10
200801020MIN,RS,POR,1254.0,,36,48,-12
200801020MIN,RS,POR,1277.0,,36,50,-14
200801020MIN,RS,POR,1295.0,,37,50,-13
200801020MIN,RS,POR,1308.0,,39,50,-11
200801020MIN,RS,POR,1324.0,,39,52,-13
200801020MIN,RS,POR,1362.0,,41,52,-11
200801020MIN,RS,POR,1431.2,,42,52,-10
200801020MIN,RS,POR,1487.0,,42,55,-13
200801020MIN,RS,POR,1527.0,,42,57,-15
200801020MIN,RS,POR,1552.0,,44,57,-13
200801020MIN,RS,POR,1590.0,,46,57,-11
200801020MIN,RS,POR,1623.0,,49,57,-8
200801020MIN,RS,POR,1734.0,,51,57,-6
200801020MIN,RS,POR,1760.0,,51,60,-9
200801020MIN,RS,POR,1839.0,,53,60,-7
200801020MIN,RS,POR,1839.0,,54,60,-6
200801020MIN,RS,POR,1871.0,,56,60,-4
200801020MIN,RS,POR,1893.0,,56,62,-6
200801020MIN,RS,POR,1912.0,,56,63,-7
200801020MIN,RS,POR,1942.0,,56,64,-8
200801020MIN,RS,POR,1942.0,,56,65,-9
200801020MIN,RS,POR,1953.0,,58,65,-7
200801020MIN,RS,POR,1973.0,,58,67,-9
200801020MIN,RS,POR,1990.0,,60,67,-7
200801020MIN,RS,POR,1996.0,,60,68,-8
200801020MIN,RS,POR,1996.0,,60,69,-9
200801020MIN,RS,POR,2086.0,,60,71,-11
200801020MIN,RS,POR,2105.4,,62,71,-9
200801020MIN,RS,POR,2131.6,,62,74,-12
200801020MIN,RS,POR,2159.7,,62,75,-13
200801020MIN,RS,POR,2184.0,,62,76,-14
200801020MIN,RS,POR,2184.0,,62,77,-15
200801020MIN,RS,POR,2242.0,,64,77,-13
200801020MIN,RS,POR,2258.0,,64,78,-14
200801020MIN,RS,POR,2280.0,,64,79,-15
200801020MIN,RS,POR,2322.0,,64,80,-16
200801020MIN,RS,POR,2370.0,,64,81,-17
200801020MIN,RS,POR,2415.0,,65,81,-16
200801020MIN,RS,POR,2415.0,,66,81,-15
200801020MIN,RS,POR,2467.0,,68,81,-13
200801020MIN,RS,POR,2489.0,,68,83,-15
200801020MIN,RS,POR,2556.0,,70,83,-13
200801020MIN,RS,POR,2592.0,,71,83,-12
200801020MIN,RS,POR,2592.0,,72,83,-11
200801020MIN,RS,POR,2643.0,,74,83,-9
200801020MIN,RS,POR,2686.0,,74,84,-10
200801020MIN,RS,POR,2686.0,,74,85,-11
200801020MIN,RS,POR,2716.0,,74,87,-13
200801020MIN,RS,POR,2734.0,,75,87,-12
200801020MIN,RS,POR,2734.0,,76,87,-11
200801020MIN,RS,POR,2793.0,,77,87,-10
200801020MIN,RS,POR,2812.0,,77,90,-13
200801020MIN,RS,POR,2866.7,F,79,90,-11
200801020MIN,RS,POR,2880.0,,79,90,-11
200801040MIN,RS,DEN,0.0,,0,0,0
200801040MIN,RS,DEN,24.0,,0,2,-2
200801040MIN,RS,DEN,61.0,,0,4,-4
200801040MIN,RS,DEN,80.0,,0,6,-6
200801040MIN,RS,DEN,102.0,,0,8,-8
200801040MIN,RS,DEN,124.0,,0,10,-10
200801040MIN,RS,DEN,187.0,,0,12,-12
200801040MIN,RS,DEN,204.0,,1,12,-11
200801040MIN,RS,DEN,204.0,,2,12,-10
200801040MIN,RS,DEN,272.0,,4,12,-8
200801040MIN,RS,DEN,307.0,,4,14,-10
200801040MIN,RS,DEN,317.0,,6,14,-8
200801040MIN,RS,DEN,337.0,,8,14,-6
200801040MIN,RS,DEN,366.0,,10,14,-4
200801040MIN,RS,DEN,374.0,,10,16,-6
200801040MIN,RS,DEN,399.0,,12,16,-4
200801040MIN,RS,DEN,415.0,,12,18,-6
200801040MIN,RS,DEN,415.0,,12,19,-7
200801040MIN,RS,DEN,441.0,,12,21,-9
200801040MIN,RS,DEN,457.0,,14,21,-7
200801040MIN,RS,DEN,467.0,,14,23,-9
200801040MIN,RS,DEN,508.0,,14,25,-11
200801040MIN,RS,DEN,534.0,,16,25,-9
200801040MIN,RS,DEN,548.0,,16,27,-11
200801040MIN,RS,DEN,558.0,,18,27,-9
200801040MIN,RS,DEN,569.0,,18,28,-10
200801040MIN,RS,DEN,587.0,,19,28,-9
200801040MIN,RS,DEN,591.0,,21,28,-7
200801040MIN,RS,DEN,640.0,,23,28,-5
200801040MIN,RS,DEN,692.4,,23,30,-7
200801040MIN,RS,DEN,714.0,,25,30,-5
200801040MIN,RS,DEN,770.0,,26,30,-4
200801040MIN,RS,DEN,770.0,,27,30,-3
200801040MIN,RS,DEN,820.0,,29,30,-1
200801040MIN,RS,DEN,835.0,,29,33,-4
200801040MIN,RS,DEN,856.0,,29,35,-6
200801040MIN,RS,DEN,915.0,,30,35,-5
200801040MIN,RS,DEN,931.0,,30,37,-7
200801040MIN,RS,DEN,952.0,,32,37,-5
200801040MIN,RS,DEN,987.0,,32,39,-7
200801040MIN,RS,DEN,1025.0,,32,41,-9
200801040MIN,RS,DEN,1047.0,,34,41,-7
200801040MIN,RS,DEN,1066.0,,34,43,-9
200801040MIN,RS,DEN,1090.0,,36,43,-7
200801040MIN,RS,DEN,1104.0,,36,45,-9
200801040MIN,RS,DEN,1117.0,,38,45,-7
200801040MIN,RS,DEN,1122.0,,38,46,-8
200801040MIN,RS,DEN,1152.0,,38,48,-10
200801040MIN,RS,DEN,1185.0,,38,50,-12
200801040MIN,RS,DEN,1208.0,,38,52,-14
200801040MIN,RS,DEN,1221.0,,40,52,-12
200801040MIN,RS,DEN,1241.0,,43,52,-9
200801040MIN,RS,DEN,1257.0,,43,53,-10
200801040MIN,RS,DEN,1257.0,,43,54,-11
200801040MIN,RS,DEN,1276.0,,45,54,-9
200801040MIN,RS,DEN,1297.0,,45,56,-11
200801040MIN,RS,DEN,1365.0,,46,56,-10
200801040MIN,RS,DEN,1370.0,,46,57,-11
200801040MIN,RS,DEN,1370.0,,46,58,-12
200801040MIN,RS,DEN,1380.2,,48,58,-10
200801040MIN,RS,DEN,1402.8,,50,58,-8
200801040MIN,RS,DEN,1415.0,,50,61,-11
200801040MIN,RS,DEN,1438.4,,51,61,-10
200801040MIN,RS,DEN,1438.4,,52,61,-9
200801040MIN,RS,DEN,1463.0,,52,62,-10
200801040MIN,RS,DEN,1490.0,,52,64,-12
200801040MIN,RS,DEN,1504.0,,53,64,-11
200801040MIN,RS,DEN,1564.0,,53,66,-13
200801040MIN,RS,DEN,1639.0,,55,66,-11
200801040MIN,RS,DEN,1639.0,,56,66,-10
200801040MIN,RS,DEN,1654.0,,56,68,-12
200801040MIN,RS,DEN,1669.0,,58,68,-10
200801040MIN,RS,DEN,1689.0,,59,68,-9
200801040MIN,RS,DEN,1708.0,,59,69,-10
200801040MIN,RS,DEN,1708.0,,59,70,-11
200801040MIN,RS,DEN,1722.0,,61,70,-9
200801040MIN,RS,DEN,1746.0,,63,70,-7
200801040MIN,RS,DEN,1762.0,,63,71,-8
200801040MIN,RS,DEN,1762.0,,63,72,-9
200801040MIN,RS,DEN,1788.0,,63,73,-10
200801040MIN,RS,DEN,1841.0,,63,75,-12
200801040MIN,RS,DEN,1871.0,,63,77,-14
200801040MIN,RS,DEN,1900.0,,66,77,-11
200801040MIN,RS,DEN,1920.0,,66,80,-14
200801040MIN,RS,DEN,1932.0,,67,80,-13
200801040MIN,RS,DEN,1932.0,,68,80,-12
200801040MIN,RS,DEN,1954.0,,71,80,-9
200801040MIN,RS,DEN,1961.0,,71,82,-11
200801040MIN,RS,DEN,1971.0,,74,82,-8
200801040MIN,RS,DEN,2000.0,,76,82,-6
200801040MIN,RS,DEN,2037.0,,77,82,-5
200801040MIN,RS,DEN,2037.0,,78,82,-4
200801040MIN,RS,DEN,2048.0,,78,83,-5
200801040MIN,RS,DEN,2064.0,,80,83,-3
200801040MIN,RS,DEN,2077.0,,80,84,-4
200801040MIN,RS,DEN,2077.0,,80,85,-5
200801040MIN,RS,DEN,2110.8,,80,87,-7
200801040MIN,RS,DEN,2176.0,,80,89,-9
200801040MIN,RS,DEN,2185.0,,82,89,-7
200801040MIN,RS,DEN,2205.0,,83,89,-6
200801040MIN,RS,DEN,2216.0,,83,92,-9
200801040MIN,RS,DEN,2244.0,,85,92,-7
200801040MIN,RS,DEN,2254.0,,85,93,-8
200801040MIN,RS,DEN,2254.0,,85,94,-9
200801040MIN,RS,DEN,2289.0,,85,96,-11
200801040MIN,RS,DEN,2333.0,,86,96,-10
200801040MIN,RS,DEN,2333.0,,87,96,-9
200801040MIN,RS,DEN,2344.0,,87,97,-10
200801040MIN,RS,DEN,2366.0,,89,97,-8
200801040MIN,RS,DEN,2424.0,,89,98,-9
200801040MIN,RS,DEN,2424.0,,89,99,-10
200801040MIN,RS,DEN,2478.0,,89,101,-12
200801040MIN,RS,DEN,2535.0,,91,101,-10
200801040MIN,RS,DEN,2555.0,,91,103,-12
200801040MIN,RS,DEN,2555.0,,91,104,-13
200801040MIN,RS,DEN,2628.0,,93,104,-11
200801040MIN,RS,DEN,2643.0,,93,106,-13
200801040MIN,RS,DEN,2657.0,,95,106,-11
200801040MIN,RS,DEN,2686.0,,97,106,-9
200801040MIN,RS,DEN,2712.0,,100,106,-6
200801040MIN,RS,DEN,2735.0,,100,108,-8
200801040MIN,RS,DEN,2749.0,,101,108,-7
200801040MIN,RS,DEN,2764.0,,101,110,-9
200801040MIN,RS,DEN,2777.0,,104,110,-6
200801040MIN,RS,DEN,2794.0,,104,112,-8
200801040MIN,RS,DEN,2806.0,,104,113,-9
200801040MIN,RS,DEN,2820.9,,104,114,-10
200801040MIN,RS,DEN,2820.9,,104,115,-11
200801040MIN,RS,DEN,2827.0,,107,115,-8
200801040MIN,RS,DEN,2828.5,,107,116,-9
200801040MIN,RS,DEN,2842.8,F,107,118,-11
200801040MIN,RS,DEN,2880.0,,107,118,-11
200801060MIN,RS,DAL,0.0,,0,0,0
200801060MIN,RS,DAL,36.0,,0,2,-2
200801060MIN,RS,DAL,77.0,,0,4,-4
200801060MIN,RS,DAL,113.0,,2,4,-2
200801060MIN,RS,DAL,129.0,,2,7,-5
200801060MIN,RS,DAL,144.0,,4,7,-3
200801060MIN,RS,DAL,168.0,,4,9,-5
200801060MIN,RS,DAL,215.0,,4,10,-6
200801060MIN,RS,DAL,215.0,,4,11,-7
200801060MIN,RS,DAL,257.0,,5,11,-6
200801060MIN,RS,DAL,277.0,,5,13,-8
200801060MIN,RS,DAL,289.0,,6,13,-7
200801060MIN,RS,DAL,289.0,,7,13,-6
200801060MIN,RS,DAL,301.0,,7,15,-8
200801060MIN,RS,DAL,333.0,,7,17,-10
200801060MIN,RS,DAL,333.0,,7,18,-11
200801060MIN,RS,DAL,363.0,,7,19,-12
200801060MIN,RS,DAL,382.0,,9,19,-10
200801060MIN,RS,DAL,447.0,,9,20,-11
200801060MIN,RS,DAL,467.0,,10,20,-10
200801060MIN,RS,DAL,487.0,,10,22,-12
200801060MIN,RS,DAL,487.0,,10,23,-13
200801060MIN,RS,DAL,509.0,,11,23,-12
200801060MIN,RS,DAL,509.0,,12,23,-11
200801060MIN,RS,DAL,529.0,,12,25,-13
200801060MIN,RS,DAL,554.0,,12,27,-15
200801060MIN,RS,DAL,576.0,,12,29,-17
200801060MIN,RS,DAL,605.0,,14,29,-15
200801060MIN,RS,DAL,624.0,,14,30,-16
200801060MIN,RS,DAL,624.0,,14,31,-17
200801060MIN,RS,DAL,673.5,,16,31,-15
200801060MIN,RS,DAL,793.0,,16,33,-17
200801060MIN,RS,DAL,808.0,,18,33,-15
200801060MIN,RS,DAL,865.0,,21,33,-12
200801060MIN,RS,DAL,901.0,,23,33,-10
200801060MIN,RS,DAL,901.0,,24,33,-9
200801060MIN,RS,DAL,920.0,,24,36,-12
200801060MIN,RS,DAL,961.0,,24,39,-15
200801060MIN,RS,DAL,998.0,,24,42,-18
200801060MIN,RS,DAL,1022.0,,24,43,-19
200801060MIN,RS,DAL,1022.0,,24,44,-20
200801060MIN,RS,DAL,1062.0,,24,46,-22
200801060MIN,RS,DAL,1084.0,,26,46,-20
200801060MIN,RS,DAL,1084.0,,27,46,-19
200801060MIN,RS,DAL,1098.0,,27,48,-21
200801060MIN,RS,DAL,1115.0,,29,48,-19
200801060MIN,RS,DAL,1160.0,,29,50,-21
200801060MIN,RS,DAL,1262.0,,29,52,-23
200801060MIN,RS,DAL,1300.0,,31,52,-21
200801060MIN,RS,DAL,1317.0,,31,53,-22
200801060MIN,RS,DAL,1317.0,,31,54,-23
200801060MIN,RS,DAL,1334.0,,33,54,-21
200801060MIN,RS,DAL,1377.0,,33,55,-22
200801060MIN,RS,DAL,1377.0,,33,56,-23
200801060MIN,RS,DAL,1414.1,,33,58,-25
200801060MIN,RS,DAL,1433.1,,35,58,-23
200801060MIN,RS,DAL,1505.0,,35,60,-25
200801060MIN,RS,DAL,1515.0,,37,60,-23
200801060MIN,RS,DAL,1544.0,,39,60,-21
200801060MIN,RS,DAL,1569.0,,39,62,-23
200801060MIN,RS,DAL,1615.0,,39,64,-25
200801060MIN,RS,DAL,1653.0,,40,64,-24
200801060MIN,RS,DAL,1653.0,,41,64,-23
200801060MIN,RS,DAL,1672.0,,41,66,-25
200801060MIN,RS,DAL,1703.0,,41,68,-27
200801060MIN,RS,DAL,1728.0,,41,69,-28
200801060MIN,RS,DAL,1740.0,,41,70,-29
200801060MIN,RS,DAL,1789.0,,44,70,-26
200801060MIN,RS,DAL,1818.0,,46,70,-24
200801060MIN,RS,DAL,1840.0,,46,73,-27
200801060MIN,RS,DAL,1862.0,,48,73,-25
200801060MIN,RS,DAL,1897.0,,49,73,-24
200801060MIN,RS,DAL,1897.0,,50,73,-23
200801060MIN,RS,DAL,1915.0,,50,75,-25
200801060MIN,RS,DAL,1929.0,,51,75,-24
200801060MIN,RS,DAL,1929.0,,52,75,-23
200801060MIN,RS,DAL,1948.0,,52,77,-25
200801060MIN,RS,DAL,1973.0,,52,79,-27
200801060MIN,RS,DAL,1993.0,,52,81,-29
200801060MIN,RS,DAL,2015.0,,52,83,-31
200801060MIN,RS,DAL,2033.0,,53,83,-30
200801060MIN,RS,DAL,2061.0,,55,83,-28
200801060MIN,RS,DAL,2102.2,,58,83,-25
200801060MIN,RS,DAL,2190.0,,58,85,-27
200801060MIN,RS,DAL,2258.0,,58,87,-29
200801060MIN,RS,DAL,2270.0,,61,87,-26
200801060MIN,RS,DAL,2315.0,,63,87,-24
200801060MIN,RS,DAL,2360.0,,63,89,-26
200801060MIN,RS,DAL,2360.0,,63,90,-27
200801060MIN,RS,DAL,2450.0,,66,90,-24
200801060MIN,RS,DAL,2483.0,,67,90,-23
200801060MIN,RS,DAL,2483.0,,68,90,-22
200801060MIN,RS,DAL,2558.0,,68,93,-25
200801060MIN,RS,DAL,2620.0,,68,95,-27
200801060MIN,RS,DAL,2681.0,,68,96,-28
200801060MIN,RS,DAL,2690.0,,69,96,-27
200801060MIN,RS,DAL,2690.0,,70,96,-26
200801060MIN,RS,DAL,2717.0,,72,96,-24
200801060MIN,RS,DAL,2749.0,,74,96,-22
200801060MIN,RS,DAL,2768.0,,74,98,-24
200801060MIN,RS,DAL,2799.0,,74,99,-25
200801060MIN,RS,DAL,2817.0,,74,101,-27
200801060MIN,RS,DAL,2850.1,,76,101,-25
200801060MIN,RS,DAL,2874.4,F,78,101,-23
200801060MIN,RS,DAL,2880.0,,78,101,-23
200801080MIN,RS,MIA,0.0,,0,0,0
200801080MIN,RS,MIA,26.0,,2,0,2
200801080MIN,RS,MIA,44.0,,2,1,1
200801080MIN,RS,MIA,70.0,LC,2,3,-1
200801080MIN,RS,MIA,87.0,LC,4,3,1
200801080MIN,RS,MIA,107.0,LC,4,5,-1
200801080MIN,RS,MIA,165.0,,4,7,-3
200801080MIN,RS,MIA,191.0,,6,7,-1
200801080MIN,RS,MIA,243.0,LC,8,7,1
200801080MIN,RS,MIA,309.0,,10,7,3
200801080MIN,RS,MIA,330.0,,10,9,1
200801080MIN,RS,MIA,348.0,,12,9,3
200801080MIN,RS,MIA,350.0,,14,9,5
200801080MIN,RS,MIA,381.0,,17,9,8
200801080MIN,RS,MIA,393.0,,17,11,6
200801080MIN,RS,MIA,421.0,,17,13,4
200801080MIN,RS,MIA,444.0,,18,13,5
200801080MIN,RS,MIA,444.0,,19,13,6
200801080MIN,RS,MIA,511.0,,21,13,8
200801080MIN,RS,MIA,532.0,,23,13,10
200801080MIN,RS,MIA,554.0,,23,16,7
200801080MIN,RS,MIA,605.0,,25,16,9
200801080MIN,RS,MIA,648.0,,25,18,7
200801080MIN,RS,MIA,665.8,,27,18,9
200801080MIN,RS,MIA,691.2,,29,18,11
200801080MIN,RS,MIA,736.0,,31,18,13
200801080MIN,RS,MIA,736.0,,32,18,14
200801080MIN,RS,MIA,782.0,,32,21,11
200801080MIN,RS,MIA,829.0,,32,23,9
200801080MIN,RS,MIA,851.0,,35,23,12
200801080MIN,RS,MIA,871.0,,37,23,14
200801080MIN,RS,MIA,886.0,,37,25,12
200801080MIN,RS,MIA,923.0,,37,27,10
200801080MIN,RS,MIA,937.0,,39,27,12
200801080MIN,RS,MIA,976.0,,41,27,14
200801080MIN,RS,MIA,1045.0,,41,29,12
200801080MIN,RS,MIA,1061.0,,43,29,14
200801080MIN,RS,MIA,1072.0,,43,30,13
200801080MIN,RS,MIA,1072.0,,43,31,12
200801080MIN,RS,MIA,1098.0,,43,33,10
200801080MIN,RS,MIA,1141.0,,43,35,8
200801080MIN,RS,MIA,1156.0,,45,35,10
200801080MIN,RS,MIA,1179.0,,45,36,9
200801080MIN,RS,MIA,1196.0,,47,36,11
200801080MIN,RS,MIA,1213.0,,49,36,13
200801080MIN,RS,MIA,1231.0,,49,37,12
200801080MIN,RS,MIA,1231.0,,49,38,11
200801080MIN,RS,MIA,1255.0,,51,38,13
200801080MIN,RS,MIA,1274.0,,53,38,15
200801080MIN,RS,MIA,1293.0,,53,39,14
200801080MIN,RS,MIA,1293.0,,53,40,13
200801080MIN,RS,MIA,1325.0,,55,40,15
200801080MIN,RS,MIA,1340.0,,55,42,13
200801080MIN,RS,MIA,1340.0,,55,43,12
200801080MIN,RS,MIA,1353.0,,57,43,14
200801080MIN,RS,MIA,1390.1,,57,45,12
200801080MIN,RS,MIA,1402.1,,59,45,14
200801080MIN,RS,MIA,1416.7,,59,46,13
200801080MIN,RS,MIA,1416.7,,59,47,12
200801080MIN,RS,MIA,1455.0,,61,47,14
200801080MIN,RS,MIA,1469.0,,61,49,12
200801080MIN,RS,MIA,1508.0,,61,51,10
200801080MIN,RS,MIA,1563.0,,63,51,12
200801080MIN,RS,MIA,1636.0,,66,51,15
200801080MIN,RS,MIA,1657.0,,66,53,13
200801080MIN,RS,MIA,1663.0,,67,53,14
200801080MIN,RS,MIA,1663.0,,68,53,15
200801080MIN,RS,MIA,1663.0,,69,53,16
200801080MIN,RS,MIA,1683.0,,72,53,19
200801080MIN,RS,MIA,1706.0,,72,55,17
200801080MIN,RS,MIA,1737.0,,74,55,19
200801080MIN,RS,MIA,1752.0,,74,58,16
200801080MIN,RS,MIA,1773.0,,77,58,19
200801080MIN,RS,MIA,1796.0,,77,60,17
200801080MIN,RS,MIA,1821.0,,77,62,15
200801080MIN,RS,MIA,1843.0,,77,64,13
200801080MIN,RS,MIA,1935.0,,79,64,15
200801080MIN,RS,MIA,1949.0,,79,66,13
200801080MIN,RS,MIA,1991.0,,79,69,10
200801080MIN,RS,MIA,2063.0,,80,69,11
200801080MIN,RS,MIA,2094.0,,80,71,9
200801080MIN,RS,MIA,2155.5,,81,71,10
200801080MIN,RS,MIA,2155.5,,82,71,11
200801080MIN,RS,MIA,2171.0,,82,72,10
200801080MIN,RS,MIA,2198.0,,82,73,9
200801080MIN,RS,MIA,2198.0,,82,74,8
200801080MIN,RS,MIA,2212.0,,84,74,10
200801080MIN,RS,MIA,2242.0,,86,74,12
200801080MIN,RS,MIA,2266.0,,86,76,10
200801080MIN,RS,MIA,2297.0,,86,77,9
200801080MIN,RS,MIA,2297.0,,86,78,8
200801080MIN,RS,MIA,2334.0,,88,78,10
200801080MIN,RS,MIA,2349.0,,88,79,9
200801080MIN,RS,MIA,2349.0,,88,80,8
200801080MIN,RS,MIA,2368.0,,89,80,9
200801080MIN,RS,MIA,2398.0,,92,80,12
200801080MIN,RS,MIA,2411.0,,92,82,10
200801080MIN,RS,MIA,2458.0,,94,82,12
200801080MIN,RS,MIA,2479.0,,94,83,11
200801080MIN,RS,MIA,2479.0,,94,84,10
200801080MIN,RS,MIA,2555.0,,97,84,13
200801080MIN,RS,MIA,2599.0,,97,87,10
200801080MIN,RS,MIA,2640.0,,97,89,8
200801080MIN,RS,MIA,2724.0,,97,91,6
200801080MIN,RS,MIA,2802.0,,99,91,8
200801080MIN,RS,MIA,2853.6,F,101,91,10
200801080MIN,RS,MIA,2880.0,,101,91,10
200801110HOU,RS,HOU,0.0,,0,0,0
200801110HOU,RS,HOU,77.0,,0,2,-2
200801110HOU,RS,HOU,97.0,T,2,2,0
200801110HOU,RS,HOU,111.0,,2,4,-2
200801110HOU,RS,HOU,124.0,,2,5,-3
200801110HOU,RS,HOU,124.0,,2,6,-4
200801110HOU,RS,HOU,153.0,,2,8,-6
200801110HOU,RS,HOU,169.0,,4,8,-4
200801110HOU,RS,HOU,196.0,,4,10,-6
200801110HOU,RS,HOU,215.0,,4,12,-8
200801110HOU,RS,HOU,260.0,,6,12,-6
200801110HOU,RS,HOU,278.0,,6,14,-8
200801110HOU,RS,HOU,318.0,,8,14,-6
200801110HOU,RS,HOU,377.0,,10,14,-4
200801110HOU,RS,HOU,402.0,,10,16,-6
200801110HOU,RS,HOU,432.0,,12,16,-4
200801110HOU,RS,HOU,451.0,,12,18,-6
200801110HOU,RS,HOU,456.0,,14,18,-4
200801110HOU,RS,HOU,470.0,,14,21,-7
200801110HOU,RS,HOU,522.0,,14,23,-9
200801110HOU,RS,HOU,541.0,,15,23,-8
200801110HOU,RS,HOU,562.0,,16,23,-7
200801110HOU,RS,HOU,562.0,,17,23,-6
200801110HOU,RS,HOU,572.0,,17,24,-7
200801110HOU,RS,HOU,582.0,,17,27,-10
200801110HOU,RS,HOU,634.0,,17,29,-12
200801110HOU,RS,HOU,657.0,,18,29,-11
200801110HOU,RS,HOU,697.4,,18,31,-13
200801110HOU,RS,HOU,749.0,,18,33,-15
200801110HOU,RS,HOU,789.0,,18,35,-17
200801110HOU,RS,HOU,816.0,,18,37,-19
200801110HOU,RS,HOU,866.0,,20,37,-17
200801110HOU,RS,HOU,881.0,,20,40,-20
200801110HOU,RS,HOU,943.0,,20,42,-22
200801110HOU,RS,HOU,943.0,,20,43,-23
200801110HOU,RS,HOU,966.0,,20,45,-25
200801110HOU,RS,HOU,985.0,,22,45,-23
200801110HOU,RS,HOU,1001.0,,22,47,-25
200801110HOU,RS,HOU,1017.0,,23,47,-24
200801110HOU,RS,HOU,1017.0,,24,47,-23
200801110HOU,RS,HOU,1069.0,,24,50,-26
200801110HOU,RS,HOU,1092.0,,26,50,-24
200801110HOU,RS,HOU,1130.0,,26,53,-27
200801110HOU,RS,HOU,1175.0,,26,55,-29
200801110HOU,RS,HOU,1203.0,,26,57,-31
200801110HOU,RS,HOU,1231.0,,26,58,-32
200801110HOU,RS,HOU,1231.0,,26,59,-33
200801110HOU,RS,HOU,1248.0,,28,59,-31
200801110HOU,RS,HOU,1287.0,,29,59,-30
200801110HOU,RS,HOU,1312.0,,31,59,-28
200801110HOU,RS,HOU,1324.0,,31,61,-30
200801110HOU,RS,HOU,1390.4,,31,63,-32
200801110HOU,RS,HOU,1417.5,,32,63,-31
200801110HOU,RS,HOU,1417.5,,33,63,-30
200801110HOU,RS,HOU,1439.2,,33,65,-32
200801110HOU,RS,HOU,1465.0,,35,65,-30
200801110HOU,RS,HOU,1490.0,,35,67,-32
200801110HOU,RS,HOU,1508.0,,37,67,-30
200801110HOU,RS,HOU,1569.0,,39,67,-28
200801110HOU,RS,HOU,1595.0,,39,69,-30
200801110HOU,RS,HOU,1615.0,,40,69,-29
200801110HOU,RS,HOU,1679.0,,42,69,-27
200801110HOU,RS,HOU,1694.0,,42,70,-28
200801110HOU,RS,HOU,1745.0,,44,70,-26
200801110HOU,RS,HOU,1773.0,,44,72,-28
200801110HOU,RS,HOU,1799.0,,44,74,-30
200801110HOU,RS,HOU,1840.0,,44,75,-31
200801110HOU,RS,HOU,1840.0,,44,76,-32
200801110HOU,RS,HOU,1856.0,,46,76,-30
200801110HOU,RS,HOU,1910.0,,48,76,-28
200801110HOU,RS,HOU,1931.0,,48,78,-30
200801110HOU,RS,HOU,1931.0,,48,79,-31
200801110HOU,RS,HOU,1949.0,,50,79,-29
200801110HOU,RS,HOU,1971.0,,50,80,-30
200801110HOU,RS,HOU,1988.0,,52,80,-28
200801110HOU,RS,HOU,2011.0,,52,81,-29
200801110HOU,RS,HOU,2048.0,,52,82,-30
200801110HOU,RS,HOU,2048.0,,52,83,-31
200801110HOU,RS,HOU,2088.0,,52,85,-33
200801110HOU,RS,HOU,2120.5,,54,85,-31
200801110HOU,RS,HOU,2136.2,,54,86,-32
200801110HOU,RS,HOU,2136.2,,54,87,-33
200801110HOU,RS,HOU,2151.4,,56,87,-31
200801110HOU,RS,HOU,2183.0,,56,89,-33
200801110HOU,RS,HOU,2199.0,,58,89,-31
200801110HOU,RS,HOU,2246.0,,60,89,-29
200801110HOU,RS,HOU,2284.0,,62,89,-27
200801110HOU,RS,HOU,2300.0,,62,91,-29
200801110HOU,RS,HOU,2340.0,,62,93,-31
200801110HOU,RS,HOU,2358.0,,62,95,-33
200801110HOU,RS,HOU,2401.0,,64,95,-31
200801110HOU,RS,HOU,2416.0,,64,97,-33
200801110HOU,RS,HOU,2455.0,,66,97,-31
200801110HOU,RS,HOU,2476.0,,68,97,-29
200801110HOU,RS,HOU,2479.0,,68,98,-30
200801110HOU,RS,HOU,2494.0,,70,98,-28
200801110HOU,RS,HOU,2506.0,,70,101,-31
200801110HOU,RS,HOU,2540.0,,72,101,-29
200801110HOU,RS,HOU,2555.0,,72,103,-31
200801110HOU,RS,HOU,2567.0,,74,103,-29
200801110HOU,RS,HOU,2657.0,,76,103,-27
200801110HOU,RS,HOU,2682.0,,76,105,-29
200801110HOU,RS,HOU,2722.0,,76,108,-32
200801110HOU,RS,HOU,2762.0,,76,110,-34
200801110HOU,RS,HOU,2797.0,,77,110,-33
200801110HOU,RS,HOU,2797.0,,78,110,-32
200801110HOU,RS,HOU,2837.9,,78,113,-35
200801110HOU,RS,HOU,2844.4,,79,113,-34
200801110HOU,RS,HOU,2844.4,,80,113,-33
200801110HOU,RS,HOU,2867.8,F,82,113,-31
200801110HOU,RS,HOU,2880.0,,82,113,-31
200801120SAS,RS,SAS,0.0,,0,0,0
200801120SAS,RS,SAS,19.0,,2,0,2
200801120SAS,RS,SAS,73.0,T,2,2,0
200801120SAS,RS,SAS,94.0,,4,2,2
200801120SAS,RS,SAS,108.0,T,4,4,0
200801120SAS,RS,SAS,125.0,,6,4,2
200801120SAS,RS,SAS,150.0,T,6,6,0
200801120SAS,RS,SAS,194.0,LC,6,8,-2
200801120SAS,RS,SAS,257.0,T,8,8,0
200801120SAS,RS,SAS,275.0,,8,11,-3
200801120SAS,RS,SAS,333.0,T,11,11,0
200801120SAS,RS,SAS,417.0,,11,13,-2
200801120SAS,RS,SAS,439.0,T,13,13,0
200801120SAS,RS,SAS,461.0,LC,15,13,2
200801120SAS,RS,SAS,476.0,LC,15,16,-1
200801120SAS,RS,SAS,502.0,LC,17,16,1
200801120SAS,RS,SAS,532.0,,19,16,3
200801120SAS,RS,SAS,587.0,,19,17,2
200801120SAS,RS,SAS,620.0,,22,17,5
200801120SAS,RS,SAS,635.0,,22,19,3
200801120SAS,RS,SAS,652.0,,23,19,4
200801120SAS,RS,SAS,652.0,,24,19,5
200801120SAS,RS,SAS,668.6,,24,22,2
200801120SAS,RS,SAS,720.0,T,24,24,0
200801120SAS,RS,SAS,743.0,,26,24,2
200801120SAS,RS,SAS,783.0,,28,24,4
200801120SAS,RS,SAS,823.0,,28,27,1
200801120SAS,RS,SAS,849.0,LC,28,30,-2
200801120SAS,RS,SAS,874.0,,28,32,-4
200801120SAS,RS,SAS,898.0,,28,33,-5
200801120SAS,RS,SAS,972.0,,30,33,-3
200801120SAS,RS,SAS,1078.0,,32,33,-1
200801120SAS,RS,SAS,1166.0,,32,35,-3
200801120SAS,RS,SAS,1184.0,,34,35,-1
200801120SAS,RS,SAS,1222.0,T,35,35,0
200801120SAS,RS,SAS,1222.0,LC,36,35,1
200801120SAS,RS,SAS,1236.0,T,36,36,0
200801120SAS,RS,SAS,1236.0,LC,36,37,-1
200801120SAS,RS,SAS,1281.0,LC,39,37,2
200801120SAS,RS,SAS,1296.0,LC,39,40,-1
200801120SAS,RS,SAS,1310.0,LC,41,40,1
200801120SAS,RS,SAS,1325.0,T,41,41,0
200801120SAS,RS,SAS,1325.0,LC,41,42,-1
200801120SAS,RS,SAS,1366.0,,41,44,-3
200801120SAS,RS,SAS,1395.9,,43,44,-1
200801120SAS,RS,SAS,1439.7,LC,45,44,1
200801120SAS,RS,SAS,1516.0,LC,45,47,-2
200801120SAS,RS,SAS,1534.0,,45,49,-4
200801120SAS,RS,SAS,1569.0,,45,51,-6
200801120SAS,RS,SAS,1626.0,,47,51,-4
200801120SAS,RS,SAS,1659.0,,47,52,-5
200801120SAS,RS,SAS,1663.0,,47,55,-8
200801120SAS,RS,SAS,1683.0,,48,55,-7
200801120SAS,RS,SAS,1683.0,,49,55,-6
200801120SAS,RS,SAS,1699.0,,49,56,-7
200801120SAS,RS,SAS,1720.0,,51,56,-5
200801120SAS,RS,SAS,1737.0,,51,58,-7
200801120SAS,RS,SAS,1756.0,,53,58,-5
200801120SAS,RS,SAS,1793.0,,55,58,-3
200801120SAS,RS,SAS,1834.0,,55,60,-5
200801120SAS,RS,SAS,1846.0,,55,61,-6
200801120SAS,RS,SAS,1846.0,,55,62,-7
200801120SAS,RS,SAS,1868.0,,55,63,-8
200801120SAS,RS,SAS,1903.0,,57,63,-6
200801120SAS,RS,SAS,1924.0,,57,65,-8
200801120SAS,RS,SAS,1950.0,,57,67,-10
200801120SAS,RS,SAS,1967.0,,57,68,-11
200801120SAS,RS,SAS,1987.0,,59,68,-9
200801120SAS,RS,SAS,1987.0,,60,68,-8
200801120SAS,RS,SAS,2003.0,,60,71,-11
200801120SAS,RS,SAS,2068.0,,60,73,-13
200801120SAS,RS,SAS,2104.1,,62,73,-11
200801120SAS,RS,SAS,2124.5,,62,75,-13
200801120SAS,RS,SAS,2127.7,,63,75,-12
200801120SAS,RS,SAS,2127.7,,64,75,-11
200801120SAS,RS,SAS,2151.7,,66,75,-9
200801120SAS,RS,SAS,2173.0,,68,75,-7
200801120SAS,RS,SAS,2215.0,,70,75,-5
200801120SAS,RS,SAS,2235.0,,70,77,-7
200801120SAS,RS,SAS,2253.0,,70,79,-9
200801120SAS,RS,SAS,2299.0,,72,79,-7
200801120SAS,RS,SAS,2362.0,,72,80,-8
200801120SAS,RS,SAS,2376.0,,72,83,-11
200801120SAS,RS,SAS,2394.0,,74,83,-9
200801120SAS,RS,SAS,2407.0,,74,85,-11
200801120SAS,RS,SAS,2426.0,,76,85,-9
200801120SAS,RS,SAS,2450.0,,78,85,-7
200801120SAS,RS,SAS,2498.0,,78,87,-9
200801120SAS,RS,SAS,2511.0,,78,89,-11
200801120SAS,RS,SAS,2595.0,,80,89,-9
200801120SAS,RS,SAS,2608.0,,80,90,-10
200801120SAS,RS,SAS,2608.0,,80,91,-11
200801120SAS,RS,SAS,2621.0,,80,92,-12
200801120SAS,RS,SAS,2621.0,,80,93,-13
200801120SAS,RS,SAS,2633.0,,80,94,-14
200801120SAS,RS,SAS,2652.0,,80,96,-16
200801120SAS,RS,SAS,2683.0,,80,98,-18
200801120SAS,RS,SAS,2694.0,,83,98,-15
200801120SAS,RS,SAS,2705.0,,83,101,-18
200801120SAS,RS,SAS,2753.0,,85,101,-16
200801120SAS,RS,SAS,2766.0,,85,102,-17
200801120SAS,RS,SAS,2766.0,,85,103,-18
200801120SAS,RS,SAS,2777.0,,86,103,-17
200801120SAS,RS,SAS,2777.0,,87,103,-16
200801120SAS,RS,SAS,2838.4,,88,103,-15
200801120SAS,RS,SAS,2875.9,,88,104,-16
200801120SAS,RS,SAS,2875.9,F,88,105,-17
200801120SAS,RS,SAS,2880.0,,88,105,-17
200801150MIN,RS,GSW,0.0,,0,0,0
200801150MIN,RS,GSW,24.0,,0,1,-1
200801150MIN,RS,GSW,24.0,,0,2,-2
200801150MIN,RS,GSW,50.0,T,2,2,0
200801150MIN,RS,GSW,81.0,,2,5,-3
200801150MIN,RS,GSW,97.0,,4,5,-1
200801150MIN,RS,GSW,122.0,LC,6,5,1
200801150MIN,RS,GSW,139.0,LC,6,7,-1
200801150MIN,RS,GSW,164.0,,6,9,-3
200801150MIN,RS,GSW,181.0,,8,9,-1
200801150MIN,RS,GSW,217.0,,8,11,-3
200801150MIN,RS,GSW,275.0,,10,11,-1
200801150MIN,RS,GSW,302.0,LC,12,11,1
200801150MIN,RS,GSW,323.0,,14,11,3
200801150MIN,RS,GSW,346.0,T,14,14,0
200801150MIN,RS,GSW,381.0,,15,14,1
200801150MIN,RS,GSW,400.0,,17,14,3
200801150MIN,RS,GSW,418.0,,17,16,1
200801150MIN,RS,GSW,482.0,LC,17,18,-1
200801150MIN,RS,GSW,499.0,LC,20,18,2
200801150MIN,RS,GSW,517.0,,20,19,1
200801150MIN,RS,GSW,587.0,T,20,20,0
200801150MIN,RS,GSW,587.0,LC,20,21,-1
200801150MIN,RS,GSW,622.0,,20,23,-3
200801150MIN,RS,GSW,658.0,,20,25,-5
200801150MIN,RS,GSW,683.1,,22,25,-3
200801150MIN,RS,GSW,696.1,,22,26,-4
200801150MIN,RS,GSW,708.3,,22,28,-6
200801150MIN,RS,GSW,717.1,,24,28,-4
200801150MIN,RS,GSW,772.0,,24,29,-5
200801150MIN,RS,GSW,801.0,,25,29,-4
200801150MIN,RS,GSW,801.0,,26,29,-3
200801150MIN,RS,GSW,839.0,,28,29,-1
200801150MIN,RS,GSW,903.0,,28,31,-3
200801150MIN,RS,GSW,916.0,T,31,31,0
200801150MIN,RS,GSW,956.0,LC,33,31,2
200801150MIN,RS,GSW,956.0,,34,31,3
200801150MIN,RS,GSW,978.0,T,34,34,0
200801150MIN,RS,GSW,1086.0,LC,34,37,-3
200801150MIN,RS,GSW,1117.0,,34,39,-5
200801150MIN,RS,GSW,1142.0,,36,39,-3
200801150MIN,RS,GSW,1175.0,,36,41,-5
200801150MIN,RS,GSW,1217.0,,36,42,-6
200801150MIN,RS,GSW,1217.0,,36,43,-7
200801150MIN,RS,GSW,1235.0,,38,43,-5
200801150MIN,RS,GSW,1242.0,,38,45,-7
200801150MIN,RS,GSW,1276.0,,38,47,-9
200801150MIN,RS,GSW,1306.0,,38,49,-11
200801150MIN,RS,GSW,1306.0,,38,50,-12
200801150MIN,RS,GSW,1317.0,,39,50,-11
200801150MIN,RS,GSW,1317.0,,40,50,-10
200801150MIN,RS,GSW,1337.0,,40,51,-11
200801150MIN,RS,GSW,1337.0,,40,52,-12
200801150MIN,RS,GSW,1360.0,,40,53,-13
200801150MIN,RS,GSW,1389.4,,42,53,-11
200801150MIN,RS,GSW,1402.7,,42,56,-14
200801150MIN,RS,GSW,1419.0,,43,56,-13
200801150MIN,RS,GSW,1419.0,,44,56,-12
200801150MIN,RS,GSW,1541.0,,46,56,-10
200801150MIN,RS,GSW,1584.0,,46,59,-13
200801150MIN,RS,GSW,1600.0,,48,59,-11
200801150MIN,RS,GSW,1623.0,,48,61,-13
200801150MIN,RS,GSW,1623.0,,48,62,-14
200801150MIN,RS,GSW,1654.0,,50,62,-12
200801150MIN,RS,GSW,1698.0,,52,62,-10
200801150MIN,RS,GSW,1725.0,,54,62,-8
200801150MIN,RS,GSW,1763.0,,56,62,-6
200801150MIN,RS,GSW,1798.0,,58,62,-4
200801150MIN,RS,GSW,1814.0,,58,64,-6
200801150MIN,RS,GSW,1843.0,,58,65,-7
200801150MIN,RS,GSW,1876.0,,58,67,-9
200801150MIN,RS,GSW,1885.0,,59,67,-8
200801150MIN,RS,GSW,1885.0,,60,67,-7
200801150MIN,RS,GSW,1930.0,,60,69,-9
200801150MIN,RS,GSW,1952.0,,60,71,-11
200801150MIN,RS,GSW,1952.0,,60,72,-12
200801150MIN,RS,GSW,1981.0,,60,74,-14
200801150MIN,RS,GSW,2001.0,,62,74,-12
200801150MIN,RS,GSW,2030.0,,62,76,-14
200801150MIN,RS,GSW,2054.0,,64,76,-12
200801150MIN,RS,GSW,2092.0,,66,76,-10
200801150MIN,RS,GSW,2111.8,,66,78,-12
200801150MIN,RS,GSW,2154.6,,66,81,-15
200801150MIN,RS,GSW,2159.2,,66,83,-17
200801150MIN,RS,GSW,2208.0,,66,86,-20
200801150MIN,RS,GSW,2230.0,,68,86,-18
200801150MIN,RS,GSW,2265.0,,71,86,-15
200801150MIN,RS,GSW,2280.0,,71,88,-17
200801150MIN,RS,GSW,2290.0,,73,88,-15
200801150MIN,RS,GSW,2327.0,,74,88,-14
200801150MIN,RS,GSW,2327.0,,75,88,-13
200801150MIN,RS,GSW,2341.0,,75,90,-15
200801150MIN,RS,GSW,2361.0,,78,90,-12
200801150MIN,RS,GSW,2370.0,,78,91,-13
200801150MIN,RS,GSW,2370.0,,78,92,-14
200801150MIN,RS,GSW,2475.0,,80,92,-12
200801150MIN,RS,GSW,2475.0,,81,92,-11
200801150MIN,RS,GSW,2489.0,,81,93,-12
200801150MIN,RS,GSW,2489.0,,81,94,-13
200801150MIN,RS,GSW,2503.0,,83,94,-11
200801150MIN,RS,GSW,2562.0,,86,94,-8
200801150MIN,RS,GSW,2589.0,,88,94,-6
200801150MIN,RS,GSW,2598.0,,88,95,-7
200801150MIN,RS,GSW,2612.0,,88,96,-8
200801150MIN,RS,GSW,2629.0,,90,96,-6
200801150MIN,RS,GSW,2674.0,,91,96,-5
200801150MIN,RS,GSW,2674.0,,92,96,-4
200801150MIN,RS,GSW,2690.0,,92,99,-7
200801150MIN,RS,GSW,2715.0,,92,101,-9
200801150MIN,RS,GSW,2761.0,,93,101,-8
200801150MIN,RS,GSW,2792.0,,93,102,-9
200801150MIN,RS,GSW,2816.0,,93,105,-12
200801150MIN,RS,GSW,2848.3,,96,105,-9
200801150MIN,RS,GSW,2867.3,,97,105,-8
200801150MIN,RS,GSW,2867.3,F,98,105,-7
200801150MIN,RS,GSW,2880.0,,98,105,-7
200801180PHO,RS,PHO,0.0,,0,0,0
200801180PHO,RS,PHO,17.0,,0,2,-2
200801180PHO,RS,PHO,42.0,T,2,2,0
200801180PHO,RS,PHO,48.0,,2,3,-1
200801180PHO,RS,PHO,48.0,,2,4,-2
200801180PHO,RS,PHO,64.0,T,4,4,0
200801180PHO,RS,PHO,64.0,LC,5,4,1
200801180PHO,RS,PHO,76.0,LC,5,6,-1
200801180PHO,RS,PHO,129.0,LC,7,6,1
200801180PHO,RS,PHO,144.0,LC,7,9,-2
200801180PHO,RS,PHO,201.0,T,9,9,0
200801180PHO,RS,PHO,213.0,,9,11,-2
200801180PHO,RS,PHO,255.0,LC,12,11,1
200801180PHO,RS,PHO,271.0,LC,12,13,-1
200801180PHO,RS,PHO,291.0,LC,14,13,1
200801180PHO,RS,PHO,315.0,T,14,14,0
200801180PHO,RS,PHO,315.0,LC,14,15,-1
200801180PHO,RS,PHO,355.0,,14,17,-3
200801180PHO,RS,PHO,368.0,,15,17,-2
200801180PHO,RS,PHO,368.0,,16,17,-1
200801180PHO,RS,PHO,385.0,LC,18,17,1
200801180PHO,RS,PHO,405.0,LC,18,19,-1
200801180PHO,RS,PHO,429.0,,18,20,-2
200801180PHO,RS,PHO,455.0,,18,22,-4
200801180PHO,RS,PHO,467.0,,20,22,-2
200801180PHO,RS,PHO,486.0,,20,24,-4
200801180PHO,RS,PHO,535.0,,20,25,-5
200801180PHO,RS,PHO,535.0,,20,26,-6
200801180PHO,RS,PHO,551.0,,22,26,-4
200801180PHO,RS,PHO,588.0,,24,26,-2
200801180PHO,RS,PHO,614.0,LC,27,26,1
200801180PHO,RS,PHO,625.0,LC,27,28,-1
200801180PHO,RS,PHO,641.0,LC,29,28,1
200801180PHO,RS,PHO,666.0,,31,28,3
200801180PHO,RS,PHO,666.0,,32,28,4
200801180PHO,RS,PHO,749.0,,32,30,2
200801180PHO,RS,PHO,770.0,,34,30,4
200801180PHO,RS,PHO,810.0,,34,32,2
200801180PHO,RS,PHO,828.0,,34,33,1
200801180PHO,RS,PHO,846.0,,36,33,3
200801180PHO,RS,PHO,895.0,,38,33,5
200801180PHO,RS,PHO,936.0,,38,36,2
200801180PHO,RS,PHO,957.0,,40,36,4
200801180PHO,RS,PHO,975.0,,40,38,2
200801180PHO,RS,PHO,1000.0,,41,38,3
200801180PHO,RS,PHO,1033.0,T,41,41,0
200801180PHO,RS,PHO,1053.0,,43,41,2
200801180PHO,RS,PHO,1094.0,LC,43,44,-1
200801180PHO,RS,PHO,1126.0,,43,47,-4
200801180PHO,RS,PHO,1166.0,,43,49,-6
200801180PHO,RS,PHO,1212.0,,43,51,-8
200801180PHO,RS,PHO,1252.0,,43,54,-11
200801180PHO,RS,PHO,1288.0,,45,54,-9
200801180PHO,RS,PHO,1332.0,,45,56,-11
200801180PHO,RS,PHO,1350.0,,46,56,-10
200801180PHO,RS,PHO,1350.0,,47,56,-9
200801180PHO,RS,PHO,1383.1,,47,58,-11
200801180PHO,RS,PHO,1396.1,,49,58,-9
200801180PHO,RS,PHO,1404.5,,49,59,-10
200801180PHO,RS,PHO,1404.5,,49,60,-11
200801180PHO,RS,PHO,1436.6,,49,63,-14
200801180PHO,RS,PHO,1463.0,,51,63,-12
200801180PHO,RS,PHO,1477.0,,51,65,-14
200801180PHO,RS,PHO,1509.0,,53,65,-12
200801180PHO,RS,PHO,1568.0,,53,67,-14
200801180PHO,RS,PHO,1597.0,,53,69,-16
200801180PHO,RS,PHO,1617.0,,54,69,-15
200801180PHO,RS,PHO,1617.0,,55,69,-14
200801180PHO,RS,PHO,1629.0,,55,71,-16
200801180PHO,RS,PHO,1698.0,,55,73,-18
200801180PHO,RS,PHO,1715.0,,57,73,-16
200801180PHO,RS,PHO,1753.0,,57,75,-18
200801180PHO,RS,PHO,1774.0,,58,75,-17
200801180PHO,RS,PHO,1789.0,,58,77,-19
200801180PHO,RS,PHO,1808.0,,60,77,-17
200801180PHO,RS,PHO,1849.0,,60,80,-20
200801180PHO,RS,PHO,1870.0,,60,82,-22
200801180PHO,RS,PHO,1895.0,,60,84,-24
200801180PHO,RS,PHO,1942.0,,60,86,-26
200801180PHO,RS,PHO,1958.0,,62,86,-24
200801180PHO,RS,PHO,2003.0,,62,87,-25
200801180PHO,RS,PHO,2003.0,,62,88,-26
200801180PHO,RS,PHO,2014.0,,64,88,-24
200801180PHO,RS,PHO,2014.0,,65,88,-23
200801180PHO,RS,PHO,2050.0,,67,88,-21
200801180PHO,RS,PHO,2078.0,,69,88,-19
200801180PHO,RS,PHO,2100.0,,69,91,-22
200801180PHO,RS,PHO,2155.6,,71,91,-20
200801180PHO,RS,PHO,2155.6,,72,91,-19
200801180PHO,RS,PHO,2182.0,,72,94,-22
200801180PHO,RS,PHO,2199.0,,74,94,-20
200801180PHO,RS,PHO,2214.0,,74,96,-22
200801180PHO,RS,PHO,2246.0,,74,98,-24
200801180PHO,RS,PHO,2246.0,,74,99,-25
200801180PHO,RS,PHO,2261.0,,75,99,-24
200801180PHO,RS,PHO,2264.0,,77,99,-22
200801180PHO,RS,PHO,2298.0,,79,99,-20
200801180PHO,RS,PHO,2316.0,,79,101,-22
200801180PHO,RS,PHO,2340.0,,79,102,-23
200801180PHO,RS,PHO,2374.0,,80,102,-22
200801180PHO,RS,PHO,2383.0,,82,102,-20
200801180PHO,RS,PHO,2403.0,,82,104,-22
200801180PHO,RS,PHO,2443.0,,82,106,-24
200801180PHO,RS,PHO,2475.0,,82,108,-26
200801180PHO,RS,PHO,2494.0,,82,109,-27
200801180PHO,RS,PHO,2494.0,,82,110,-28
200801180PHO,RS,PHO,2540.0,,84,110,-26
200801180PHO,RS,PHO,2558.0,,86,110,-24
200801180PHO,RS,PHO,2607.0,,86,112,-26
200801180PHO,RS,PHO,2621.0,,88,112,-24
200801180PHO,RS,PHO,2649.0,,88,115,-27
200801180PHO,RS,PHO,2684.0,,90,115,-25
200801180PHO,RS,PHO,2710.0,,92,115,-23
200801180PHO,RS,PHO,2789.0,,94,115,-21
200801180PHO,RS,PHO,2824.2,F,95,115,-20
200801180PHO,RS,PHO,2880.0,,95,115,-20
200801190DEN,RS,DEN,0.0,,0,0,0
200801190DEN,RS,DEN,16.0,,0,2,-2
200801190DEN,RS,DEN,37.0,T,2,2,0
200801190DEN,RS,DEN,48.0,,2,3,-1
200801190DEN,RS,DEN,48.0,,2,4,-2
200801190DEN,RS,DEN,81.0,,2,5,-3
200801190DEN,RS,DEN,81.0,,2,6,-4
200801190DEN,RS,DEN,100.0,,4,6,-2
200801190DEN,RS,DEN,118.0,,4,8,-4
200801190DEN,RS,DEN,137.0,,6,8,-2
200801190DEN,RS,DEN,191.0,LC,9,8,1
200801190DEN,RS,DEN,196.0,LC,9,10,-1
200801190DEN,RS,DEN,215.0,LC,11,10,1
200801190DEN,RS,DEN,233.0,,13,10,3
200801190DEN,RS,DEN,246.0,,13,12,1
200801190DEN,RS,DEN,259.0,,15,12,3
200801190DEN,RS,DEN,269.0,,15,13,2
200801190DEN,RS,DEN,292.0,,17,13,4
200801190DEN,RS,DEN,312.0,,19,13,6
200801190DEN,RS,DEN,335.0,,21,13,8
200801190DEN,RS,DEN,365.0,,21,15,6
200801190DEN,RS,DEN,365.0,,21,16,5
200801190DEN,RS,DEN,388.0,,21,17,4
200801190DEN,RS,DEN,389.0,,21,18,3
200801190DEN,RS,DEN,389.0,,21,19,2
200801190DEN,RS,DEN,405.0,,23,19,4
200801190DEN,RS,DEN,415.0,,23,20,3
200801190DEN,RS,DEN,415.0,,23,21,2
200801190DEN,RS,DEN,464.0,,23,22,1
200801190DEN,RS,DEN,468.0,LC,23,24,-1
200801190DEN,RS,DEN,488.0,LC,25,24,1
200801190DEN,RS,DEN,503.0,LC,25,26,-1
200801190DEN,RS,DEN,539.0,,25,28,-3
200801190DEN,RS,DEN,554.0,T,28,28,0
200801190DEN,RS,DEN,566.0,,28,30,-2
200801190DEN,RS,DEN,582.0,,29,30,-1
200801190DEN,RS,DEN,630.0,,29,32,-3
200801190DEN,RS,DEN,656.0,,29,34,-5
200801190DEN,RS,DEN,673.9,,31,34,-3
200801190DEN,RS,DEN,747.0,,31,36,-5
200801190DEN,RS,DEN,779.0,,31,38,-7
200801190DEN,RS,DEN,812.0,,31,41,-10
200801190DEN,RS,DEN,836.0,,33,41,-8
200801190DEN,RS,DEN,846.0,,33,42,-9
200801190DEN,RS,DEN,846.0,,33,43,-10
200801190DEN,RS,DEN,864.0,,35,43,-8
200801190DEN,RS,DEN,873.0,,35,45,-10
200801190DEN,RS,DEN,888.0,,35,47,-12
200801190DEN,RS,DEN,908.0,,35,48,-13
200801190DEN,RS,DEN,930.0,,36,48,-12
200801190DEN,RS,DEN,978.0,,36,50,-14
200801190DEN,RS,DEN,1006.0,,38,50,-12
200801190DEN,RS,DEN,1032.0,,38,52,-14
200801190DEN,RS,DEN,1047.0,,40,52,-12
200801190DEN,RS,DEN,1056.0,,40,53,-13
200801190DEN,RS,DEN,1056.0,,40,54,-14
200801190DEN,RS,DEN,1107.0,,42,54,-12
200801190DEN,RS,DEN,1120.0,,42,56,-14
200801190DEN,RS,DEN,1136.0,,45,56,-11
200801190DEN,RS,DEN,1160.0,,46,56,-10
200801190DEN,RS,DEN,1160.0,,47,56,-9
200801190DEN,RS,DEN,1200.0,,50,56,-6
200801190DEN,RS,DEN,1215.0,,52,56,-4
200801190DEN,RS,DEN,1255.0,,54,56,-2
200801190DEN,RS,DEN,1319.0,,54,58,-4
200801190DEN,RS,DEN,1343.0,,56,58,-2
200801190DEN,RS,DEN,1369.0,T,58,58,0
200801190DEN,RS,DEN,1398.1,LC,60,58,2
200801190DEN,RS,DEN,1407.7,T,60,60,0
200801190DEN,RS,DEN,1457.0,,62,60,2
200801190DEN,RS,DEN,1475.0,T,62,62,0
200801190DEN,RS,DEN,1526.0,,64,62,2
200801190DEN,RS,DEN,1570.0,,64,63,1
200801190DEN,RS,DEN,1587.0,,66,63,3
200801190DEN,RS,DEN,1607.0,,66,65,1
200801190DEN,RS,DEN,1621.0,,68,65,3
200801190DEN,RS,DEN,1631.0,,68,67,1
200801190DEN,RS,DEN,1631.0,T,68,68,0
200801190DEN,RS,DEN,1649.0,,70,68,2
200801190DEN,RS,DEN,1666.0,T,70,70,0
200801190DEN,RS,DEN,1681.0,,73,70,3
200801190DEN,RS,DEN,1708.0,,76,70,6
200801190DEN,RS,DEN,1728.0,,76,71,5
200801190DEN,RS,DEN,1728.0,,76,72,4
200801190DEN,RS,DEN,1744.0,,78,72,6
200801190DEN,RS,DEN,1763.0,,80,72,8
200801190DEN,RS,DEN,1786.0,,80,74,6
200801190DEN,RS,DEN,1831.0,,81,74,7
200801190DEN,RS,DEN,1831.0,,82,74,8
200801190DEN,RS,DEN,1864.0,,82,76,6
200801190DEN,RS,DEN,1881.0,,82,77,5
200801190DEN,RS,DEN,1899.0,,85,77,8
200801190DEN,RS,DEN,1924.0,,85,78,7
200801190DEN,RS,DEN,1960.0,,85,79,6
200801190DEN,RS,DEN,1960.0,,85,80,5
200801190DEN,RS,DEN,1972.0,,87,80,7
200801190DEN,RS,DEN,1987.0,,87,83,4
200801190DEN,RS,DEN,2045.0,,87,84,3
200801190DEN,RS,DEN,2045.0,,87,85,2
200801190DEN,RS,DEN,2062.0,,90,85,5
200801190DEN,RS,DEN,2104.7,,90,87,3
200801190DEN,RS,DEN,2193.0,T,90,90,0
200801190DEN,RS,DEN,2255.0,,92,90,2
200801190DEN,RS,DEN,2299.0,T,92,92,0
200801190DEN,RS,DEN,2318.0,,95,92,3
200801190DEN,RS,DEN,2335.0,,95,94,1
200801190DEN,RS,DEN,2369.0,T,95,95,0
200801190DEN,RS,DEN,2391.0,,97,95,2
200801190DEN,RS,DEN,2404.0,T,97,97,0
200801190DEN,RS,DEN,2404.0,LC,97,98,-1
200801190DEN,RS,DEN,2417.0,T,98,98,0
200801190DEN,RS,DEN,2417.0,LC,99,98,1
200801190DEN,RS,DEN,2427.0,LC,99,100,-1
200801190DEN,RS,DEN,2440.0,T,100,100,0
200801190DEN,RS,DEN,2440.0,LC,101,100,1
200801190DEN,RS,DEN,2601.0,T,101,101,0
200801190DEN,RS,DEN,2601.0,LC,101,102,-1
200801190DEN,RS,DEN,2699.0,LC,103,102,1
200801190DEN,RS,DEN,2713.0,T,103,103,0
200801190DEN,RS,DEN,2713.0,LC,103,104,-1
200801190DEN,RS,DEN,2732.0,T,104,104,0
200801190DEN,RS,DEN,2732.0,LC,105,104,1
200801190DEN,RS,DEN,2804.0,,108,104,4
200801190DEN,RS,DEN,2817.0,,108,107,1
200801190DEN,RS,DEN,2850.3,LC,108,109,-1
200801190DEN,RS,DEN,2873.6,,108,110,-2
200801190DEN,RS,DEN,2873.6,F,108,111,-3
200801190DEN,RS,DEN,2880.0,,108,111,-3
200801210GSW,RS,GSW,0.0,,0,0,0
200801210GSW,RS,GSW,42.0,,2,0,2
200801210GSW,RS,GSW,56.0,T,2,2,0
200801210GSW,RS,GSW,80.0,,5,2,3
200801210GSW,RS,GSW,90.0,,5,4,1
200801210GSW,RS,GSW,112.0,LC,5,6,-1
200801210GSW,RS,GSW,149.0,,5,8,-3
200801210GSW,RS,GSW,170.0,,7,8,-1
200801210GSW,RS,GSW,209.0,,7,10,-3
200801210GSW,RS,GSW,234.0,,7,11,-4
200801210GSW,RS,GSW,234.0,,7,12,-5
200801210GSW,RS,GSW,255.0,,9,12,-3
200801210GSW,RS,GSW,307.0,,11,12,-1
200801210GSW,RS,GSW,340.0,LC,13,12,1
200801210GSW,RS,GSW,415.0,,14,12,2
200801210GSW,RS,GSW,415.0,,15,12,3
200801210GSW,RS,GSW,431.0,,15,14,1
200801210GSW,RS,GSW,458.0,,17,14,3
200801210GSW,RS,GSW,469.0,,17,16,1
200801210GSW,RS,GSW,479.0,,19,16,3
200801210GSW,RS,GSW,494.0,,19,18,1
200801210GSW,RS,GSW,506.0,,20,18,2
200801210GSW,RS,GSW,515.0,,20,19,1
200801210GSW,RS,GSW,549.0,LC,20,21,-1
200801210GSW,RS,GSW,564.0,LC,22,21,1
200801210GSW,RS,GSW,564.0,,23,21,2
200801210GSW,RS,GSW,580.0,T,23,23,0
200801210GSW,RS,GSW,619.0,,26,23,3
200801210GSW,RS,GSW,659.0,,28,23,5
200801210GSW,RS,GSW,678.4,,31,23,8
200801210GSW,RS,GSW,711.9,,33,23,10
200801210GSW,RS,GSW,755.0,,33,25,8
200801210GSW,RS,GSW,755.0,,33,26,7
200801210GSW,RS,GSW,755.0,,33,27,6
200801210GSW,RS,GSW,769.0,,34,27,7
200801210GSW,RS,GSW,803.0,,36,27,9
200801210GSW,RS,GSW,803.0,,37,27,10
200801210GSW,RS,GSW,841.0,,38,27,11
200801210GSW,RS,GSW,856.0,,38,30,8
200801210GSW,RS,GSW,879.0,,38,32,6
200801210GSW,RS,GSW,924.0,,38,33,5
200801210GSW,RS,GSW,924.0,,38,34,4
200801210GSW,RS,GSW,954.0,,38,37,1
200801210GSW,RS,GSW,974.0,,40,37,3
200801210GSW,RS,GSW,983.0,T,40,40,0
200801210GSW,RS,GSW,1013.0,LC,40,42,-2
200801210GSW,RS,GSW,1038.0,T,42,42,0
200801210GSW,RS,GSW,1071.0,LC,44,42,2
200801210GSW,RS,GSW,1080.0,T,44,44,0
200801210GSW,RS,GSW,1128.0,,47,44,3
200801210GSW,RS,GSW,1182.0,,47,46,1
200801210GSW,RS,GSW,1256.0,LC,47,48,-1
200801210GSW,RS,GSW,1316.0,,47,50,-3
200801210GSW,RS,GSW,1338.0,,49,50,-1
200801210GSW,RS,GSW,1408.5,,49,52,-3
200801210GSW,RS,GSW,1455.0,,49,54,-5
200801210GSW,RS,GSW,1478.0,,49,57,-8
200801210GSW,RS,GSW,1496.0,,51,57,-6
200801210GSW,RS,GSW,1496.0,,52,57,-5
200801210GSW,RS,GSW,1508.0,,52,60,-8
200801210GSW,RS,GSW,1530.0,,55,60,-5
200801210GSW,RS,GSW,1544.0,,55,61,-6
200801210GSW,RS,GSW,1566.0,,57,61,-4
200801210GSW,RS,GSW,1585.0,,58,61,-3
200801210GSW,RS,GSW,1585.0,,59,61,-2
200801210GSW,RS,GSW,1599.0,,59,62,-3
200801210GSW,RS,GSW,1599.0,,59,63,-4
200801210GSW,RS,GSW,1615.0,,60,63,-3
200801210GSW,RS,GSW,1615.0,,61,63,-2
200801210GSW,RS,GSW,1657.0,T,63,63,0
200801210GSW,RS,GSW,1699.0,LC,65,63,2
200801210GSW,RS,GSW,1713.0,,65,64,1
200801210GSW,RS,GSW,1713.0,T,65,65,0
200801210GSW,RS,GSW,1727.0,,67,65,2
200801210GSW,RS,GSW,1747.0,LC,67,68,-1
200801210GSW,RS,GSW,1766.0,LC,69,68,1
200801210GSW,RS,GSW,1782.0,T,69,69,0
200801210GSW,RS,GSW,1797.0,,70,69,1
200801210GSW,RS,GSW,1810.0,T,70,70,0
200801210GSW,RS,GSW,1862.0,LC,70,72,-2
200801210GSW,RS,GSW,1890.0,,71,72,-1
200801210GSW,RS,GSW,1902.0,,71,74,-3
200801210GSW,RS,GSW,1912.0,,72,74,-2
200801210GSW,RS,GSW,1912.0,,73,74,-1
200801210GSW,RS,GSW,1940.0,,73,75,-2
200801210GSW,RS,GSW,1952.0,LC,76,75,1
200801210GSW,RS,GSW,1991.0,,78,75,3
200801210GSW,RS,GSW,2007.0,,80,75,5
200801210GSW,RS,GSW,2022.0,,80,78,2
200801210GSW,RS,GSW,2043.0,,83,78,5
200801210GSW,RS,GSW,2104.4,,83,79,4
200801210GSW,RS,GSW,2104.4,,83,80,3
200801210GSW,RS,GSW,2123.2,,85,80,5
200801210GSW,RS,GSW,2178.0,,87,80,7
200801210GSW,RS,GSW,2198.0,,87,81,6
200801210GSW,RS,GSW,2223.0,,90,81,9
200801210GSW,RS,GSW,2255.0,,92,81,11
200801210GSW,RS,GSW,2291.0,,92,84,8
200801210GSW,RS,GSW,2326.0,,92,86,6
200801210GSW,RS,GSW,2350.0,,92,88,4
200801210GSW,RS,GSW,2372.0,,93,88,5
200801210GSW,RS,GSW,2395.0,,93,90,3
200801210GSW,RS,GSW,2395.0,,93,91,2
200801210GSW,RS,GSW,2494.0,,96,91,5
200801210GSW,RS,GSW,2512.0,,96,93,3
200801210GSW,RS,GSW,2532.0,,98,93,5
200801210GSW,RS,GSW,2554.0,,100,93,7
200801210GSW,RS,GSW,2570.0,,100,94,6
200801210GSW,RS,GSW,2570.0,,100,95,5
200801210GSW,RS,GSW,2623.0,,100,98,2
200801210GSW,RS,GSW,2645.0,,102,98,4
200801210GSW,RS,GSW,2652.0,,102,101,1
200801210GSW,RS,GSW,2674.0,,103,101,2
200801210GSW,RS,GSW,2691.0,T,103,103,0
200801210GSW,RS,GSW,2712.0,,105,103,2
200801210GSW,RS,GSW,2722.0,T,105,105,0
200801210GSW,RS,GSW,2748.0,,107,105,2
200801210GSW,RS,GSW,2760.0,,107,106,1
200801210GSW,RS,GSW,2760.0,T,107,107,0
200801210GSW,RS,GSW,2812.0,LC,107,108,-1
200801210GSW,RS,GSW,2825.5,T,108,108,0
200801210GSW,RS,GSW,2825.5,F,109,108,1
200801210GSW,RS,GSW,2880.0,,109,108,1
200801230MIN,RS,PHO,0.0,,0,0,0
200801230MIN,RS,PHO,34.0,,0,2,-2
200801230MIN,RS,PHO,53.0,T,2,2,0
200801230MIN,RS,PHO,78.0,,2,4,-2
200801230MIN,RS,PHO,148.0,,2,6,-4
200801230MIN,RS,PHO,189.0,,2,7,-5
200801230MIN,RS,PHO,199.0,,2,10,-8
200801230MIN,RS,PHO,214.0,,4,10,-6
200801230MIN,RS,PHO,227.0,,4,12,-8
200801230MIN,RS,PHO,253.0,,4,14,-10
200801230MIN,RS,PHO,276.0,,6,14,-8
200801230MIN,RS,PHO,295.0,,6,16,-10
200801230MIN,RS,PHO,313.0,,8,16,-8
200801230MIN,RS,PHO,335.0,,10,16,-6
200801230MIN,RS,PHO,335.0,,11,16,-5
200801230MIN,RS,PHO,350.0,,13,16,-3
200801230MIN,RS,PHO,378.0,,15,16,-1
200801230MIN,RS,PHO,403.0,T,16,16,0
200801230MIN,RS,PHO,418.0,,16,18,-2
200801230MIN,RS,PHO,440.0,,16,19,-3
200801230MIN,RS,PHO,440.0,,16,20,-4
200801230MIN,RS,PHO,479.0,,18,20,-2
200801230MIN,RS,PHO,501.0,T,20,20,0
200801230MIN,RS,PHO,535.0,LC,22,20,2
200801230MIN,RS,PHO,549.0,,22,21,1
200801230MIN,RS,PHO,549.0,T,22,22,0
200801230MIN,RS,PHO,591.0,,24,22,2
200801230MIN,RS,PHO,611.0,T,24,24,0
200801230MIN,RS,PHO,640.0,,25,24,1
200801230MIN,RS,PHO,640.0,,26,24,2
200801230MIN,RS,PHO,656.0,LC,26,27,-1
200801230MIN,RS,PHO,674.0,LC,28,27,1
200801230MIN,RS,PHO,690.6,,29,27,2
200801230MIN,RS,PHO,717.4,,32,27,5
200801230MIN,RS,PHO,761.0,,34,27,7
200801230MIN,RS,PHO,785.0,,36,27,9
200801230MIN,RS,PHO,812.0,,39,27,12
200801230MIN,RS,PHO,849.0,,39,29,10
200801230MIN,RS,PHO,867.0,,41,29,12
200801230MIN,RS,PHO,901.0,,41,31,10
200801230MIN,RS,PHO,901.0,,41,32,9
200801230MIN,RS,PHO,955.0,,43,32,11
200801230MIN,RS,PHO,971.0,,45,32,13
200801230MIN,RS,PHO,995.0,,47,32,15
200801230MIN,RS,PHO,1020.0,,49,32,17
200801230MIN,RS,PHO,1042.0,,49,34,15
200801230MIN,RS,PHO,1057.0,,50,34,16
200801230MIN,RS,PHO,1077.0,,52,34,18
200801230MIN,RS,PHO,1107.0,,54,34,20
200801230MIN,RS,PHO,1123.0,,54,36,18
200801230MIN,RS,PHO,1123.0,,54,37,17
200801230MIN,RS,PHO,1161.0,,56,37,19
200801230MIN,RS,PHO,1199.0,,56,39,17
200801230MIN,RS,PHO,1225.0,,57,39,18
200801230MIN,RS,PHO,1225.0,,58,39,19
200801230MIN,RS,PHO,1241.0,,60,39,21
200801230MIN,RS,PHO,1254.0,,60,42,18
200801230MIN,RS,PHO,1284.0,,62,42,20
200801230MIN,RS,PHO,1346.0,,62,45,17
200801230MIN,RS,PHO,1359.0,,63,45,18
200801230MIN,RS,PHO,1379.0,,63,48,15
200801230MIN,RS,PHO,1404.3,,63,50,13
200801230MIN,RS,PHO,1427.1,,65,50,15
200801230MIN,RS,PHO,1458.0,,67,50,17
200801230MIN,RS,PHO,1476.0,,67,52,15
200801230MIN,RS,PHO,1518.0,,69,52,17
200801230MIN,RS,PHO,1531.0,,69,55,14
200801230MIN,RS,PHO,1578.0,,71,55,16
200801230MIN,RS,PHO,1613.0,,72,55,17
200801230MIN,RS,PHO,1632.0,,72,57,15
200801230MIN,RS,PHO,1652.0,,74,57,17
200801230MIN,RS,PHO,1692.0,,74,59,15
200801230MIN,RS,PHO,1712.0,,75,59,16
200801230MIN,RS,PHO,1752.0,,75,61,14
200801230MIN,RS,PHO,1777.0,,76,61,15
200801230MIN,RS,PHO,1807.0,,76,62,14
200801230MIN,RS,PHO,1807.0,,76,63,13
200801230MIN,RS,PHO,1823.0,,78,63,15
200801230MIN,RS,PHO,1881.0,,78,66,12
200801230MIN,RS,PHO,1913.0,,80,66,14
200801230MIN,RS,PHO,1958.0,,80,68,12
200801230MIN,RS,PHO,1987.0,,82,68,14
200801230MIN,RS,PHO,2006.0,,82,70,12
200801230MIN,RS,PHO,2032.0,,84,70,14
200801230MIN,RS,PHO,2045.0,,84,73,11
200801230MIN,RS,PHO,2062.0,,86,73,13
200801230MIN,RS,PHO,2099.0,,88,73,15
200801230MIN,RS,PHO,2109.9,,88,75,13
200801230MIN,RS,PHO,2198.0,,89,75,14
200801230MIN,RS,PHO,2198.0,,90,75,15
200801230MIN,RS,PHO,2210.0,,90,77,13
200801230MIN,RS,PHO,2276.0,,92,77,15
200801230MIN,RS,PHO,2395.0,,92,79,13
200801230MIN,RS,PHO,2416.0,,94,79,15
200801230MIN,RS,PHO,2442.0,,95,79,16
200801230MIN,RS,PHO,2442.0,,96,79,17
200801230MIN,RS,PHO,2478.0,,98,79,19
200801230MIN,RS,PHO,2496.0,,98,81,17
200801230MIN,RS,PHO,2521.0,,98,83,15
200801230MIN,RS,PHO,2547.0,,98,84,14
200801230MIN,RS,PHO,2547.0,,98,85,13
200801230MIN,RS,PHO,2569.0,,98,87,11
200801230MIN,RS,PHO,2589.0,,100,87,13
200801230MIN,RS,PHO,2599.0,,100,89,11
200801230MIN,RS,PHO,2620.0,,102,89,13
200801230MIN,RS,PHO,2630.0,,102,92,10
200801230MIN,RS,PHO,2647.0,,104,92,12
200801230MIN,RS,PHO,2647.0,,105,92,13
200801230MIN,RS,PHO,2659.0,,105,94,11
200801230MIN,RS,PHO,2719.0,,107,94,13
200801230MIN,RS,PHO,2738.0,,107,96,11
200801230MIN,RS,PHO,2761.0,,110,96,14
200801230MIN,RS,PHO,2773.0,,110,98,12
200801230MIN,RS,PHO,2807.0,,110,100,10
200801230MIN,RS,PHO,2827.0,,112,100,12
200801230MIN,RS,PHO,2836.9,,112,101,11
200801230MIN,RS,PHO,2836.9,,112,102,10
200801230MIN,RS,PHO,2839.1,,113,102,11
200801230MIN,RS,PHO,2850.2,,113,104,9
200801230MIN,RS,PHO,2851.7,,114,104,10
200801230MIN,RS,PHO,2853.9,,114,107,7
200801230MIN,RS,PHO,2858.1,,115,107,8
200801230MIN,RS,PHO,2871.5,,116,107,9
200801230MIN,RS,PHO,2871.5,F,117,107,10
200801230MIN,RS,PHO,2880.0,,117,107,10
200801250BOS,RS,BOS,0.0,,0,0,0
200801250BOS,RS,BOS,36.0,,2,0,2
200801250BOS,RS,BOS,67.0,,4,0,4
200801250BOS,RS,BOS,101.0,,4,2,2
200801250BOS,RS,BOS,132.0,T,4,4,0
200801250BOS,RS,BOS,155.0,,6,4,2
200801250BOS,RS,BOS,165.0,,6,5,1
200801250BOS,RS,BOS,165.0,T,6,6,0
200801250BOS,RS,BOS,183.0,,7,6,1
200801250BOS,RS,BOS,183.0,,8,6,2
200801250BOS,RS,BOS,194.0,T,8,8,0
200801250BOS,RS,BOS,214.0,,9,8,1
200801250BOS,RS,BOS,219.0,,11,8,3
200801250BOS,RS,BOS,239.0,,11,10,1
200801250BOS,RS,BOS,281.0,,13,10,3
200801250BOS,RS,BOS,305.0,,15,10,5
200801250BOS,RS,BOS,330.0,,15,12,3
200801250BOS,RS,BOS,330.0,,15,13,2
200801250BOS,RS,BOS,352.0,,15,14,1
200801250BOS,RS,BOS,352.0,T,15,15,0
200801250BOS,RS,BOS,370.0,,17,15,2
200801250BOS,RS,BOS,387.0,,18,15,3
200801250BOS,RS,BOS,416.0,,18,16,2
200801250BOS,RS,BOS,416.0,,18,17,1
200801250BOS,RS,BOS,466.0,LC,18,19,-1
200801250BOS,RS,BOS,490.0,LC,20,19,1
200801250BOS,RS,BOS,503.0,LC,20,21,-1
200801250BOS,RS,BOS,530.0,,20,22,-2
200801250BOS,RS,BOS,553.0,,20,24,-4
200801250BOS,RS,BOS,574.0,,23,24,-1
200801250BOS,RS,BOS,601.0,LC,25,24,1
200801250BOS,RS,BOS,624.0,LC,25,27,-2
200801250BOS,RS,BOS,646.0,LC,28,27,1
200801250BOS,RS,BOS,689.2,,30,27,3
200801250BOS,RS,BOS,709.3,,30,28,2
200801250BOS,RS,BOS,709.3,,30,29,1
200801250BOS,RS,BOS,761.0,LC,30,31,-1
200801250BOS,RS,BOS,798.0,,30,33,-3
200801250BOS,RS,BOS,827.0,,30,35,-5
200801250BOS,RS,BOS,871.0,,32,35,-3
200801250BOS,RS,BOS,920.0,T,35,35,0
200801250BOS,RS,BOS,960.0,LC,36,35,1
200801250BOS,RS,BOS,960.0,,37,35,2
200801250BOS,RS,BOS,992.0,,39,35,4
200801250BOS,RS,BOS,1010.0,,39,38,1
200801250BOS,RS,BOS,1063.0,,41,38,3
200801250BOS,RS,BOS,1077.0,,41,39,2
200801250BOS,RS,BOS,1077.0,,41,40,1
200801250BOS,RS,BOS,1094.0,,43,40,3
200801250BOS,RS,BOS,1136.0,,44,40,4
200801250BOS,RS,BOS,1214.0,,44,41,3
200801250BOS,RS,BOS,1214.0,,44,42,2
200801250BOS,RS,BOS,1228.0,,47,42,5
200801250BOS,RS,BOS,1247.0,,47,44,3
200801250BOS,RS,BOS,1282.0,,47,46,1
200801250BOS,RS,BOS,1401.7,LC,47,48,-1
200801250BOS,RS,BOS,1437.0,,47,50,-3
200801250BOS,RS,BOS,1460.0,,47,53,-6
200801250BOS,RS,BOS,1511.0,,49,53,-4
200801250BOS,RS,BOS,1537.0,,51,53,-2
200801250BOS,RS,BOS,1551.0,,51,55,-4
200801250BOS,RS,BOS,1583.0,,51,56,-5
200801250BOS,RS,BOS,1669.0,,54,56,-2
200801250BOS,RS,BOS,1742.0,T,56,56,0
200801250BOS,RS,BOS,1799.0,,56,58,-2
200801250BOS,RS,BOS,1817.0,,57,58,-1
200801250BOS,RS,BOS,1817.0,T,58,58,0
200801250BOS,RS,BOS,1869.0,,58,60,-2
200801250BOS,RS,BOS,1885.0,T,60,60,0
200801250BOS,RS,BOS,1914.0,LC,62,60,2
200801250BOS,RS,BOS,1926.0,,62,61,1
200801250BOS,RS,BOS,1926.0,T,62,62,0
200801250BOS,RS,BOS,1972.0,,64,62,2
200801250BOS,RS,BOS,2006.0,,66,62,4
200801250BOS,RS,BOS,2068.0,,66,63,3
200801250BOS,RS,BOS,2068.0,,66,64,2
200801250BOS,RS,BOS,2113.4,T,66,66,0
200801250BOS,RS,BOS,2113.4,LC,66,67,-1
200801250BOS,RS,BOS,2157.4,LC,68,67,1
200801250BOS,RS,BOS,2205.0,T,68,68,0
200801250BOS,RS,BOS,2205.0,LC,68,69,-1
200801250BOS,RS,BOS,2217.0,LC,70,69,1
200801250BOS,RS,BOS,2288.0,,71,69,2
200801250BOS,RS,BOS,2374.0,,73,69,4
200801250BOS,RS,BOS,2399.0,,74,69,5
200801250BOS,RS,BOS,2399.0,,75,69,6
200801250BOS,RS,BOS,2512.0,,75,72,3
200801250BOS,RS,BOS,2528.0,,78,72,6
200801250BOS,RS,BOS,2548.0,,78,74,4
200801250BOS,RS,BOS,2570.0,,80,74,6
200801250BOS,RS,BOS,2589.0,,80,76,4
200801250BOS,RS,BOS,2607.0,,82,76,6
200801250BOS,RS,BOS,2656.0,,82,78,4
200801250BOS,RS,BOS,2656.0,,82,79,3
200801250BOS,RS,BOS,2674.0,,84,79,5
200801250BOS,RS,BOS,2702.0,,84,81,3
200801250BOS,RS,BOS,2759.0,,86,81,5
200801250BOS,RS,BOS,2769.0,,86,82,4
200801250BOS,RS,BOS,2769.0,,86,83,3
200801250BOS,RS,BOS,2856.8,,86,85,1
200801250BOS,RS,BOS,2863.4,F,86,87,-1
200801250BOS,RS,BOS,2880.0,,86,87,-1
200801270MIN,RS,NJN,0.0,,0,0,0
200801270MIN,RS,NJN,15.0,,0,2,-2
200801270MIN,RS,NJN,39.0,LC,3,2,1
200801270MIN,RS,NJN,61.0,LC,3,4,-1
200801270MIN,RS,NJN,87.0,LC,5,4,1
200801270MIN,RS,NJN,128.0,LC,5,6,-1
200801270MIN,RS,NJN,171.0,,5,8,-3
200801270MIN,RS,NJN,207.0,,5,9,-4
200801270MIN,RS,NJN,225.0,,7,9,-2
200801270MIN,RS,NJN,248.0,,7,11,-4
200801270MIN,RS,NJN,275.0,,7,13,-6
200801270MIN,RS,NJN,355.0,,7,15,-8
200801270MIN,RS,NJN,372.0,,9,15,-6
200801270MIN,RS,NJN,395.0,,11,15,-4
200801270MIN,RS,NJN,407.0,,11,16,-5
200801270MIN,RS,NJN,457.0,,13,16,-3
200801270MIN,RS,NJN,480.0,,13,17,-4
200801270MIN,RS,NJN,480.0,,13,18,-5
200801270MIN,RS,NJN,497.0,,15,18,-3
200801270MIN,RS,NJN,524.0,,15,20,-5
200801270MIN,RS,NJN,545.0,,17,20,-3
200801270MIN,RS,NJN,600.0,,19,20,-1
200801270MIN,RS,NJN,600.0,T,20,20,0
200801270MIN,RS,NJN,613.0,,20,22,-2
200801270MIN,RS,NJN,637.0,,20,24,-4
200801270MIN,RS,NJN,655.0,,22,24,-2
200801270MIN,RS,NJN,679.1,,22,26,-4
200801270MIN,RS,NJN,759.0,,22,28,-6
200801270MIN,RS,NJN,777.0,,24,28,-4
200801270MIN,RS,NJN,830.0,,26,28,-2
200801270MIN,RS,NJN,903.0,,26,30,-4
200801270MIN,RS,NJN,947.0,,26,31,-5
200801270MIN,RS,NJN,970.0,,28,31,-3
200801270MIN,RS,NJN,1002.0,,28,34,-6
200801270MIN,RS,NJN,1035.0,,28,35,-7
200801270MIN,RS,NJN,1035.0,,28,36,-8
200801270MIN,RS,NJN,1117.0,,30,36,-6
200801270MIN,RS,NJN,1117.0,,31,36,-5
200801270MIN,RS,NJN,1137.0,,31,38,-7
200801270MIN,RS,NJN,1170.0,,31,39,-8
200801270MIN,RS,NJN,1170.0,,31,40,-9
200801270MIN,RS,NJN,1200.0,,33,40,-7
200801270MIN,RS,NJN,1200.0,,34,40,-6
200801270MIN,RS,NJN,1217.0,,34,43,-9
200801270MIN,RS,NJN,1257.0,,34,44,-10
200801270MIN,RS,NJN,1257.0,,34,45,-11
200801270MIN,RS,NJN,1302.0,,34,47,-13
200801270MIN,RS,NJN,1324.0,,37,47,-10
200801270MIN,RS,NJN,1372.0,,37,48,-11
200801270MIN,RS,NJN,1421.2,,38,48,-10
200801270MIN,RS,NJN,1463.0,,40,48,-8
200801270MIN,RS,NJN,1477.0,,40,50,-10
200801270MIN,RS,NJN,1525.0,,40,52,-12
200801270MIN,RS,NJN,1544.0,,43,52,-9
200801270MIN,RS,NJN,1599.0,,44,52,-8
200801270MIN,RS,NJN,1619.0,,44,54,-10
200801270MIN,RS,NJN,1634.0,,46,54,-8
200801270MIN,RS,NJN,1634.0,,47,54,-7
200801270MIN,RS,NJN,1671.0,,47,55,-8
200801270MIN,RS,NJN,1671.0,,47,56,-9
200801270MIN,RS,NJN,1686.0,,49,56,-7
200801270MIN,RS,NJN,1717.0,,52,56,-4
200801270MIN,RS,NJN,1739.0,,52,58,-6
200801270MIN,RS,NJN,1758.0,,54,58,-4
200801270MIN,RS,NJN,1833.0,,54,60,-6
200801270MIN,RS,NJN,1854.0,,57,60,-3
200801270MIN,RS,NJN,1875.0,,57,61,-4
200801270MIN,RS,NJN,1890.0,,59,61,-2
200801270MIN,RS,NJN,1952.0,,59,64,-5
200801270MIN,RS,NJN,1976.0,,61,64,-3
200801270MIN,RS,NJN,1999.0,,61,67,-6
200801270MIN,RS,NJN,2029.0,,62,67,-5
200801270MIN,RS,NJN,2054.0,,62,70,-8
200801270MIN,RS,NJN,2068.0,,63,70,-7
200801270MIN,RS,NJN,2068.0,,64,70,-6
200801270MIN,RS,NJN,2077.0,,64,71,-7
200801270MIN,RS,NJN,2077.0,,64,72,-8
200801270MIN,RS,NJN,2115.5,,64,73,-9
200801270MIN,RS,NJN,2115.5,,64,74,-10
200801270MIN,RS,NJN,2172.0,,64,76,-12
200801270MIN,RS,NJN,2212.0,,64,78,-14
200801270MIN,RS,NJN,2229.0,,65,78,-13
200801270MIN,RS,NJN,2283.0,,65,80,-15
200801270MIN,RS,NJN,2303.0,,68,80,-12
200801270MIN,RS,NJN,2324.0,,68,82,-14
200801270MIN,RS,NJN,2337.0,,71,82,-11
200801270MIN,RS,NJN,2397.0,,72,82,-10
200801270MIN,RS,NJN,2397.0,,73,82,-9
200801270MIN,RS,NJN,2428.0,,75,82,-7
200801270MIN,RS,NJN,2428.0,,76,82,-6
200801270MIN,RS,NJN,2446.0,,76,84,-8
200801270MIN,RS,NJN,2466.0,,77,84,-7
200801270MIN,RS,NJN,2466.0,,78,84,-6
200801270MIN,RS,NJN,2490.0,,80,84,-4
200801270MIN,RS,NJN,2576.0,,80,85,-5
200801270MIN,RS,NJN,2576.0,,80,86,-6
200801270MIN,RS,NJN,2602.0,,80,87,-7
200801270MIN,RS,NJN,2602.0,,80,88,-8
200801270MIN,RS,NJN,2623.0,,81,88,-7
200801270MIN,RS,NJN,2623.0,,82,88,-6
200801270MIN,RS,NJN,2649.0,,84,88,-4
200801270MIN,RS,NJN,2670.0,,84,89,-5
200801270MIN,RS,NJN,2670.0,,84,90,-6
200801270MIN,RS,NJN,2728.0,,84,92,-8
200801270MIN,RS,NJN,2743.0,,86,92,-6
200801270MIN,RS,NJN,2777.0,,86,93,-7
200801270MIN,RS,NJN,2781.0,,87,93,-6
200801270MIN,RS,NJN,2781.0,,88,93,-5
200801270MIN,RS,NJN,2801.0,,88,95,-7
200801270MIN,RS,NJN,2805.0,,91,95,-4
200801270MIN,RS,NJN,2840.0,,94,95,-1
200801270MIN,RS,NJN,2868.6,T,95,95,0
200801270MIN,RS,NJN,2868.6,LC,96,95,1
200801270MIN,RS,NJN,2874.2,,97,95,2
200801270MIN,RS,NJN,2874.2,F,98,95,3
200801270MIN,RS,NJN,2880.0,,98,95,3
200801290CHI,RS,CHI,0.0,,0,0,0
200801290CHI,RS,CHI,87.0,,0,2,-2
200801290CHI,RS,CHI,106.0,T,2,2,0
200801290CHI,RS,CHI,138.0,LC,4,2,2
200801290CHI,RS,CHI,151.0,,4,3,1
200801290CHI,RS,CHI,174.0,,6,3,3
200801290CHI,RS,CHI,189.0,,6,5,1
200801290CHI,RS,CHI,206.0,,8,5,3
200801290CHI,RS,CHI,231.0,,8,7,1
200801290CHI,RS,CHI,263.0,LC,8,9,-1
200801290CHI,RS,CHI,280.0,LC,10,9,1
200801290CHI,RS,CHI,321.0,LC,10,12,-2
200801290CHI,RS,CHI,447.0,,10,15,-5
200801290CHI,RS,CHI,464.0,,12,15,-3
200801290CHI,RS,CHI,464.0,,13,15,-2
200801290CHI,RS,CHI,505.0,,13,18,-5
200801290CHI,RS,CHI,530.0,,15,18,-3
200801290CHI,RS,CHI,551.0,,15,21,-6
200801290CHI,RS,CHI,754.0,,17,21,-4
200801290CHI,RS,CHI,772.0,,17,22,-5
200801290CHI,RS,CHI,787.0,,19,22,-3
200801290CHI,RS,CHI,822.0,T,22,22,0
200801290CHI,RS,CHI,843.0,,22,24,-2
200801290CHI,RS,CHI,843.0,,22,25,-3
200801290CHI,RS,CHI,857.0,,23,25,-2
200801290CHI,RS,CHI,866.0,,24,25,-1
200801290CHI,RS,CHI,889.0,LC,26,25,1
200801290CHI,RS,CHI,923.0,LC,26,27,-1
200801290CHI,RS,CHI,947.0,LC,28,27,1
200801290CHI,RS,CHI,947.0,,29,27,2
200801290CHI,RS,CHI,969.0,,30,27,3
200801290CHI,RS,CHI,969.0,,31,27,4
200801290CHI,RS,CHI,1001.0,,33,27,6
200801290CHI,RS,CHI,1083.0,,33,28,5
200801290CHI,RS,CHI,1157.0,,33,30,3
200801290CHI,RS,CHI,1185.0,,33,31,2
200801290CHI,RS,CHI,1185.0,,33,32,1
200801290CHI,RS,CHI,1185.0,T,33,33,0
200801290CHI,RS,CHI,1214.0,LC,33,35,-2
200801290CHI,RS,CHI,1235.0,,33,36,-3
200801290CHI,RS,CHI,1235.0,,33,37,-4
200801290CHI,RS,CHI,1261.0,,33,38,-5
200801290CHI,RS,CHI,1290.0,,35,38,-3
200801290CHI,RS,CHI,1318.0,,37,38,-1
200801290CHI,RS,CHI,1346.0,,37,40,-3
200801290CHI,RS,CHI,1390.3,,37,42,-5
200801290CHI,RS,CHI,1409.4,,37,43,-6
200801290CHI,RS,CHI,1513.0,,39,43,-4
200801290CHI,RS,CHI,1513.0,,40,43,-3
200801290CHI,RS,CHI,1544.0,,42,43,-1
200801290CHI,RS,CHI,1566.0,,42,45,-3
200801290CHI,RS,CHI,1578.0,,43,45,-2
200801290CHI,RS,CHI,1607.0,,43,47,-4
200801290CHI,RS,CHI,1622.0,,45,47,-2
200801290CHI,RS,CHI,1667.0,,45,49,-4
200801290CHI,RS,CHI,1722.0,,47,49,-2
200801290CHI,RS,CHI,1758.0,T,49,49,0
200801290CHI,RS,CHI,1767.0,,49,51,-2
200801290CHI,RS,CHI,1788.0,,49,53,-4
200801290CHI,RS,CHI,1805.0,,51,53,-2
200801290CHI,RS,CHI,1819.0,,51,55,-4
200801290CHI,RS,CHI,1837.0,,53,55,-2
200801290CHI,RS,CHI,1885.0,,54,55,-1
200801290CHI,RS,CHI,1885.0,T,55,55,0
200801290CHI,RS,CHI,1890.0,,55,57,-2
200801290CHI,RS,CHI,1930.0,,55,59,-4
200801290CHI,RS,CHI,1930.0,,55,60,-5
200801290CHI,RS,CHI,1982.0,,55,62,-7
200801290CHI,RS,CHI,1997.0,,57,62,-5
200801290CHI,RS,CHI,2011.0,,57,64,-7
200801290CHI,RS,CHI,2046.0,,57,65,-8
200801290CHI,RS,CHI,2075.0,,57,66,-9
200801290CHI,RS,CHI,2075.0,,57,67,-10
200801290CHI,RS,CHI,2085.0,,58,67,-9
200801290CHI,RS,CHI,2085.0,,59,67,-8
200801290CHI,RS,CHI,2117.2,,59,68,-9
200801290CHI,RS,CHI,2117.2,,59,69,-10
200801290CHI,RS,CHI,2128.1,,60,69,-9
200801290CHI,RS,CHI,2152.8,,60,71,-11
200801290CHI,RS,CHI,2159.7,,62,71,-9
200801290CHI,RS,CHI,2180.0,,62,73,-11
200801290CHI,RS,CHI,2200.0,,64,73,-9
200801290CHI,RS,CHI,2218.0,,64,75,-11
200801290CHI,RS,CHI,2262.0,,64,77,-13
200801290CHI,RS,CHI,2277.0,,66,77,-11
200801290CHI,RS,CHI,2295.0,,66,78,-12
200801290CHI,RS,CHI,2295.0,,66,79,-13
200801290CHI,RS,CHI,2352.0,,67,79,-12
200801290CHI,RS,CHI,2379.0,,67,81,-14
200801290CHI,RS,CHI,2420.0,,67,83,-16
200801290CHI,RS,CHI,2454.0,,67,85,-18
200801290CHI,RS,CHI,2487.0,,67,86,-19
200801290CHI,RS,CHI,2523.0,,69,86,-17
200801290CHI,RS,CHI,2535.0,,70,86,-16
200801290CHI,RS,CHI,2535.0,,71,86,-15
200801290CHI,RS,CHI,2555.0,,71,89,-18
200801290CHI,RS,CHI,2577.0,,73,89,-16
200801290CHI,RS,CHI,2599.0,,73,90,-17
200801290CHI,RS,CHI,2599.0,,73,91,-18
200801290CHI,RS,CHI,2635.0,,73,93,-20
200801290CHI,RS,CHI,2655.0,,75,93,-18
200801290CHI,RS,CHI,2692.0,,75,95,-20
200801290CHI,RS,CHI,2699.0,,77,95,-18
200801290CHI,RS,CHI,2699.0,,78,95,-17
200801290CHI,RS,CHI,2741.0,,78,96,-18
200801290CHI,RS,CHI,2804.0,,80,96,-16
200801290CHI,RS,CHI,2804.0,,81,96,-15
200801290CHI,RS,CHI,2817.0,,82,96,-14
200801290CHI,RS,CHI,2817.0,,83,96,-13
200801290CHI,RS,CHI,2842.1,,84,96,-12
200801290CHI,RS,CHI,2842.1,F,85,96,-11
200801290CHI,RS,CHI,2880.0,,85,96,-11
200801300MIN,RS,CHI,0.0,,0,0,0
200801300MIN,RS,CHI,87.0,,0,1,-1
200801300MIN,RS,CHI,87.0,,0,2,-2
200801300MIN,RS,CHI,267.0,T,2,2,0
200801300MIN,RS,CHI,295.0,,2,3,-1
200801300MIN,RS,CHI,393.0,,2,5,-3
200801300MIN,RS,CHI,473.0,,4,5,-1
200801300MIN,RS,CHI,493.0,,4,7,-3
200801300MIN,RS,CHI,514.0,,6,7,-1
200801300MIN,RS,CHI,526.0,,6,9,-3
200801300MIN,RS,CHI,539.0,,7,9,-2
200801300MIN,RS,CHI,539.0,,8,9,-1
200801300MIN,RS,CHI,579.0,,8,11,-3
200801300MIN,RS,CHI,613.0,,8,13,-5
200801300MIN,RS,CHI,671.6,,8,14,-6
200801300MIN,RS,CHI,729.0,,9,14,-5
200801300MIN,RS,CHI,736.0,,11,14,-3
200801300MIN,RS,CHI,759.0,,13,14,-1
200801300MIN,RS,CHI,787.0,LC,16,14,2
200801300MIN,RS,CHI,835.0,T,16,16,0
200801300MIN,RS,CHI,864.0,LC,16,18,-2
200801300MIN,RS,CHI,884.0,T,18,18,0
200801300MIN,RS,CHI,935.0,LC,20,18,2
200801300MIN,RS,CHI,989.0,T,20,20,0
200801300MIN,RS,CHI,1035.0,,22,20,2
200801300MIN,RS,CHI,1086.0,T,22,22,0
200801300MIN,RS,CHI,1132.0,LC,22,24,-2
200801300MIN,RS,CHI,1171.0,T,24,24,0
200801300MIN,RS,CHI,1171.0,LC,25,24,1
200801300MIN,RS,CHI,1191.0,,27,24,3
200801300MIN,RS,CHI,1218.0,,29,24,5
200801300MIN,RS,CHI,1243.0,,29,26,3
200801300MIN,RS,CHI,1250.0,,30,26,4
200801300MIN,RS,CHI,1250.0,,31,26,5
200801300MIN,RS,CHI,1263.0,,31,28,3
200801300MIN,RS,CHI,1319.0,,31,30,1
200801300MIN,RS,CHI,1350.0,LC,31,32,-1
200801300MIN,RS,CHI,1384.2,,31,34,-3
200801300MIN,RS,CHI,1406.6,,33,34,-1
200801300MIN,RS,CHI,1452.0,LC,35,34,1
200801300MIN,RS,CHI,1470.0,LC,35,36,-1
200801300MIN,RS,CHI,1487.0,LC,37,36,1
200801300MIN,RS,CHI,1506.0,LC,37,38,-1
200801300MIN,RS,CHI,1532.0,,37,39,-2
200801300MIN,RS,CHI,1532.0,,37,40,-3
200801300MIN,RS,CHI,1555.0,,39,40,-1
200801300MIN,RS,CHI,1619.0,,39,41,-2
200801300MIN,RS,CHI,1619.0,,39,42,-3
200801300MIN,RS,CHI,1631.0,,41,42,-1
200801300MIN,RS,CHI,1695.0,,41,43,-2
200801300MIN,RS,CHI,1695.0,,41,44,-3
200801300MIN,RS,CHI,1714.0,,43,44,-1
200801300MIN,RS,CHI,1748.0,LC,46,44,2
200801300MIN,RS,CHI,1763.0,,46,45,1
200801300MIN,RS,CHI,1763.0,T,46,46,0
200801300MIN,RS,CHI,1831.0,,47,46,1
200801300MIN,RS,CHI,1848.0,,48,46,2
200801300MIN,RS,CHI,1862.0,,48,47,1
200801300MIN,RS,CHI,1881.0,,50,47,3
200801300MIN,RS,CHI,1950.0,T,50,50,0
200801300MIN,RS,CHI,1973.0,,52,50,2
200801300MIN,RS,CHI,1984.0,T,52,52,0
200801300MIN,RS,CHI,2025.0,,55,52,3
200801300MIN,RS,CHI,2062.0,,57,52,5
200801300MIN,RS,CHI,2079.0,,58,52,6
200801300MIN,RS,CHI,2079.0,,59,52,7
200801300MIN,RS,CHI,2110.9,,61,52,9
200801300MIN,RS,CHI,2143.1,,63,52,11
200801300MIN,RS,CHI,2179.0,,63,54,9
200801300MIN,RS,CHI,2212.0,,65,54,11
200801300MIN,RS,CHI,2225.0,,65,56,9
200801300MIN,RS,CHI,2294.0,,65,57,8
200801300MIN,RS,CHI,2294.0,,65,58,7
200801300MIN,RS,CHI,2311.0,,67,58,9
200801300MIN,RS,CHI,2387.0,,69,58,11
200801300MIN,RS,CHI,2420.0,,71,58,13
200801300MIN,RS,CHI,2469.0,,74,58,16
200801300MIN,RS,CHI,2479.0,,74,61,13
200801300MIN,RS,CHI,2502.0,,76,61,15
200801300MIN,RS,CHI,2517.0,,76,64,12
200801300MIN,RS,CHI,2541.0,,78,64,14
200801300MIN,RS,CHI,2590.0,,80,64,16
200801300MIN,RS,CHI,2607.0,,80,65,15
200801300MIN,RS,CHI,2607.0,,80,66,14
200801300MIN,RS,CHI,2726.0,,82,66,16
200801300MIN,RS,CHI,2726.0,,83,66,17
200801300MIN,RS,CHI,2797.0,F,83,67,16
200801300MIN,RS,CHI,2880.0,,83,67,16
200802010MIN,RS,LAC,0.0,,0,0,0
200802010MIN,RS,LAC,25.0,,0,2,-2
200802010MIN,RS,LAC,47.0,T,2,2,0
200802010MIN,RS,LAC,140.0,LC,4,2,2
200802010MIN,RS,LAC,164.0,T,4,4,0
200802010MIN,RS,LAC,193.0,LC,4,5,-1
200802010MIN,RS,LAC,193.0,,4,6,-2
200802010MIN,RS,LAC,219.0,,4,7,-3
200802010MIN,RS,LAC,219.0,,4,8,-4
200802010MIN,RS,LAC,239.0,,4,10,-6
200802010MIN,RS,LAC,257.0,,6,10,-4
200802010MIN,RS,LAC,291.0,,8,10,-2
200802010MIN,RS,LAC,320.0,,8,12,-4
200802010MIN,RS,LAC,349.0,,8,14,-6
200802010MIN,RS,LAC,422.0,,10,14,-4
200802010MIN,RS,LAC,487.0,,10,16,-6
200802010MIN,RS,LAC,487.0,,10,17,-7
200802010MIN,RS,LAC,501.0,,12,17,-5
200802010MIN,RS,LAC,511.0,,12,19,-7
200802010MIN,RS,LAC,537.0,,12,21,-9
200802010MIN,RS,LAC,555.0,,14,21,-7
200802010MIN,RS,LAC,569.0,,14,23,-9
200802010MIN,RS,LAC,622.0,,16,23,-7
200802010MIN,RS,LAC,640.0,,16,25,-9
200802010MIN,RS,LAC,658.0,,18,25,-7
200802010MIN,RS,LAC,674.2,,19,25,-6
200802010MIN,RS,LAC,674.2,,20,25,-5
200802010MIN,RS,LAC,681.1,,20,27,-7
200802010MIN,RS,LAC,758.0,,22,27,-5
200802010MIN,RS,LAC,776.0,,22,29,-7
200802010MIN,RS,LAC,794.0,,24,29,-5
200802010MIN,RS,LAC,808.0,,24,31,-7
200802010MIN,RS,LAC,808.0,,24,32,-8
200802010MIN,RS,LAC,824.0,,26,32,-6
200802010MIN,RS,LAC,840.0,,26,33,-7
200802010MIN,RS,LAC,916.0,,26,34,-8
200802010MIN,RS,LAC,916.0,,26,35,-9
200802010MIN,RS,LAC,929.0,,28,35,-7
200802010MIN,RS,LAC,948.0,,28,37,-9
200802010MIN,RS,LAC,994.0,,28,39,-11
200802010MIN,RS,LAC,1025.0,,28,40,-12
200802010MIN,RS,LAC,1025.0,,28,41,-13
200802010MIN,RS,LAC,1036.0,,30,41,-11
200802010MIN,RS,LAC,1056.0,,30,43,-13
200802010MIN,RS,LAC,1081.0,,30,44,-14
200802010MIN,RS,LAC,1081.0,,30,45,-15
200802010MIN,RS,LAC,1099.0,,32,45,-13
200802010MIN,RS,LAC,1099.0,,33,45,-12
200802010MIN,RS,LAC,1117.0,,33,47,-14
200802010MIN,RS,LAC,1141.0,,35,47,-12
200802010MIN,RS,LAC,1192.0,,35,49,-14
200802010MIN,RS,LAC,1206.0,,37,49,-12
200802010MIN,RS,LAC,1233.0,,39,49,-10
200802010MIN,RS,LAC,1250.0,,41,49,-8
200802010MIN,RS,LAC,1264.0,,41,50,-9
200802010MIN,RS,LAC,1264.0,,41,51,-10
200802010MIN,RS,LAC,1281.0,,43,51,-8
200802010MIN,RS,LAC,1281.0,,44,51,-7
200802010MIN,RS,LAC,1308.0,,46,51,-5
200802010MIN,RS,LAC,1325.0,,46,53,-7
200802010MIN,RS,LAC,1345.0,,48,53,-5
200802010MIN,RS,LAC,1363.0,,48,55,-7
200802010MIN,RS,LAC,1392.7,,48,56,-8
200802010MIN,RS,LAC,1404.5,,50,56,-6
200802010MIN,RS,LAC,1436.1,,52,56,-4
200802010MIN,RS,LAC,1454.0,,52,58,-6
200802010MIN,RS,LAC,1548.0,,52,60,-8
200802010MIN,RS,LAC,1562.0,,54,60,-6
200802010MIN,RS,LAC,1562.0,,55,60,-5
200802010MIN,RS,LAC,1606.0,,57,60,-3
200802010MIN,RS,LAC,1632.0,,59,60,-1
200802010MIN,RS,LAC,1632.0,T,60,60,0
200802010MIN,RS,LAC,1647.0,,60,62,-2
200802010MIN,RS,LAC,1663.0,T,62,62,0
200802010MIN,RS,LAC,1683.0,LC,64,62,2
200802010MIN,RS,LAC,1705.0,T,64,64,0
200802010MIN,RS,LAC,1740.0,,65,64,1
200802010MIN,RS,LAC,1740.0,,66,64,2
200802010MIN,RS,LAC,1794.0,,69,64,5
200802010MIN,RS,LAC,1882.0,,71,64,7
200802010MIN,RS,LAC,1906.0,,71,67,4
200802010MIN,RS,LAC,1923.0,,73,67,6
200802010MIN,RS,LAC,1953.0,,75,67,8
200802010MIN,RS,LAC,1971.0,,75,68,7
200802010MIN,RS,LAC,1988.0,,78,68,10
200802010MIN,RS,LAC,2041.0,,80,68,12
200802010MIN,RS,LAC,2079.0,,80,69,11
200802010MIN,RS,LAC,2135.8,,80,70,10
200802010MIN,RS,LAC,2156.5,,83,70,13
200802010MIN,RS,LAC,2159.6,,83,71,12
200802010MIN,RS,LAC,2176.0,,85,71,14
200802010MIN,RS,LAC,2249.0,,87,71,16
200802010MIN,RS,LAC,2355.0,,87,73,14
200802010MIN,RS,LAC,2375.0,,89,73,16
200802010MIN,RS,LAC,2450.0,,91,73,18
200802010MIN,RS,LAC,2487.0,,91,75,16
200802010MIN,RS,LAC,2509.0,,93,75,18
200802010MIN,RS,LAC,2535.0,,95,75,20
200802010MIN,RS,LAC,2588.0,,97,75,22
200802010MIN,RS,LAC,2617.0,,97,77,20
200802010MIN,RS,LAC,2633.0,,99,77,22
200802010MIN,RS,LAC,2650.0,,99,79,20
200802010MIN,RS,LAC,2670.0,,101,79,22
200802010MIN,RS,LAC,2703.0,,102,79,23
200802010MIN,RS,LAC,2703.0,,103,79,24
200802010MIN,RS,LAC,2747.0,,103,81,22
200802010MIN,RS,LAC,2820.0,,103,82,21
200802010MIN,RS,LAC,2820.0,,103,83,20
200802010MIN,RS,LAC,2840.0,F,104,83,21
200802010MIN,RS,LAC,2880.0,,104,83,21
200802040MIN,RS,HOU,0.0,,0,0,0
200802040MIN,RS,HOU,35.0,,1,0,1
200802040MIN,RS,HOU,35.0,,2,0,2
200802040MIN,RS,HOU,51.0,T,2,2,0
200802040MIN,RS,HOU,140.0,LC,2,4,-2
200802040MIN,RS,HOU,160.0,T,4,4,0
200802040MIN,RS,HOU,172.0,,4,6,-2
200802040MIN,RS,HOU,197.0,T,6,6,0
200802040MIN,RS,HOU,215.0,LC,8,6,2
200802040MIN,RS,HOU,233.0,T,8,8,0
200802040MIN,RS,HOU,248.0,,10,8,2
200802040MIN,RS,HOU,279.0,T,10,10,0
200802040MIN,RS,HOU,308.0,LC,10,12,-2
200802040MIN,RS,HOU,327.0,T,12,12,0
200802040MIN,RS,HOU,347.0,LC,14,12,2
200802040MIN,RS,HOU,381.0,T,14,14,0
200802040MIN,RS,HOU,421.0,LC,14,16,-2
200802040MIN,RS,HOU,421.0,,14,17,-3
200802040MIN,RS,HOU,477.0,,14,20,-6
200802040MIN,RS,HOU,528.0,,14,21,-7
200802040MIN,RS,HOU,612.0,,16,21,-5
200802040MIN,RS,HOU,688.8,,16,24,-8
200802040MIN,RS,HOU,704.1,,18,24,-6
200802040MIN,RS,HOU,741.0,,18,26,-8
200802040MIN,RS,HOU,763.0,,21,26,-5
200802040MIN,RS,HOU,798.0,,21,28,-7
200802040MIN,RS,HOU,850.0,,21,29,-8
200802040MIN,RS,HOU,937.0,,23,29,-6
200802040MIN,RS,HOU,964.0,,25,29,-4
200802040MIN,RS,HOU,1031.0,,27,29,-2
200802040MIN,RS,HOU,1050.0,,27,31,-4
200802040MIN,RS,HOU,1050.0,,27,32,-5
200802040MIN,RS,HOU,1098.0,,27,34,-7
200802040MIN,RS,HOU,1131.0,,30,34,-4
200802040MIN,RS,HOU,1150.0,,30,36,-6
200802040MIN,RS,HOU,1178.0,,30,39,-9
200802040MIN,RS,HOU,1195.0,,32,39,-7
200802040MIN,RS,HOU,1219.0,,32,42,-10
200802040MIN,RS,HOU,1259.0,,34,42,-8
200802040MIN,RS,HOU,1294.0,,36,42,-6
200802040MIN,RS,HOU,1312.0,,36,43,-7
200802040MIN,RS,HOU,1312.0,,36,44,-8
200802040MIN,RS,HOU,1324.0,,38,44,-6
200802040MIN,RS,HOU,1355.0,,40,44,-4
200802040MIN,RS,HOU,1370.0,,40,46,-6
200802040MIN,RS,HOU,1387.7,,40,47,-7
200802040MIN,RS,HOU,1421.6,,42,47,-5
200802040MIN,RS,HOU,1459.0,,44,47,-3
200802040MIN,RS,HOU,1487.0,T,47,47,0
200802040MIN,RS,HOU,1511.0,,47,49,-2
200802040MIN,RS,HOU,1558.0,,47,51,-4
200802040MIN,RS,HOU,1570.0,,49,51,-2
200802040MIN,RS,HOU,1622.0,T,51,51,0
200802040MIN,RS,HOU,1652.0,LC,53,51,2
200802040MIN,RS,HOU,1692.0,T,53,53,0
200802040MIN,RS,HOU,1737.0,,55,53,2
200802040MIN,RS,HOU,1774.0,,56,53,3
200802040MIN,RS,HOU,1792.0,T,56,56,0
200802040MIN,RS,HOU,1811.0,,58,56,2
200802040MIN,RS,HOU,1811.0,,59,56,3
200802040MIN,RS,HOU,1941.0,,59,58,1
200802040MIN,RS,HOU,1967.0,,60,58,2
200802040MIN,RS,HOU,1967.0,,61,58,3
200802040MIN,RS,HOU,1981.0,,61,59,2
200802040MIN,RS,HOU,1981.0,,61,60,1
200802040MIN,RS,HOU,2020.0,LC,61,62,-1
200802040MIN,RS,HOU,2064.0,,61,63,-2
200802040MIN,RS,HOU,2078.0,T,63,63,0
200802040MIN,RS,HOU,2093.0,,63,66,-3
200802040MIN,RS,HOU,2292.0,,63,68,-5
200802040MIN,RS,HOU,2311.0,,65,68,-3
200802040MIN,RS,HOU,2332.0,,65,70,-5
200802040MIN,RS,HOU,2378.0,,65,72,-7
200802040MIN,RS,HOU,2435.0,,65,74,-9
200802040MIN,RS,HOU,2435.0,,65,75,-10
200802040MIN,RS,HOU,2450.0,,66,75,-9
200802040MIN,RS,HOU,2474.0,,69,75,-6
200802040MIN,RS,HOU,2494.0,,69,77,-8
200802040MIN,RS,HOU,2505.0,,71,77,-6
200802040MIN,RS,HOU,2521.0,,71,80,-9
200802040MIN,RS,HOU,2578.0,,73,80,-7
200802040MIN,RS,HOU,2620.0,,75,80,-5
200802040MIN,RS,HOU,2646.0,,78,80,-2
200802040MIN,RS,HOU,2669.0,,78,82,-4
200802040MIN,RS,HOU,2685.0,,80,82,-2
200802040MIN,RS,HOU,2687.0,T,82,82,0
200802040MIN,RS,HOU,2721.0,,82,84,-2
200802040MIN,RS,HOU,2721.0,,82,85,-3
200802040MIN,RS,HOU,2748.0,,84,85,-1
200802040MIN,RS,HOU,2782.0,LC,86,85,1
200802040MIN,RS,HOU,2810.0,LC,86,87,-1
200802040MIN,RS,HOU,2849.2,,86,90,-4
200802040MIN,RS,HOU,2860.7,,86,91,-5
200802040MIN,RS,HOU,2860.7,F,86,92,-6
200802040MIN,RS,HOU,2880.0,,86,92,-6
200802080MIN,RS,BOS,0.0,,0,0,0
200802080MIN,RS,BOS,35.0,,1,0,1
200802080MIN,RS,BOS,35.0,,2,0,2
200802080MIN,RS,BOS,93.0,,4,0,4
200802080MIN,RS,BOS,167.0,,4,2,2
200802080MIN,RS,BOS,241.0,T,4,4,0
200802080MIN,RS,BOS,280.0,LC,4,6,-2
200802080MIN,RS,BOS,323.0,,4,8,-4
200802080MIN,RS,BOS,340.0,,6,8,-2
200802080MIN,RS,BOS,373.0,T,8,8,0
200802080MIN,RS,BOS,414.0,,8,10,-2
200802080MIN,RS,BOS,440.0,LC,11,10,1
200802080MIN,RS,BOS,512.0,,13,10,3
200802080MIN,RS,BOS,533.0,T,13,13,0
200802080MIN,RS,BOS,573.0,,16,13,3
200802080MIN,RS,BOS,644.0,,18,13,5
200802080MIN,RS,BOS,673.3,,18,14,4
200802080MIN,RS,BOS,673.3,,18,15,3
200802080MIN,RS,BOS,704.2,,18,16,2
200802080MIN,RS,BOS,742.0,T,18,18,0
200802080MIN,RS,BOS,780.0,,20,18,2
200802080MIN,RS,BOS,802.0,LC,20,21,-1
200802080MIN,RS,BOS,819.0,LC,22,21,1
200802080MIN,RS,BOS,849.0,,24,21,3
200802080MIN,RS,BOS,881.0,,25,21,4
200802080MIN,RS,BOS,881.0,,26,21,5
200802080MIN,RS,BOS,903.0,,26,23,3
200802080MIN,RS,BOS,926.0,,28,23,5
200802080MIN,RS,BOS,947.0,,28,25,3
200802080MIN,RS,BOS,981.0,,28,27,1
200802080MIN,RS,BOS,1058.0,,30,27,3
200802080MIN,RS,BOS,1073.0,,30,29,1
200802080MIN,RS,BOS,1105.0,,32,29,3
200802080MIN,RS,BOS,1201.0,,32,31,1
200802080MIN,RS,BOS,1220.0,,34,31,3
200802080MIN,RS,BOS,1244.0,,35,31,4
200802080MIN,RS,BOS,1260.0,,35,32,3
200802080MIN,RS,BOS,1260.0,,35,33,2
200802080MIN,RS,BOS,1277.0,,37,33,4
200802080MIN,RS,BOS,1293.0,,37,35,2
200802080MIN,RS,BOS,1313.0,,38,35,3
200802080MIN,RS,BOS,1313.0,,39,35,4
200802080MIN,RS,BOS,1335.0,,41,35,6
200802080MIN,RS,BOS,1355.0,,41,37,4
200802080MIN,RS,BOS,1381.6,,43,37,6
200802080MIN,RS,BOS,1400.8,,43,38,5
200802080MIN,RS,BOS,1408.0,,45,38,7
200802080MIN,RS,BOS,1428.1,,45,40,5
200802080MIN,RS,BOS,1478.0,,47,40,7
200802080MIN,RS,BOS,1568.0,,49,40,9
200802080MIN,RS,BOS,1608.0,,51,40,11
200802080MIN,RS,BOS,1625.0,,51,42,9
200802080MIN,RS,BOS,1705.0,,51,44,7
200802080MIN,RS,BOS,1727.0,,51,46,5
200802080MIN,RS,BOS,1763.0,,51,49,2
200802080MIN,RS,BOS,1808.0,,52,49,3
200802080MIN,RS,BOS,1808.0,,53,49,4
200802080MIN,RS,BOS,1822.0,,53,50,3
200802080MIN,RS,BOS,1822.0,,53,51,2
200802080MIN,RS,BOS,1887.0,T,53,53,0
200802080MIN,RS,BOS,1909.0,LC,53,55,-2
200802080MIN,RS,BOS,1936.0,T,55,55,0
200802080MIN,RS,BOS,1955.0,,55,58,-3
200802080MIN,RS,BOS,1988.0,,57,58,-1
200802080MIN,RS,BOS,2013.0,LC,59,58,1
200802080MIN,RS,BOS,2043.0,,60,58,2
200802080MIN,RS,BOS,2043.0,,61,58,3
200802080MIN,RS,BOS,2088.0,,61,60,1
200802080MIN,RS,BOS,2102.7,,62,60,2
200802080MIN,RS,BOS,2112.1,,64,60,4
200802080MIN,RS,BOS,2153.1,,66,60,6
200802080MIN,RS,BOS,2157.8,,66,61,5
200802080MIN,RS,BOS,2157.8,,66,62,4
200802080MIN,RS,BOS,2181.0,,66,65,1
200802080MIN,RS,BOS,2218.0,LC,66,68,-2
200802080MIN,RS,BOS,2239.0,T,68,68,0
200802080MIN,RS,BOS,2254.0,,68,70,-2
200802080MIN,RS,BOS,2288.0,,68,72,-4
200802080MIN,RS,BOS,2332.0,,70,72,-2
200802080MIN,RS,BOS,2368.0,,70,74,-4
200802080MIN,RS,BOS,2417.0,,72,74,-2
200802080MIN,RS,BOS,2466.0,,72,75,-3
200802080MIN,RS,BOS,2466.0,,72,76,-4
200802080MIN,RS,BOS,2481.0,,75,76,-1
200802080MIN,RS,BOS,2508.0,T,76,76,0
200802080MIN,RS,BOS,2525.0,,76,77,-1
200802080MIN,RS,BOS,2525.0,,76,78,-2
200802080MIN,RS,BOS,2567.0,,76,80,-4
200802080MIN,RS,BOS,2610.0,,78,80,-2
200802080MIN,RS,BOS,2633.0,,78,82,-4
200802080MIN,RS,BOS,2674.0,,80,82,-2
200802080MIN,RS,BOS,2701.0,,80,84,-4
200802080MIN,RS,BOS,2720.0,,82,84,-2
200802080MIN,RS,BOS,2755.0,T,84,84,0
200802080MIN,RS,BOS,2841.1,LC,86,84,2
200802080MIN,RS,BOS,2851.1,T,86,86,0
200802080MIN,RS,BOS,2879.8,F,86,88,-2
200802080MIN,RS,BOS,2880.0,,86,88,-2
200802100MIN,RS,TOR,0.0,,0,0,0
200802100MIN,RS,TOR,19.0,,0,2,-2
200802100MIN,RS,TOR,39.0,,1,2,-1
200802100MIN,RS,TOR,64.0,,1,4,-3
200802100MIN,RS,TOR,78.0,,3,4,-1
200802100MIN,RS,TOR,108.0,LC,5,4,1
200802100MIN,RS,TOR,120.0,LC,5,6,-1
200802100MIN,RS,TOR,141.0,LC,7,6,1
200802100MIN,RS,TOR,156.0,LC,7,8,-1
200802100MIN,RS,TOR,194.0,,7,10,-3
200802100MIN,RS,TOR,213.0,,9,10,-1
200802100MIN,RS,TOR,278.0,,9,12,-3
200802100MIN,RS,TOR,297.0,,9,14,-5
200802100MIN,RS,TOR,311.0,,10,14,-4
200802100MIN,RS,TOR,311.0,,11,14,-3
200802100MIN,RS,TOR,327.0,,11,16,-5
200802100MIN,RS,TOR,341.0,,14,16,-2
200802100MIN,RS,TOR,357.0,,14,17,-3
200802100MIN,RS,TOR,357.0,,14,18,-4
200802100MIN,RS,TOR,383.0,,15,18,-3
200802100MIN,RS,TOR,396.0,,15,20,-5
200802100MIN,RS,TOR,414.0,,17,20,-3
200802100MIN,RS,TOR,452.0,,19,20,-1
200802100MIN,RS,TOR,475.0,LC,21,20,1
200802100MIN,RS,TOR,543.0,,23,20,3
200802100MIN,RS,TOR,556.0,,23,22,1
200802100MIN,RS,TOR,594.0,LC,23,25,-2
200802100MIN,RS,TOR,623.0,,23,26,-3
200802100MIN,RS,TOR,629.0,,23,27,-4
200802100MIN,RS,TOR,645.0,,25,27,-2
200802100MIN,RS,TOR,659.0,,25,29,-4
200802100MIN,RS,TOR,741.0,,25,31,-6
200802100MIN,RS,TOR,761.0,,27,31,-4
200802100MIN,RS,TOR,837.0,,27,33,-6
200802100MIN,RS,TOR,880.0,,27,35,-8
200802100MIN,RS,TOR,910.0,,27,37,-10
200802100MIN,RS,TOR,946.0,,27,38,-11
200802100MIN,RS,TOR,946.0,,27,39,-12
200802100MIN,RS,TOR,986.0,,29,39,-10
200802100MIN,RS,TOR,986.0,,30,39,-9
200802100MIN,RS,TOR,1029.0,,30,41,-11
200802100MIN,RS,TOR,1106.0,,31,41,-10
200802100MIN,RS,TOR,1131.0,,33,41,-8
200802100MIN,RS,TOR,1164.0,,36,41,-5
200802100MIN,RS,TOR,1193.0,,38,41,-3
200802100MIN,RS,TOR,1209.0,,38,43,-5
200802100MIN,RS,TOR,1227.0,,40,43,-3
200802100MIN,RS,TOR,1247.0,,40,45,-5
200802100MIN,RS,TOR,1282.0,,42,45,-3
200802100MIN,RS,TOR,1362.0,T,45,45,0
200802100MIN,RS,TOR,1382.0,,45,48,-3
200802100MIN,RS,TOR,1418.2,,47,48,-1
200802100MIN,RS,TOR,1439.5,,47,51,-4
200802100MIN,RS,TOR,1507.0,,47,54,-7
200802100MIN,RS,TOR,1529.0,,49,54,-5
200802100MIN,RS,TOR,1548.0,,49,56,-7
200802100MIN,RS,TOR,1584.0,,49,58,-9
200802100MIN,RS,TOR,1602.0,,51,58,-7
200802100MIN,RS,TOR,1618.0,,51,60,-9
200802100MIN,RS,TOR,1655.0,,51,63,-12
200802100MIN,RS,TOR,1671.0,,53,63,-10
200802100MIN,RS,TOR,1723.0,,53,65,-12
200802100MIN,RS,TOR,1780.0,,55,65,-10
200802100MIN,RS,TOR,1793.0,,55,66,-11
200802100MIN,RS,TOR,1793.0,,55,67,-12
200802100MIN,RS,TOR,1824.0,,55,68,-13
200802100MIN,RS,TOR,1824.0,,55,69,-14
200802100MIN,RS,TOR,1857.0,,55,70,-15
200802100MIN,RS,TOR,1857.0,,55,71,-16
200802100MIN,RS,TOR,1880.0,,57,71,-14
200802100MIN,RS,TOR,1918.0,,57,73,-16
200802100MIN,RS,TOR,1941.0,,57,74,-17
200802100MIN,RS,TOR,1941.0,,57,75,-18
200802100MIN,RS,TOR,2041.0,,59,75,-16
200802100MIN,RS,TOR,2074.0,,61,75,-14
200802100MIN,RS,TOR,2114.7,,61,77,-16
200802100MIN,RS,TOR,2174.0,,61,79,-18
200802100MIN,RS,TOR,2285.0,,61,80,-19
200802100MIN,RS,TOR,2306.0,,63,80,-17
200802100MIN,RS,TOR,2316.0,,63,82,-19
200802100MIN,RS,TOR,2332.0,,64,82,-18
200802100MIN,RS,TOR,2332.0,,65,82,-17
200802100MIN,RS,TOR,2356.0,,67,82,-15
200802100MIN,RS,TOR,2377.0,,67,84,-17
200802100MIN,RS,TOR,2400.0,,67,86,-19
200802100MIN,RS,TOR,2488.0,,68,86,-18
200802100MIN,RS,TOR,2488.0,,69,86,-17
200802100MIN,RS,TOR,2526.0,,69,88,-19
200802100MIN,RS,TOR,2600.0,,71,88,-17
200802100MIN,RS,TOR,2600.0,,72,88,-16
200802100MIN,RS,TOR,2677.0,,72,90,-18
200802100MIN,RS,TOR,2682.0,,74,90,-16
200802100MIN,RS,TOR,2694.0,,74,92,-18
200802100MIN,RS,TOR,2719.0,,74,94,-20
200802100MIN,RS,TOR,2739.0,,74,97,-23
200802100MIN,RS,TOR,2752.0,,74,98,-24
200802100MIN,RS,TOR,2752.0,,74,99,-25
200802100MIN,RS,TOR,2764.0,,75,99,-24
200802100MIN,RS,TOR,2782.0,,77,99,-22
200802100MIN,RS,TOR,2795.0,,77,101,-24
200802100MIN,RS,TOR,2809.0,,79,101,-22
200802100MIN,RS,TOR,2822.8,,79,103,-24
200802100MIN,RS,TOR,2839.3,,79,105,-26
200802100MIN,RS,TOR,2842.9,,80,105,-25
200802100MIN,RS,TOR,2863.2,,81,105,-24
200802100MIN,RS,TOR,2863.2,F,82,105,-23
200802100MIN,RS,TOR,2880.0,,82,105,-23
200802120NJN,RS,NJN,0.0,,0,0,0
200802120NJN,RS,NJN,49.0,,0,2,-2
200802120NJN,RS,NJN,68.0,T,2,2,0
200802120NJN,RS,NJN,84.0,,2,4,-2
200802120NJN,RS,NJN,126.0,,2,6,-4
200802120NJN,RS,NJN,205.0,,5,6,-1
200802120NJN,RS,NJN,256.0,,5,8,-3
200802120NJN,RS,NJN,284.0,,6,8,-2
200802120NJN,RS,NJN,284.0,,7,8,-1
200802120NJN,RS,NJN,322.0,T,8,8,0
200802120NJN,RS,NJN,338.0,,8,10,-2
200802120NJN,RS,NJN,361.0,T,10,10,0
200802120NJN,RS,NJN,376.0,,10,12,-2
200802120NJN,RS,NJN,490.0,T,12,12,0
200802120NJN,RS,NJN,509.0,,12,14,-2
200802120NJN,RS,NJN,569.0,,12,16,-4
200802120NJN,RS,NJN,623.0,,13,16,-3
200802120NJN,RS,NJN,623.0,,14,16,-2
200802120NJN,RS,NJN,699.7,T,16,16,0
200802120NJN,RS,NJN,750.0,,16,18,-2
200802120NJN,RS,NJN,823.0,T,18,18,0
200802120NJN,RS,NJN,846.0,,18,21,-3
200802120NJN,RS,NJN,868.0,T,21,21,0
200802120NJN,RS,NJN,914.0,,21,23,-2
200802120NJN,RS,NJN,929.0,,22,23,-1
200802120NJN,RS,NJN,979.0,LC,24,23,1
200802120NJN,RS,NJN,1037.0,LC,24,26,-2
200802120NJN,RS,NJN,1084.0,T,26,26,0
200802120NJN,RS,NJN,1107.0,,26,28,-2
200802120NJN,RS,NJN,1128.0,T,28,28,0
200802120NJN,RS,NJN,1165.0,,28,30,-2
200802120NJN,RS,NJN,1190.0,,28,32,-4
200802120NJN,RS,NJN,1213.0,,29,32,-3
200802120NJN,RS,NJN,1213.0,,30,32,-2
200802120NJN,RS,NJN,1279.0,,30,34,-4
200802120NJN,RS,NJN,1330.0,,32,34,-2
200802120NJN,RS,NJN,1407.5,,32,35,-3
200802120NJN,RS,NJN,1407.5,,32,36,-4
200802120NJN,RS,NJN,1430.6,,35,36,-1
200802120NJN,RS,NJN,1437.3,,35,37,-2
200802120NJN,RS,NJN,1437.3,,35,38,-3
200802120NJN,RS,NJN,1456.0,,37,38,-1
200802120NJN,RS,NJN,1483.0,T,38,38,0
200802120NJN,RS,NJN,1483.0,LC,39,38,1
200802120NJN,RS,NJN,1499.0,T,39,39,0
200802120NJN,RS,NJN,1499.0,LC,39,40,-1
200802120NJN,RS,NJN,1543.0,T,40,40,0
200802120NJN,RS,NJN,1595.0,LC,42,40,2
200802120NJN,RS,NJN,1614.0,T,42,42,0
200802120NJN,RS,NJN,1683.0,LC,42,44,-2
200802120NJN,RS,NJN,1783.0,T,44,44,0
200802120NJN,RS,NJN,1810.0,LC,45,44,1
200802120NJN,RS,NJN,1826.0,T,45,45,0
200802120NJN,RS,NJN,1826.0,LC,45,46,-1
200802120NJN,RS,NJN,1839.0,T,46,46,0
200802120NJN,RS,NJN,1868.0,,46,48,-2
200802120NJN,RS,NJN,1889.0,,46,50,-4
200802120NJN,RS,NJN,1915.0,,48,50,-2
200802120NJN,RS,NJN,1928.0,,48,52,-4
200802120NJN,RS,NJN,1928.0,,48,53,-5
200802120NJN,RS,NJN,1950.0,,51,53,-2
200802120NJN,RS,NJN,1961.0,,51,55,-4
200802120NJN,RS,NJN,1961.0,,51,56,-5
200802120NJN,RS,NJN,2001.0,,51,58,-7
200802120NJN,RS,NJN,2034.0,,51,60,-9
200802120NJN,RS,NJN,2047.0,,52,60,-8
200802120NJN,RS,NJN,2047.0,,53,60,-7
200802120NJN,RS,NJN,2058.0,,53,62,-9
200802120NJN,RS,NJN,2070.0,,55,62,-7
200802120NJN,RS,NJN,2080.0,,55,63,-8
200802120NJN,RS,NJN,2080.0,,55,64,-9
200802120NJN,RS,NJN,2126.4,,56,64,-8
200802120NJN,RS,NJN,2129.2,,56,65,-9
200802120NJN,RS,NJN,2129.2,,56,66,-10
200802120NJN,RS,NJN,2175.0,,56,68,-12
200802120NJN,RS,NJN,2249.0,,58,68,-10
200802120NJN,RS,NJN,2249.0,,59,68,-9
200802120NJN,RS,NJN,2270.0,,59,70,-11
200802120NJN,RS,NJN,2296.0,,61,70,-9
200802120NJN,RS,NJN,2347.0,,63,70,-7
200802120NJN,RS,NJN,2397.0,,65,70,-5
200802120NJN,RS,NJN,2438.0,,65,72,-7
200802120NJN,RS,NJN,2472.0,,65,74,-9
200802120NJN,RS,NJN,2498.0,,67,74,-7
200802120NJN,RS,NJN,2526.0,,69,74,-5
200802120NJN,RS,NJN,2549.0,,69,76,-7
200802120NJN,RS,NJN,2569.0,,71,76,-5
200802120NJN,RS,NJN,2626.0,,71,78,-7
200802120NJN,RS,NJN,2657.0,,73,78,-5
200802120NJN,RS,NJN,2676.0,,73,80,-7
200802120NJN,RS,NJN,2700.0,,73,81,-8
200802120NJN,RS,NJN,2700.0,,73,82,-9
200802120NJN,RS,NJN,2719.0,,75,82,-7
200802120NJN,RS,NJN,2735.0,,77,82,-5
200802120NJN,RS,NJN,2735.0,,78,82,-4
200802120NJN,RS,NJN,2758.0,,78,85,-7
200802120NJN,RS,NJN,2770.0,,79,85,-6
200802120NJN,RS,NJN,2770.0,,80,85,-5
200802120NJN,RS,NJN,2782.0,,80,86,-6
200802120NJN,RS,NJN,2782.0,,80,87,-7
200802120NJN,RS,NJN,2809.0,,80,89,-9
200802120NJN,RS,NJN,2818.0,,82,89,-7
200802120NJN,RS,NJN,2840.4,,82,91,-9
200802120NJN,RS,NJN,2850.6,,85,91,-6
200802120NJN,RS,NJN,2850.6,,85,92,-7
200802120NJN,RS,NJN,2878.4,F,88,92,-4
200802120NJN,RS,NJN,2880.0,,88,92,-4
200802130MIN,RS,LAL,0.0,,0,0,0
200802130MIN,RS,LAL,13.0,,0,2,-2
200802130MIN,RS,LAL,48.0,,0,4,-4
200802130MIN,RS,LAL,94.0,,0,6,-6
200802130MIN,RS,LAL,188.0,,2,6,-4
200802130MIN,RS,LAL,201.0,,2,8,-6
200802130MIN,RS,LAL,252.0,,2,10,-8
200802130MIN,RS,LAL,283.0,,2,12,-10
200802130MIN,RS,LAL,328.0,,2,14,-12
200802130MIN,RS,LAL,328.0,,2,15,-13
200802130MIN,RS,LAL,343.0,,5,15,-10
200802130MIN,RS,LAL,358.0,,5,16,-11
200802130MIN,RS,LAL,358.0,,5,17,-12
200802130MIN,RS,LAL,365.0,,7,17,-10
200802130MIN,RS,LAL,365.0,,8,17,-9
200802130MIN,RS,LAL,390.0,,10,17,-7
200802130MIN,RS,LAL,406.0,,10,18,-8
200802130MIN,RS,LAL,406.0,,10,19,-9
200802130MIN,RS,LAL,424.0,,12,19,-7
200802130MIN,RS,LAL,484.0,,13,19,-6
200802130MIN,RS,LAL,538.0,,14,19,-5
200802130MIN,RS,LAL,538.0,,15,19,-4
200802130MIN,RS,LAL,555.0,,15,21,-6
200802130MIN,RS,LAL,616.0,,17,21,-4
200802130MIN,RS,LAL,632.0,,17,23,-6
200802130MIN,RS,LAL,650.0,,17,25,-8
200802130MIN,RS,LAL,660.0,,18,25,-7
200802130MIN,RS,LAL,660.0,,19,25,-6
200802130MIN,RS,LAL,670.9,,19,27,-8
200802130MIN,RS,LAL,702.8,,21,27,-6
200802130MIN,RS,LAL,718.6,,21,30,-9
200802130MIN,RS,LAL,755.0,,21,32,-11
200802130MIN,RS,LAL,795.0,,24,32,-8
200802130MIN,RS,LAL,811.0,,24,34,-10
200802130MIN,RS,LAL,832.0,,26,34,-8
200802130MIN,RS,LAL,873.0,,26,36,-10
200802130MIN,RS,LAL,915.0,,26,38,-12
200802130MIN,RS,LAL,931.0,,28,38,-10
200802130MIN,RS,LAL,962.0,,31,38,-7
200802130MIN,RS,LAL,974.0,,31,39,-8
200802130MIN,RS,LAL,974.0,,31,40,-9
200802130MIN,RS,LAL,1000.0,,34,40,-6
200802130MIN,RS,LAL,1023.0,,34,42,-8
200802130MIN,RS,LAL,1023.0,,34,43,-9
200802130MIN,RS,LAL,1030.0,,36,43,-7
200802130MIN,RS,LAL,1067.0,,36,45,-9
200802130MIN,RS,LAL,1067.0,,36,46,-10
200802130MIN,RS,LAL,1089.0,,36,48,-12
200802130MIN,RS,LAL,1102.0,,37,48,-11
200802130MIN,RS,LAL,1102.0,,38,48,-10
200802130MIN,RS,LAL,1152.0,,38,49,-11
200802130MIN,RS,LAL,1171.0,,40,49,-9
200802130MIN,RS,LAL,1197.0,,40,50,-10
200802130MIN,RS,LAL,1197.0,,40,51,-11
200802130MIN,RS,LAL,1257.0,,42,51,-9
200802130MIN,RS,LAL,1276.0,,42,53,-11
200802130MIN,RS,LAL,1304.0,,42,56,-14
200802130MIN,RS,LAL,1357.0,,42,58,-16
200802130MIN,RS,LAL,1386.9,,42,59,-17
200802130MIN,RS,LAL,1402.4,,42,60,-18
200802130MIN,RS,LAL,1417.0,,44,60,-16
200802130MIN,RS,LAL,1483.0,,44,62,-18
200802130MIN,RS,LAL,1502.0,,46,62,-16
200802130MIN,RS,LAL,1562.0,,46,65,-19
200802130MIN,RS,LAL,1587.0,,48,65,-17
200802130MIN,RS,LAL,1598.0,,48,67,-19
200802130MIN,RS,LAL,1620.0,,50,67,-17
200802130MIN,RS,LAL,1683.0,,50,69,-19
200802130MIN,RS,LAL,1703.0,,52,69,-17
200802130MIN,RS,LAL,1718.0,,52,71,-19
200802130MIN,RS,LAL,1729.0,,54,71,-17
200802130MIN,RS,LAL,1746.0,,54,74,-20
200802130MIN,RS,LAL,1746.0,,54,75,-21
200802130MIN,RS,LAL,1777.0,,54,77,-23
200802130MIN,RS,LAL,1789.0,,56,77,-21
200802130MIN,RS,LAL,1828.0,,58,77,-19
200802130MIN,RS,LAL,1844.0,,58,79,-21
200802130MIN,RS,LAL,1878.0,,58,82,-24
200802130MIN,RS,LAL,1905.0,,58,85,-27
200802130MIN,RS,LAL,1945.0,,58,86,-28
200802130MIN,RS,LAL,1945.0,,58,87,-29
200802130MIN,RS,LAL,1966.0,,61,87,-26
200802130MIN,RS,LAL,1998.0,,63,87,-24
200802130MIN,RS,LAL,2030.0,,64,87,-23
200802130MIN,RS,LAL,2051.0,,64,89,-25
200802130MIN,RS,LAL,2067.0,,66,89,-23
200802130MIN,RS,LAL,2074.0,,66,90,-24
200802130MIN,RS,LAL,2074.0,,66,91,-25
200802130MIN,RS,LAL,2092.0,,66,93,-27
200802130MIN,RS,LAL,2118.9,,66,95,-29
200802130MIN,RS,LAL,2118.9,,66,96,-30
200802130MIN,RS,LAL,2136.1,,68,96,-28
200802130MIN,RS,LAL,2159.8,,68,99,-31
200802130MIN,RS,LAL,2192.0,,70,99,-29
200802130MIN,RS,LAL,2216.0,,70,101,-31
200802130MIN,RS,LAL,2233.0,,72,101,-29
200802130MIN,RS,LAL,2301.0,,74,101,-27
200802130MIN,RS,LAL,2320.0,,76,101,-25
200802130MIN,RS,LAL,2338.0,,76,103,-27
200802130MIN,RS,LAL,2410.0,,76,105,-29
200802130MIN,RS,LAL,2453.0,,78,105,-27
200802130MIN,RS,LAL,2507.0,,78,107,-29
200802130MIN,RS,LAL,2525.0,,80,107,-27
200802130MIN,RS,LAL,2552.0,,81,107,-26
200802130MIN,RS,LAL,2588.0,,83,107,-24
200802130MIN,RS,LAL,2615.0,,83,109,-26
200802130MIN,RS,LAL,2668.0,,83,111,-28
200802130MIN,RS,LAL,2719.0,,85,111,-26
200802130MIN,RS,LAL,2769.0,,85,113,-28
200802130MIN,RS,LAL,2781.0,,87,113,-26
200802130MIN,RS,LAL,2802.0,,87,115,-28
200802130MIN,RS,LAL,2823.1,,89,115,-26
200802130MIN,RS,LAL,2844.7,,92,115,-23
200802130MIN,RS,LAL,2851.8,F,92,117,-25
200802130MIN,RS,LAL,2880.0,,92,117,-25
200802190MIN,RS,PHI,0.0,,0,0,0
200802190MIN,RS,PHI,24.0,,0,2,-2
200802190MIN,RS,PHI,37.0,T,2,2,0
200802190MIN,RS,PHI,68.0,LC,4,2,2
200802190MIN,RS,PHI,127.0,,4,3,1
200802190MIN,RS,PHI,153.0,,6,3,3
200802190MIN,RS,PHI,192.0,,7,3,4
200802190MIN,RS,PHI,211.0,,7,5,2
200802190MIN,RS,PHI,211.0,,7,6,1
200802190MIN,RS,PHI,231.0,,10,6,4
200802190MIN,RS,PHI,253.0,,10,8,2
200802190MIN,RS,PHI,275.0,,13,8,5
200802190MIN,RS,PHI,329.0,,15,8,7
200802190MIN,RS,PHI,374.0,,16,8,8
200802190MIN,RS,PHI,374.0,,17,8,9
200802190MIN,RS,PHI,417.0,,17,10,7
200802190MIN,RS,PHI,539.0,,17,11,6
200802190MIN,RS,PHI,600.0,,19,11,8
200802190MIN,RS,PHI,626.0,,19,13,6
200802190MIN,RS,PHI,643.0,,21,13,8
200802190MIN,RS,PHI,660.0,,21,16,5
200802190MIN,RS,PHI,676.0,,23,16,7
200802190MIN,RS,PHI,684.8,,23,17,6
200802190MIN,RS,PHI,737.0,,23,18,5
200802190MIN,RS,PHI,737.0,,23,19,4
200802190MIN,RS,PHI,779.0,,23,21,2
200802190MIN,RS,PHI,851.0,,24,21,3
200802190MIN,RS,PHI,884.0,,26,21,5
200802190MIN,RS,PHI,931.0,,28,21,7
200802190MIN,RS,PHI,956.0,,28,23,5
200802190MIN,RS,PHI,969.0,,30,23,7
200802190MIN,RS,PHI,985.0,,30,25,5
200802190MIN,RS,PHI,1004.0,,32,25,7
200802190MIN,RS,PHI,1032.0,,32,27,5
200802190MIN,RS,PHI,1041.0,,35,27,8
200802190MIN,RS,PHI,1080.0,,37,27,10
200802190MIN,RS,PHI,1087.0,,37,29,8
200802190MIN,RS,PHI,1102.0,,39,29,10
200802190MIN,RS,PHI,1130.0,,41,29,12
200802190MIN,RS,PHI,1207.0,,41,31,10
200802190MIN,RS,PHI,1226.0,,43,31,12
200802190MIN,RS,PHI,1226.0,,44,31,13
200802190MIN,RS,PHI,1246.0,,44,33,11
200802190MIN,RS,PHI,1279.0,,44,35,9
200802190MIN,RS,PHI,1279.0,,44,36,8
200802190MIN,RS,PHI,1315.0,,46,36,10
200802190MIN,RS,PHI,1329.0,,46,38,8
200802190MIN,RS,PHI,1353.0,,48,38,10
200802190MIN,RS,PHI,1370.0,,48,40,8
200802190MIN,RS,PHI,1387.1,,50,40,10
200802190MIN,RS,PHI,1403.1,,50,42,8
200802190MIN,RS,PHI,1424.8,,53,42,11
200802190MIN,RS,PHI,1438.8,,53,44,9
200802190MIN,RS,PHI,1467.0,,53,46,7
200802190MIN,RS,PHI,1512.0,,53,48,5
200802190MIN,RS,PHI,1563.0,,53,50,3
200802190MIN,RS,PHI,1608.0,,55,50,5
200802190MIN,RS,PHI,1687.0,,55,52,3
200802190MIN,RS,PHI,1705.0,,57,52,5
200802190MIN,RS,PHI,1734.0,,57,54,3
200802190MIN,RS,PHI,1755.0,,58,54,4
200802190MIN,RS,PHI,1788.0,,60,54,6
200802190MIN,RS,PHI,1806.0,,60,56,4
200802190MIN,RS,PHI,1829.0,,62,56,6
200802190MIN,RS,PHI,1877.0,,62,57,5
200802190MIN,RS,PHI,1945.0,,65,57,8
200802190MIN,RS,PHI,1978.0,,67,57,10
200802190MIN,RS,PHI,1992.0,,67,58,9
200802190MIN,RS,PHI,2022.0,,67,60,7
200802190MIN,RS,PHI,2037.0,,68,60,8
200802190MIN,RS,PHI,2049.0,,70,60,10
200802190MIN,RS,PHI,2093.0,,70,62,8
200802190MIN,RS,PHI,2117.8,,72,62,10
200802190MIN,RS,PHI,2157.5,,74,62,12
200802190MIN,RS,PHI,2173.0,,74,63,11
200802190MIN,RS,PHI,2173.0,,74,64,10
200802190MIN,RS,PHI,2207.0,,75,64,11
200802190MIN,RS,PHI,2250.0,,77,64,13
200802190MIN,RS,PHI,2282.0,,77,66,11
200802190MIN,RS,PHI,2322.0,,79,66,13
200802190MIN,RS,PHI,2322.0,,80,66,14
200802190MIN,RS,PHI,2348.0,,81,66,15
200802190MIN,RS,PHI,2348.0,,82,66,16
200802190MIN,RS,PHI,2370.0,,82,68,14
200802190MIN,RS,PHI,2390.0,,84,68,16
200802190MIN,RS,PHI,2465.0,,87,68,19
200802190MIN,RS,PHI,2484.0,,87,69,18
200802190MIN,RS,PHI,2509.0,,88,69,19
200802190MIN,RS,PHI,2509.0,,89,69,20
200802190MIN,RS,PHI,2524.0,,91,69,22
200802190MIN,RS,PHI,2539.0,,91,70,21
200802190MIN,RS,PHI,2539.0,,91,71,20
200802190MIN,RS,PHI,2553.0,,93,71,22
200802190MIN,RS,PHI,2588.0,,93,73,20
200802190MIN,RS,PHI,2616.0,,93,74,19
200802190MIN,RS,PHI,2616.0,,93,75,18
200802190MIN,RS,PHI,2641.0,,93,76,17
200802190MIN,RS,PHI,2671.0,,93,78,15
200802190MIN,RS,PHI,2686.0,,93,80,13
200802190MIN,RS,PHI,2692.0,,94,80,14
200802190MIN,RS,PHI,2692.0,,95,80,15
200802190MIN,RS,PHI,2713.0,,95,82,13
200802190MIN,RS,PHI,2734.0,,97,82,15
200802190MIN,RS,PHI,2760.0,,99,82,17
200802190MIN,RS,PHI,2775.0,,99,84,15
200802190MIN,RS,PHI,2797.0,,102,84,18
200802190MIN,RS,PHI,2807.0,,102,86,16
200802190MIN,RS,PHI,2823.2,,103,86,17
200802190MIN,RS,PHI,2823.2,,104,86,18
200802190MIN,RS,PHI,2837.8,F,104,88,16
200802190MIN,RS,PHI,2880.0,,104,88,16
200802210MIN,RS,SAS,0.0,,0,0,0
200802210MIN,RS,SAS,44.0,,0,1,-1
200802210MIN,RS,SAS,44.0,,0,2,-2
200802210MIN,RS,SAS,62.0,T,2,2,0
200802210MIN,RS,SAS,95.0,LC,4,2,2
200802210MIN,RS,SAS,108.0,T,4,4,0
200802210MIN,RS,SAS,122.0,,6,4,2
200802210MIN,RS,SAS,138.0,,8,4,4
200802210MIN,RS,SAS,161.0,,8,6,2
200802210MIN,RS,SAS,167.0,,10,6,4
200802210MIN,RS,SAS,180.0,,10,7,3
200802210MIN,RS,SAS,180.0,,10,8,2
200802210MIN,RS,SAS,223.0,,12,8,4
200802210MIN,RS,SAS,240.0,,12,10,2
200802210MIN,RS,SAS,258.0,,14,10,4
200802210MIN,RS,SAS,258.0,,15,10,5
200802210MIN,RS,SAS,295.0,,15,12,3
200802210MIN,RS,SAS,326.0,,15,14,1
200802210MIN,RS,SAS,389.0,,17,14,3
200802210MIN,RS,SAS,421.0,,17,16,1
200802210MIN,RS,SAS,479.0,,19,16,3
200802210MIN,RS,SAS,505.0,,21,16,5
200802210MIN,RS,SAS,540.0,,21,18,3
200802210MIN,RS,SAS,645.0,,21,20,1
200802210MIN,RS,SAS,672.4,LC,21,22,-1
200802210MIN,RS,SAS,750.0,LC,23,22,1
200802210MIN,RS,SAS,765.0,T,23,23,0
200802210MIN,RS,SAS,800.0,LC,23,25,-2
200802210MIN,RS,SAS,822.0,T,25,25,0
200802210MIN,RS,SAS,870.0,,25,27,-2
200802210MIN,RS,SAS,891.0,T,27,27,0
200802210MIN,RS,SAS,909.0,,27,29,-2
200802210MIN,RS,SAS,927.0,T,29,29,0
200802210MIN,RS,SAS,946.0,LC,31,29,2
200802210MIN,RS,SAS,1003.0,,33,29,4
200802210MIN,RS,SAS,1032.0,,35,29,6
200802210MIN,RS,SAS,1047.0,,35,32,3
200802210MIN,RS,SAS,1121.0,,37,32,5
200802210MIN,RS,SAS,1138.0,,37,33,4
200802210MIN,RS,SAS,1138.0,,37,34,3
200802210MIN,RS,SAS,1170.0,T,37,37,0
200802210MIN,RS,SAS,1183.0,,39,37,2
200802210MIN,RS,SAS,1191.0,LC,39,40,-1
200802210MIN,RS,SAS,1231.0,LC,41,40,1
200802210MIN,RS,SAS,1249.0,T,41,41,0
200802210MIN,RS,SAS,1249.0,LC,41,42,-1
200802210MIN,RS,SAS,1264.0,LC,44,42,2
200802210MIN,RS,SAS,1280.0,T,44,44,0
200802210MIN,RS,SAS,1306.0,LC,44,47,-3
200802210MIN,RS,SAS,1322.0,,46,47,-1
200802210MIN,RS,SAS,1322.0,T,47,47,0
200802210MIN,RS,SAS,1334.0,LC,49,47,2
200802210MIN,RS,SAS,1375.0,,51,47,4
200802210MIN,RS,SAS,1387.9,,51,50,1
200802210MIN,RS,SAS,1404.5,,52,50,2
200802210MIN,RS,SAS,1404.5,,53,50,3
200802210MIN,RS,SAS,1414.7,T,53,53,0
200802210MIN,RS,SAS,1454.0,LC,53,55,-2
200802210MIN,RS,SAS,1481.0,LC,56,55,1
200802210MIN,RS,SAS,1517.0,LC,56,57,-1
200802210MIN,RS,SAS,1537.0,,56,59,-3
200802210MIN,RS,SAS,1603.0,,56,61,-5
200802210MIN,RS,SAS,1648.0,,59,61,-2
200802210MIN,RS,SAS,1810.0,,59,63,-4
200802210MIN,RS,SAS,1843.0,,59,65,-6
200802210MIN,RS,SAS,1862.0,,61,65,-4
200802210MIN,RS,SAS,1882.0,,61,66,-5
200802210MIN,RS,SAS,1882.0,,61,67,-6
200802210MIN,RS,SAS,1907.0,,61,69,-8
200802210MIN,RS,SAS,1951.0,,61,71,-10
200802210MIN,RS,SAS,1966.0,,63,71,-8
200802210MIN,RS,SAS,2015.0,,65,71,-6
200802210MIN,RS,SAS,2049.0,,66,71,-5
200802210MIN,RS,SAS,2058.0,,68,71,-3
200802210MIN,RS,SAS,2084.0,,68,74,-6
200802210MIN,RS,SAS,2100.3,,70,74,-4
200802210MIN,RS,SAS,2138.9,,72,74,-2
200802210MIN,RS,SAS,2265.0,T,74,74,0
200802210MIN,RS,SAS,2265.0,LC,75,74,1
200802210MIN,RS,SAS,2287.0,T,75,75,0
200802210MIN,RS,SAS,2330.0,,76,75,1
200802210MIN,RS,SAS,2330.0,,77,75,2
200802210MIN,RS,SAS,2350.0,,77,76,1
200802210MIN,RS,SAS,2350.0,T,77,77,0
200802210MIN,RS,SAS,2377.0,LC,77,80,-3
200802210MIN,RS,SAS,2394.0,,77,81,-4
200802210MIN,RS,SAS,2394.0,,77,82,-5
200802210MIN,RS,SAS,2417.0,,79,82,-3
200802210MIN,RS,SAS,2438.0,,79,84,-5
200802210MIN,RS,SAS,2459.0,,82,84,-2
200802210MIN,RS,SAS,2476.0,,82,86,-4
200802210MIN,RS,SAS,2498.0,,85,86,-1
200802210MIN,RS,SAS,2513.0,,85,88,-3
200802210MIN,RS,SAS,2530.0,,86,88,-2
200802210MIN,RS,SAS,2543.0,,86,89,-3
200802210MIN,RS,SAS,2543.0,,86,90,-4
200802210MIN,RS,SAS,2619.0,,87,90,-3
200802210MIN,RS,SAS,2619.0,,88,90,-2
200802210MIN,RS,SAS,2636.0,,88,92,-4
200802210MIN,RS,SAS,2651.0,,90,92,-2
200802210MIN,RS,SAS,2680.0,T,92,92,0
200802210MIN,RS,SAS,2698.0,,92,94,-2
200802210MIN,RS,SAS,2724.0,,92,95,-3
200802210MIN,RS,SAS,2724.0,,92,96,-4
200802210MIN,RS,SAS,2762.0,,94,96,-2
200802210MIN,RS,SAS,2780.0,,94,97,-3
200802210MIN,RS,SAS,2780.0,,94,98,-4
200802210MIN,RS,SAS,2802.0,,96,98,-2
200802210MIN,RS,SAS,2840.8,T,98,98,0
200802210MIN,RS,SAS,2840.8,LC,99,98,1
200802210MIN,RS,SAS,2873.8,F,99,100,-1
200802210MIN,RS,SAS,2880.0,,99,100,-1
200802240MIN,RS,DAL,0.0,,0,0,0
200802240MIN,RS,DAL,29.0,,2,0,2
200802240MIN,RS,DAL,71.0,,2,1,1
200802240MIN,RS,DAL,71.0,T,2,2,0
200802240MIN,RS,DAL,94.0,,4,2,2
200802240MIN,RS,DAL,145.0,T,4,4,0
200802240MIN,RS,DAL,168.0,,6,4,2
200802240MIN,RS,DAL,225.0,T,6,6,0
200802240MIN,RS,DAL,250.0,,7,6,1
200802240MIN,RS,DAL,286.0,LC,7,8,-1
200802240MIN,RS,DAL,311.0,,7,10,-3
200802240MIN,RS,DAL,332.0,,9,10,-1
200802240MIN,RS,DAL,346.0,,9,12,-3
200802240MIN,RS,DAL,371.0,,11,12,-1
200802240MIN,RS,DAL,389.0,,11,14,-3
200802240MIN,RS,DAL,402.0,,13,14,-1
200802240MIN,RS,DAL,420.0,,13,16,-3
200802240MIN,RS,DAL,438.0,,15,16,-1
200802240MIN,RS,DAL,488.0,,15,17,-2
200802240MIN,RS,DAL,522.0,T,17,17,0
200802240MIN,RS,DAL,550.0,LC,19,17,2
200802240MIN,RS,DAL,567.0,T,19,19,0
200802240MIN,RS,DAL,583.0,,20,19,1
200802240MIN,RS,DAL,654.0,,22,19,3
200802240MIN,RS,DAL,672.5,,22,20,2
200802240MIN,RS,DAL,672.5,,22,21,1
200802240MIN,RS,DAL,717.3,,24,21,3
200802240MIN,RS,DAL,719.8,T,24,24,0
200802240MIN,RS,DAL,790.0,LC,24,26,-2
200802240MIN,RS,DAL,866.0,T,26,26,0
200802240MIN,RS,DAL,888.0,,26,27,-1
200802240MIN,RS,DAL,888.0,,26,28,-2
200802240MIN,RS,DAL,934.0,,26,30,-4
200802240MIN,RS,DAL,958.0,,28,30,-2
200802240MIN,RS,DAL,982.0,T,30,30,0
200802240MIN,RS,DAL,1003.0,,30,32,-2
200802240MIN,RS,DAL,1029.0,T,32,32,0
200802240MIN,RS,DAL,1068.0,LC,34,32,2
200802240MIN,RS,DAL,1124.0,,36,32,4
200802240MIN,RS,DAL,1162.0,,38,32,6
200802240MIN,RS,DAL,1182.0,,38,33,5
200802240MIN,RS,DAL,1210.0,,40,33,7
200802240MIN,RS,DAL,1230.0,,40,36,4
200802240MIN,RS,DAL,1252.0,,40,39,1
200802240MIN,RS,DAL,1276.0,,42,39,3
200802240MIN,RS,DAL,1309.0,,44,39,5
200802240MIN,RS,DAL,1331.0,,44,40,4
200802240MIN,RS,DAL,1331.0,,44,41,3
200802240MIN,RS,DAL,1344.0,,46,41,5
200802240MIN,RS,DAL,1389.9,,48,41,7
200802240MIN,RS,DAL,1404.2,,48,44,4
200802240MIN,RS,DAL,1436.9,,48,46,2
200802240MIN,RS,DAL,1438.3,T,48,48,0
200802240MIN,RS,DAL,1464.0,LC,48,50,-2
200802240MIN,RS,DAL,1494.0,T,50,50,0
200802240MIN,RS,DAL,1507.0,,50,52,-2
200802240MIN,RS,DAL,1534.0,T,52,52,0
200802240MIN,RS,DAL,1549.0,,52,54,-2
200802240MIN,RS,DAL,1606.0,,52,55,-3
200802240MIN,RS,DAL,1606.0,,52,56,-4
200802240MIN,RS,DAL,1652.0,,52,58,-6
200802240MIN,RS,DAL,1725.0,,52,60,-8
200802240MIN,RS,DAL,1759.0,,52,62,-10
200802240MIN,RS,DAL,1785.0,,52,63,-11
200802240MIN,RS,DAL,1804.0,,54,63,-9
200802240MIN,RS,DAL,1840.0,,54,65,-11
200802240MIN,RS,DAL,1857.0,,56,65,-9
200802240MIN,RS,DAL,1893.0,,58,65,-7
200802240MIN,RS,DAL,1910.0,,58,66,-8
200802240MIN,RS,DAL,1929.0,,60,66,-6
200802240MIN,RS,DAL,1966.0,,62,66,-4
200802240MIN,RS,DAL,1966.0,,63,66,-3
200802240MIN,RS,DAL,2011.0,,63,69,-6
200802240MIN,RS,DAL,2060.0,,65,69,-4
200802240MIN,RS,DAL,2089.0,,67,69,-2
200802240MIN,RS,DAL,2100.6,,67,70,-3
200802240MIN,RS,DAL,2100.6,,67,71,-4
200802240MIN,RS,DAL,2120.4,,70,71,-1
200802240MIN,RS,DAL,2155.1,T,71,71,0
200802240MIN,RS,DAL,2200.0,,71,72,-1
200802240MIN,RS,DAL,2224.0,,71,74,-3
200802240MIN,RS,DAL,2420.0,T,74,74,0
200802240MIN,RS,DAL,2447.0,,74,76,-2
200802240MIN,RS,DAL,2468.0,,74,78,-4
200802240MIN,RS,DAL,2490.0,,75,78,-3
200802240MIN,RS,DAL,2506.0,,75,79,-4
200802240MIN,RS,DAL,2506.0,,75,80,-5
200802240MIN,RS,DAL,2550.0,,77,80,-3
200802240MIN,RS,DAL,2570.0,,77,81,-4
200802240MIN,RS,DAL,2576.0,,77,83,-6
200802240MIN,RS,DAL,2607.0,,77,85,-8
200802240MIN,RS,DAL,2661.0,,77,87,-10
200802240MIN,RS,DAL,2679.0,,79,87,-8
200802240MIN,RS,DAL,2697.0,,79,89,-10
200802240MIN,RS,DAL,2697.0,,79,90,-11
200802240MIN,RS,DAL,2719.0,,79,92,-13
200802240MIN,RS,DAL,2719.0,,79,93,-14
200802240MIN,RS,DAL,2770.0,,79,95,-16
200802240MIN,RS,DAL,2781.0,,81,95,-14
200802240MIN,RS,DAL,2798.0,,81,97,-16
200802240MIN,RS,DAL,2826.9,,81,99,-18
200802240MIN,RS,DAL,2876.5,F,83,99,-16
200802240MIN,RS,DAL,2880.0,,83,99,-16
200802260MIN,RS,UTA,0.0,,0,0,0
200802260MIN,RS,UTA,22.0,,2,0,2
200802260MIN,RS,UTA,43.0,T,2,2,0
200802260MIN,RS,UTA,59.0,,4,2,2
200802260MIN,RS,UTA,90.0,,6,2,4
200802260MIN,RS,UTA,110.0,,8,2,6
200802260MIN,RS,UTA,128.0,,8,3,5
200802260MIN,RS,UTA,128.0,,8,4,4
200802260MIN,RS,UTA,197.0,,8,6,2
200802260MIN,RS,UTA,221.0,T,8,8,0
200802260MIN,RS,UTA,253.0,LC,8,10,-2
200802260MIN,RS,UTA,275.0,,8,12,-4
200802260MIN,RS,UTA,298.0,,10,12,-2
200802260MIN,RS,UTA,319.0,T,12,12,0
200802260MIN,RS,UTA,350.0,LC,15,12,3
200802260MIN,RS,UTA,409.0,,15,14,1
200802260MIN,RS,UTA,464.0,T,15,15,0
200802260MIN,RS,UTA,464.0,LC,15,16,-1
200802260MIN,RS,UTA,480.0,T,16,16,0
200802260MIN,RS,UTA,480.0,LC,17,16,1
200802260MIN,RS,UTA,490.0,LC,17,18,-1
200802260MIN,RS,UTA,490.0,,17,19,-2
200802260MIN,RS,UTA,518.0,T,19,19,0
200802260MIN,RS,UTA,539.0,LC,21,19,2
200802260MIN,RS,UTA,553.0,,21,20,1
200802260MIN,RS,UTA,553.0,T,21,21,0
200802260MIN,RS,UTA,587.0,LC,21,23,-2
200802260MIN,RS,UTA,612.0,,21,25,-4
200802260MIN,RS,UTA,636.0,,23,25,-2
200802260MIN,RS,UTA,667.1,T,25,25,0
200802260MIN,RS,UTA,695.4,LC,27,25,2
200802260MIN,RS,UTA,762.0,T,27,27,0
200802260MIN,RS,UTA,807.0,,30,27,3
200802260MIN,RS,UTA,825.0,,30,29,1
200802260MIN,RS,UTA,857.0,LC,30,31,-1
200802260MIN,RS,UTA,902.0,,30,33,-3
200802260MIN,RS,UTA,918.0,,32,33,-1
200802260MIN,RS,UTA,945.0,T,33,33,0
200802260MIN,RS,UTA,945.0,LC,34,33,1
200802260MIN,RS,UTA,961.0,LC,34,36,-2
200802260MIN,RS,UTA,985.0,T,36,36,0
200802260MIN,RS,UTA,1012.0,,36,39,-3
200802260MIN,RS,UTA,1032.0,T,39,39,0
200802260MIN,RS,UTA,1067.0,LC,41,39,2
200802260MIN,RS,UTA,1067.0,,42,39,3
200802260MIN,RS,UTA,1232.0,,42,41,1
200802260MIN,RS,UTA,1247.0,,45,41,4
200802260MIN,RS,UTA,1276.0,,47,41,6
200802260MIN,RS,UTA,1282.0,,47,42,5
200802260MIN,RS,UTA,1282.0,,47,43,4
200802260MIN,RS,UTA,1308.0,,47,44,3
200802260MIN,RS,UTA,1308.0,,47,45,2
200802260MIN,RS,UTA,1347.0,,49,45,4
200802260MIN,RS,UTA,1377.0,,49,46,3
200802260MIN,RS,UTA,1377.0,,49,47,2
200802260MIN,RS,UTA,1395.1,,51,47,4
200802260MIN,RS,UTA,1429.1,,52,47,5
200802260MIN,RS,UTA,1474.0,,52,49,3
200802260MIN,RS,UTA,1494.0,,54,49,5
200802260MIN,RS,UTA,1512.0,,54,51,3
200802260MIN,RS,UTA,1539.0,,54,53,1
200802260MIN,RS,UTA,1620.0,,56,53,3
200802260MIN,RS,UTA,1645.0,,56,55,1
200802260MIN,RS,UTA,1702.0,T,56,56,0
200802260MIN,RS,UTA,1733.0,,58,56,2
200802260MIN,RS,UTA,1733.0,,59,56,3
200802260MIN,RS,UTA,1756.0,,60,56,4
200802260MIN,RS,UTA,1802.0,,60,58,2
200802260MIN,RS,UTA,1824.0,,62,58,4
200802260MIN,RS,UTA,1852.0,,63,58,5
200802260MIN,RS,UTA,1852.0,,64,58,6
200802260MIN,RS,UTA,1897.0,,64,60,4
200802260MIN,RS,UTA,1897.0,,64,61,3
200802260MIN,RS,UTA,1913.0,,66,61,5
200802260MIN,RS,UTA,1913.0,,67,61,6
200802260MIN,RS,UTA,1932.0,,67,63,4
200802260MIN,RS,UTA,1966.0,,68,63,5
200802260MIN,RS,UTA,1977.0,,68,65,3
200802260MIN,RS,UTA,2020.0,,68,66,2
200802260MIN,RS,UTA,2020.0,,68,67,1
200802260MIN,RS,UTA,2034.0,,69,67,2
200802260MIN,RS,UTA,2062.0,T,69,69,0
200802260MIN,RS,UTA,2081.0,,72,69,3
200802260MIN,RS,UTA,2113.5,,72,70,2
200802260MIN,RS,UTA,2131.8,T,72,72,0
200802260MIN,RS,UTA,2180.0,,73,72,1
200802260MIN,RS,UTA,2195.0,LC,73,74,-1
200802260MIN,RS,UTA,2211.0,T,74,74,0
200802260MIN,RS,UTA,2211.0,LC,75,74,1
200802260MIN,RS,UTA,2263.0,,77,74,3
200802260MIN,RS,UTA,2280.0,,77,75,2
200802260MIN,RS,UTA,2280.0,,77,76,1
200802260MIN,RS,UTA,2313.0,,80,76,4
200802260MIN,RS,UTA,2364.0,,82,76,6
200802260MIN,RS,UTA,2394.0,,84,76,8
200802260MIN,RS,UTA,2424.0,,86,76,10
200802260MIN,RS,UTA,2440.0,,86,77,9
200802260MIN,RS,UTA,2440.0,,86,78,8
200802260MIN,RS,UTA,2468.0,,87,78,9
200802260MIN,RS,UTA,2468.0,,88,78,10
200802260MIN,RS,UTA,2504.0,,88,79,9
200802260MIN,RS,UTA,2504.0,,88,80,8
200802260MIN,RS,UTA,2534.0,,90,80,10
200802260MIN,RS,UTA,2588.0,,90,81,9
200802260MIN,RS,UTA,2588.0,,90,82,8
200802260MIN,RS,UTA,2609.0,,93,82,11
200802260MIN,RS,UTA,2625.0,,94,82,12
200802260MIN,RS,UTA,2625.0,,95,82,13
200802260MIN,RS,UTA,2638.0,,97,82,15
200802260MIN,RS,UTA,2655.0,,97,85,12
200802260MIN,RS,UTA,2724.0,,97,88,9
200802260MIN,RS,UTA,2747.0,,99,88,11
200802260MIN,RS,UTA,2758.0,,99,90,9
200802260MIN,RS,UTA,2782.0,,101,90,11
200802260MIN,RS,UTA,2814.0,,101,91,10
200802260MIN,RS,UTA,2835.4,,102,91,11
200802260MIN,RS,UTA,2835.4,,103,91,12
200802260MIN,RS,UTA,2840.5,,103,92,11
200802260MIN,RS,UTA,2840.5,,103,93,10
200802260MIN,RS,UTA,2847.9,,105,93,12
200802260MIN,RS,UTA,2852.2,,105,96,9
200802260MIN,RS,UTA,2853.2,,106,96,10
200802260MIN,RS,UTA,2859.6,,106,97,9
200802260MIN,RS,UTA,2860.9,,107,97,10
200802260MIN,RS,UTA,2864.8,,107,100,7
200802260MIN,RS,UTA,2865.4,,108,100,8
200802260MIN,RS,UTA,2865.4,,109,100,9
200802260MIN,RS,UTA,2870.6,,110,100,10
200802260MIN,RS,UTA,2870.6,F,111,100,11
200802260MIN,RS,UTA,2880.0,,111,100,11
200802270TOR,RS,TOR,0.0,,0,0,0
200802270TOR,RS,TOR,26.0,,2,0,2
200802270TOR,RS,TOR,50.0,T,2,2,0
200802270TOR,RS,TOR,109.0,,5,2,3
200802270TOR,RS,TOR,155.0,,7,2,5
200802270TOR,RS,TOR,236.0,,9,2,7
200802270TOR,RS,TOR,257.0,,12,2,10
200802270TOR,RS,TOR,273.0,,12,5,7
200802270TOR,RS,TOR,293.0,,15,5,10
200802270TOR,RS,TOR,331.0,,15,7,8
200802270TOR,RS,TOR,357.0,,17,7,10
200802270TOR,RS,TOR,380.0,,17,10,7
200802270TOR,RS,TOR,407.0,,19,10,9
200802270TOR,RS,TOR,427.0,,19,12,7
200802270TOR,RS,TOR,427.0,,19,13,6
200802270TOR,RS,TOR,447.0,,19,15,4
200802270TOR,RS,TOR,498.0,,19,18,1
200802270TOR,RS,TOR,521.0,,21,18,3
200802270TOR,RS,TOR,557.0,,21,20,1
200802270TOR,RS,TOR,580.0,,24,20,4
200802270TOR,RS,TOR,603.0,,24,21,3
200802270TOR,RS,TOR,603.0,,24,22,2
200802270TOR,RS,TOR,635.0,T,24,24,0
200802270TOR,RS,TOR,676.3,,25,24,1
200802270TOR,RS,TOR,697.4,LC,25,26,-1
200802270TOR,RS,TOR,717.5,LC,27,26,1
200802270TOR,RS,TOR,717.5,,28,26,2
200802270TOR,RS,TOR,763.0,,28,27,1
200802270TOR,RS,TOR,777.0,T,28,28,0
200802270TOR,RS,TOR,810.0,LC,28,30,-2
200802270TOR,RS,TOR,857.0,,28,32,-4
200802270TOR,RS,TOR,874.0,,30,32,-2
200802270TOR,RS,TOR,881.0,,30,33,-3
200802270TOR,RS,TOR,881.0,,30,34,-4
200802270TOR,RS,TOR,920.0,,32,34,-2
200802270TOR,RS,TOR,959.0,,32,36,-4
200802270TOR,RS,TOR,1007.0,,33,36,-3
200802270TOR,RS,TOR,1007.0,,34,36,-2
200802270TOR,RS,TOR,1038.0,,35,36,-1
200802270TOR,RS,TOR,1048.0,LC,37,36,1
200802270TOR,RS,TOR,1070.0,LC,37,38,-1
200802270TOR,RS,TOR,1086.0,,37,39,-2
200802270TOR,RS,TOR,1086.0,,37,40,-3
200802270TOR,RS,TOR,1119.0,,37,42,-5
200802270TOR,RS,TOR,1144.0,,39,42,-3
200802270TOR,RS,TOR,1165.0,,41,42,-1
200802270TOR,RS,TOR,1177.0,,41,43,-2
200802270TOR,RS,TOR,1177.0,,41,44,-3
200802270TOR,RS,TOR,1267.0,,41,45,-4
200802270TOR,RS,TOR,1280.0,,43,45,-2
200802270TOR,RS,TOR,1296.0,,43,47,-4
200802270TOR,RS,TOR,1323.0,,43,49,-6
200802270TOR,RS,TOR,1347.0,,43,50,-7
200802270TOR,RS,TOR,1347.0,,43,51,-8
200802270TOR,RS,TOR,1457.0,,43,53,-10
200802270TOR,RS,TOR,1499.0,,43,55,-12
200802270TOR,RS,TOR,1518.0,,46,55,-9
200802270TOR,RS,TOR,1543.0,,46,57,-11
200802270TOR,RS,TOR,1568.0,,46,59,-13
200802270TOR,RS,TOR,1620.0,,46,61,-15
200802270TOR,RS,TOR,1647.0,,48,61,-13
200802270TOR,RS,TOR,1663.0,,48,63,-15
200802270TOR,RS,TOR,1675.0,,49,63,-14
200802270TOR,RS,TOR,1675.0,,50,63,-13
200802270TOR,RS,TOR,1697.0,,50,65,-15
200802270TOR,RS,TOR,1718.0,,51,65,-14
200802270TOR,RS,TOR,1718.0,,52,65,-13
200802270TOR,RS,TOR,1743.0,,54,65,-11
200802270TOR,RS,TOR,1785.0,,54,67,-13
200802270TOR,RS,TOR,1785.0,,54,68,-14
200802270TOR,RS,TOR,1795.0,,56,68,-12
200802270TOR,RS,TOR,1812.0,,56,70,-14
200802270TOR,RS,TOR,1834.0,,56,72,-16
200802270TOR,RS,TOR,1858.0,,58,72,-14
200802270TOR,RS,TOR,1872.0,,58,74,-16
200802270TOR,RS,TOR,1917.0,,58,75,-17
200802270TOR,RS,TOR,1917.0,,58,76,-18
200802270TOR,RS,TOR,1930.0,,60,76,-16
200802270TOR,RS,TOR,1970.0,,62,76,-14
200802270TOR,RS,TOR,2004.0,,64,76,-12
200802270TOR,RS,TOR,2021.0,,64,78,-14
200802270TOR,RS,TOR,2061.0,,64,80,-16
200802270TOR,RS,TOR,2086.0,,64,82,-18
200802270TOR,RS,TOR,2135.1,,65,82,-17
200802270TOR,RS,TOR,2157.3,,65,84,-19
200802270TOR,RS,TOR,2192.0,,65,86,-21
200802270TOR,RS,TOR,2237.0,,67,86,-19
200802270TOR,RS,TOR,2261.0,,67,88,-21
200802270TOR,RS,TOR,2282.0,,69,88,-19
200802270TOR,RS,TOR,2321.0,,71,88,-17
200802270TOR,RS,TOR,2355.0,,71,90,-19
200802270TOR,RS,TOR,2357.0,,71,91,-20
200802270TOR,RS,TOR,2417.0,,73,91,-18
200802270TOR,RS,TOR,2449.0,,73,93,-20
200802270TOR,RS,TOR,2537.0,,74,93,-19
200802270TOR,RS,TOR,2579.0,,76,93,-17
200802270TOR,RS,TOR,2604.0,,76,94,-18
200802270TOR,RS,TOR,2604.0,,76,95,-19
200802270TOR,RS,TOR,2670.0,,76,97,-21
200802270TOR,RS,TOR,2670.0,,76,98,-22
200802270TOR,RS,TOR,2679.0,,77,98,-21
200802270TOR,RS,TOR,2679.0,,78,98,-20
200802270TOR,RS,TOR,2700.0,,78,99,-21
200802270TOR,RS,TOR,2720.0,,78,101,-23
200802270TOR,RS,TOR,2744.0,,78,103,-25
200802270TOR,RS,TOR,2744.0,,78,104,-26
200802270TOR,RS,TOR,2760.0,,81,104,-23
200802270TOR,RS,TOR,2790.0,,83,104,-21
200802270TOR,RS,TOR,2805.0,,85,104,-19
200802270TOR,RS,TOR,2820.1,,85,106,-21
200802270TOR,RS,TOR,2853.4,F,85,107,-22
200802270TOR,RS,TOR,2880.0,,85,107,-22
200802290CLE,RS,CLE,0.0,,0,0,0
200802290CLE,RS,CLE,25.0,,0,2,-2
200802290CLE,RS,CLE,70.0,T,2,2,0
200802290CLE,RS,CLE,80.0,,2,3,-1
200802290CLE,RS,CLE,101.0,LC,4,3,1
200802290CLE,RS,CLE,129.0,T,4,4,0
200802290CLE,RS,CLE,150.0,,6,4,2
200802290CLE,RS,CLE,218.0,,8,4,4
200802290CLE,RS,CLE,253.0,,8,7,1
200802290CLE,RS,CLE,284.0,T,8,8,0
200802290CLE,RS,CLE,324.0,,10,8,2
200802290CLE,RS,CLE,345.0,T,10,10,0
200802290CLE,RS,CLE,370.0,,12,10,2
200802290CLE,RS,CLE,394.0,T,12,12,0
200802290CLE,RS,CLE,425.0,LC,12,13,-1
200802290CLE,RS,CLE,425.0,,12,14,-2
200802290CLE,RS,CLE,457.0,LC,15,14,1
200802290CLE,RS,CLE,465.0,LC,15,16,-1
200802290CLE,RS,CLE,480.0,LC,17,16,1
200802290CLE,RS,CLE,497.0,LC,17,18,-1
200802290CLE,RS,CLE,559.0,T,18,18,0
200802290CLE,RS,CLE,600.0,,18,20,-2
200802290CLE,RS,CLE,664.2,,19,20,-1
200802290CLE,RS,CLE,664.2,T,20,20,0
200802290CLE,RS,CLE,756.0,,20,22,-2
200802290CLE,RS,CLE,756.0,,20,23,-3
200802290CLE,RS,CLE,877.0,,22,23,-1
200802290CLE,RS,CLE,943.0,,22,26,-4
200802290CLE,RS,CLE,997.0,,22,28,-6
200802290CLE,RS,CLE,1012.0,,24,28,-4
200802290CLE,RS,CLE,1033.0,,24,30,-6
200802290CLE,RS,CLE,1066.0,,24,31,-7
200802290CLE,RS,CLE,1066.0,,24,32,-8
200802290CLE,RS,CLE,1079.0,,26,32,-6
200802290CLE,RS,CLE,1093.0,,26,34,-8
200802290CLE,RS,CLE,1114.0,,28,34,-6
200802290CLE,RS,CLE,1151.0,,28,36,-8
200802290CLE,RS,CLE,1190.0,,30,36,-6
200802290CLE,RS,CLE,1213.0,,30,38,-8
200802290CLE,RS,CLE,1300.0,,32,38,-6
200802290CLE,RS,CLE,1352.0,,32,40,-8
200802290CLE,RS,CLE,1413.7,,33,40,-7
200802290CLE,RS,CLE,1413.7,,34,40,-6
200802290CLE,RS,CLE,1437.9,,36,40,-4
200802290CLE,RS,CLE,1479.0,,36,41,-5
200802290CLE,RS,CLE,1503.0,,39,41,-2
200802290CLE,RS,CLE,1521.0,,39,43,-4
200802290CLE,RS,CLE,1574.0,,39,45,-6
200802290CLE,RS,CLE,1595.0,,41,45,-4
200802290CLE,RS,CLE,1603.0,,41,47,-6
200802290CLE,RS,CLE,1642.0,,41,49,-8
200802290CLE,RS,CLE,1659.0,,42,49,-7
200802290CLE,RS,CLE,1680.0,,44,49,-5
200802290CLE,RS,CLE,1699.0,,44,51,-7
200802290CLE,RS,CLE,1724.0,,46,51,-5
200802290CLE,RS,CLE,1756.0,,48,51,-3
200802290CLE,RS,CLE,1795.0,T,51,51,0
200802290CLE,RS,CLE,1817.0,,51,53,-2
200802290CLE,RS,CLE,1837.0,LC,54,53,1
200802290CLE,RS,CLE,1857.0,LC,54,55,-1
200802290CLE,RS,CLE,1884.0,,54,57,-3
200802290CLE,RS,CLE,1922.0,,54,59,-5
200802290CLE,RS,CLE,1943.0,,56,59,-3
200802290CLE,RS,CLE,2001.0,,56,61,-5
200802290CLE,RS,CLE,2044.0,,56,63,-7
200802290CLE,RS,CLE,2068.0,,59,63,-4
200802290CLE,RS,CLE,2120.0,,59,66,-7
200802290CLE,RS,CLE,2178.0,,60,66,-6
200802290CLE,RS,CLE,2178.0,,61,66,-5
200802290CLE,RS,CLE,2232.0,,61,69,-8
200802290CLE,RS,CLE,2300.0,,61,71,-10
200802290CLE,RS,CLE,2300.0,,61,72,-11
200802290CLE,RS,CLE,2318.0,,63,72,-9
200802290CLE,RS,CLE,2360.0,,63,74,-11
200802290CLE,RS,CLE,2387.0,,65,74,-9
200802290CLE,RS,CLE,2416.0,,67,74,-7
200802290CLE,RS,CLE,2459.0,,69,74,-5
200802290CLE,RS,CLE,2477.0,,69,76,-7
200802290CLE,RS,CLE,2497.0,,71,76,-5
200802290CLE,RS,CLE,2515.0,,71,78,-7
200802290CLE,RS,CLE,2536.0,,71,79,-8
200802290CLE,RS,CLE,2559.0,,73,79,-6
200802290CLE,RS,CLE,2596.0,,75,79,-4
200802290CLE,RS,CLE,2641.0,,75,81,-6
200802290CLE,RS,CLE,2671.0,,75,82,-7
200802290CLE,RS,CLE,2698.0,,75,83,-8
200802290CLE,RS,CLE,2698.0,,75,84,-9
200802290CLE,RS,CLE,2743.0,,75,86,-11
200802290CLE,RS,CLE,2765.0,,75,88,-13
200802290CLE,RS,CLE,2798.0,,75,90,-15
200802290CLE,RS,CLE,2820.0,,78,90,-12
200802290CLE,RS,CLE,2837.4,,78,91,-13
200802290CLE,RS,CLE,2837.4,,78,92,-14
200802290CLE,RS,CLE,2848.2,,81,92,-11
200802290CLE,RS,CLE,2872.9,,83,92,-9
200802290CLE,RS,CLE,2872.9,F,84,92,-8
200802290CLE,RS,CLE,2880.0,,84,92,-8
200803020MIN,RS,SEA,0.0,,0,0,0
200803020MIN,RS,SEA,22.0,,2,0,2
200803020MIN,RS,SEA,78.0,LC,2,3,-1
200803020MIN,RS,SEA,144.0,,2,5,-3
200803020MIN,RS,SEA,170.0,,4,5,-1
200803020MIN,RS,SEA,186.0,,4,7,-3
200803020MIN,RS,SEA,215.0,,4,9,-5
200803020MIN,RS,SEA,257.0,,4,11,-7
200803020MIN,RS,SEA,275.0,,6,11,-5
200803020MIN,RS,SEA,291.0,,6,12,-6
200803020MIN,RS,SEA,304.0,,6,14,-8
200803020MIN,RS,SEA,324.0,,8,14,-6
200803020MIN,RS,SEA,352.0,,10,14,-4
200803020MIN,RS,SEA,370.0,,12,14,-2
200803020MIN,RS,SEA,382.0,,12,15,-3
200803020MIN,RS,SEA,382.0,,12,16,-4
200803020MIN,RS,SEA,408.0,,12,18,-6
200803020MIN,RS,SEA,427.0,,14,18,-4
200803020MIN,RS,SEA,444.0,,14,20,-6
200803020MIN,RS,SEA,465.0,,14,22,-8
200803020MIN,RS,SEA,482.0,,16,22,-6
200803020MIN,RS,SEA,491.0,,16,24,-8
200803020MIN,RS,SEA,521.0,,16,26,-10
200803020MIN,RS,SEA,559.0,,18,26,-8
200803020MIN,RS,SEA,574.0,,18,28,-10
200803020MIN,RS,SEA,602.0,,20,28,-8
200803020MIN,RS,SEA,617.0,,20,30,-10
200803020MIN,RS,SEA,630.0,,21,30,-9
200803020MIN,RS,SEA,643.0,,21,32,-11
200803020MIN,RS,SEA,664.8,,23,32,-9
200803020MIN,RS,SEA,688.2,,23,33,-10
200803020MIN,RS,SEA,688.2,,23,34,-11
200803020MIN,RS,SEA,695.1,,26,34,-8
200803020MIN,RS,SEA,734.0,,26,36,-10
200803020MIN,RS,SEA,754.0,,28,36,-8
200803020MIN,RS,SEA,837.0,,31,36,-5
200803020MIN,RS,SEA,847.0,,31,38,-7
200803020MIN,RS,SEA,902.0,,33,38,-5
200803020MIN,RS,SEA,955.0,,34,38,-4
200803020MIN,RS,SEA,990.0,,34,41,-7
200803020MIN,RS,SEA,1011.0,,34,43,-9
200803020MIN,RS,SEA,1035.0,,34,45,-11
200803020MIN,RS,SEA,1057.0,,36,45,-9
200803020MIN,RS,SEA,1075.0,,36,46,-10
200803020MIN,RS,SEA,1096.0,,36,48,-12
200803020MIN,RS,SEA,1109.0,,38,48,-10
200803020MIN,RS,SEA,1141.0,,38,50,-12
200803020MIN,RS,SEA,1154.0,,40,50,-10
200803020MIN,RS,SEA,1160.0,,40,52,-12
200803020MIN,RS,SEA,1160.0,,40,53,-13
200803020MIN,RS,SEA,1241.0,,40,55,-15
200803020MIN,RS,SEA,1260.0,,42,55,-13
200803020MIN,RS,SEA,1282.0,,42,56,-14
200803020MIN,RS,SEA,1299.0,,44,56,-12
200803020MIN,RS,SEA,1343.0,,46,56,-10
200803020MIN,RS,SEA,1376.0,,48,56,-8
200803020MIN,RS,SEA,1376.0,,49,56,-7
200803020MIN,RS,SEA,1404.6,,51,56,-5
200803020MIN,RS,SEA,1420.2,,51,58,-7
200803020MIN,RS,SEA,1466.0,,53,58,-5
200803020MIN,RS,SEA,1500.0,,55,58,-3
200803020MIN,RS,SEA,1524.0,,55,60,-5
200803020MIN,RS,SEA,1563.0,,57,60,-3
200803020MIN,RS,SEA,1678.0,,58,60,-2
200803020MIN,RS,SEA,1692.0,,58,62,-4
200803020MIN,RS,SEA,1724.0,,60,62,-2
200803020MIN,RS,SEA,1734.0,,60,63,-3
200803020MIN,RS,SEA,1775.0,,60,65,-5
200803020MIN,RS,SEA,1835.0,,62,65,-3
200803020MIN,RS,SEA,1862.0,,63,65,-2
200803020MIN,RS,SEA,1862.0,,64,65,-1
200803020MIN,RS,SEA,1876.0,,64,67,-3
200803020MIN,RS,SEA,1896.0,,65,67,-2
200803020MIN,RS,SEA,1917.0,,65,69,-4
200803020MIN,RS,SEA,1986.0,,65,70,-5
200803020MIN,RS,SEA,1986.0,,65,71,-6
200803020MIN,RS,SEA,2005.0,,68,71,-3
200803020MIN,RS,SEA,2034.0,,70,71,-1
200803020MIN,RS,SEA,2054.0,,70,73,-3
200803020MIN,RS,SEA,2069.0,,72,73,-1
200803020MIN,RS,SEA,2093.0,,72,75,-3
200803020MIN,RS,SEA,2112.2,,74,75,-1
200803020MIN,RS,SEA,2156.9,T,75,75,0
200803020MIN,RS,SEA,2156.9,LC,76,75,1
200803020MIN,RS,SEA,2182.0,,78,75,3
200803020MIN,RS,SEA,2211.0,,79,75,4
200803020MIN,RS,SEA,2239.0,,79,77,2
200803020MIN,RS,SEA,2306.0,T,79,79,0
200803020MIN,RS,SEA,2356.0,,81,79,2
200803020MIN,RS,SEA,2370.0,,81,80,1
200803020MIN,RS,SEA,2370.0,T,81,81,0
200803020MIN,RS,SEA,2389.0,LC,81,83,-2
200803020MIN,RS,SEA,2399.0,T,83,83,0
200803020MIN,RS,SEA,2457.0,LC,85,83,2
200803020MIN,RS,SEA,2501.0,,87,83,4
200803020MIN,RS,SEA,2511.0,,87,85,2
200803020MIN,RS,SEA,2543.0,,87,86,1
200803020MIN,RS,SEA,2558.0,,89,86,3
200803020MIN,RS,SEA,2595.0,,91,86,5
200803020MIN,RS,SEA,2615.0,,91,88,3
200803020MIN,RS,SEA,2615.0,,91,89,2
200803020MIN,RS,SEA,2637.0,,93,89,4
200803020MIN,RS,SEA,2651.0,,93,91,2
200803020MIN,RS,SEA,2751.0,,95,91,4
200803020MIN,RS,SEA,2773.0,,95,93,2
200803020MIN,RS,SEA,2788.0,,97,93,4
200803020MIN,RS,SEA,2839.8,,97,95,2
200803020MIN,RS,SEA,2857.1,,99,95,4
200803020MIN,RS,SEA,2863.4,,99,97,2
200803020MIN,RS,SEA,2864.6,,100,97,3
200803020MIN,RS,SEA,2864.6,,101,97,4
200803020MIN,RS,SEA,2868.7,,101,100,1
200803020MIN,RS,SEA,2869.9,,102,100,2
200803020MIN,RS,SEA,2875.8,T,102,102,0
200803020MIN,RS,SEA,2912.0,,104,102,2
200803020MIN,RS,SEA,2959.0,,104,103,1
200803020MIN,RS,SEA,2959.0,T,104,104,0
200803020MIN,RS,SEA,2999.0,LC,104,106,-2
200803020MIN,RS,SEA,3105.0,,104,109,-5
200803020MIN,RS,SEA,3114.0,,106,109,-3
200803020MIN,RS,SEA,3161.7,,108,109,-1
200803020MIN,RS,SEA,3162.9,,108,110,-2
200803020MIN,RS,SEA,3162.9,F,108,111,-3
200803020MIN,RS,SEA,3180.0,,108,111,-3
200803040MIN,RS,CHA,0.0,,0,0,0
200803040MIN,RS,CHA,25.0,,0,2,-2
200803040MIN,RS,CHA,60.0,T,2,2,0
200803040MIN,RS,CHA,74.0,,2,4,-2
200803040MIN,RS,CHA,134.0,T,4,4,0
200803040MIN,RS,CHA,155.0,,4,6,-2
200803040MIN,RS,CHA,173.0,T,6,6,0
200803040MIN,RS,CHA,185.0,,6,8,-2
200803040MIN,RS,CHA,212.0,LC,9,8,1
200803040MIN,RS,CHA,237.0,LC,9,10,-1
200803040MIN,RS,CHA,237.0,,9,11,-2
200803040MIN,RS,CHA,251.0,T,11,11,0
200803040MIN,RS,CHA,259.0,,11,12,-1
200803040MIN,RS,CHA,259.0,,11,13,-2
200803040MIN,RS,CHA,280.0,T,13,13,0
200803040MIN,RS,CHA,340.0,LC,15,13,2
200803040MIN,RS,CHA,405.0,T,15,15,0
200803040MIN,RS,CHA,444.0,LC,15,18,-3
200803040MIN,RS,CHA,462.0,,17,18,-1
200803040MIN,RS,CHA,490.0,LC,19,18,1
200803040MIN,RS,CHA,509.0,LC,19,20,-1
200803040MIN,RS,CHA,534.0,,19,23,-4
200803040MIN,RS,CHA,554.0,,21,23,-2
200803040MIN,RS,CHA,568.0,T,23,23,0
200803040MIN,RS,CHA,629.0,,23,24,-1
200803040MIN,RS,CHA,660.2,,23,25,-2
200803040MIN,RS,CHA,670.2,T,25,25,0
200803040MIN,RS,CHA,677.5,,25,26,-1
200803040MIN,RS,CHA,677.5,,25,27,-2
200803040MIN,RS,CHA,693.1,T,27,27,0
200803040MIN,RS,CHA,714.2,,27,29,-2
200803040MIN,RS,CHA,733.0,,28,29,-1
200803040MIN,RS,CHA,733.0,T,29,29,0
200803040MIN,RS,CHA,758.0,,29,31,-2
200803040MIN,RS,CHA,777.0,,29,32,-3
200803040MIN,RS,CHA,777.0,,29,33,-4
200803040MIN,RS,CHA,829.0,,31,33,-2
200803040MIN,RS,CHA,840.0,,31,35,-4
200803040MIN,RS,CHA,860.0,,33,35,-2
200803040MIN,RS,CHA,874.0,,33,37,-4
200803040MIN,RS,CHA,900.0,,35,37,-2
200803040MIN,RS,CHA,914.0,,35,39,-4
200803040MIN,RS,CHA,938.0,,37,39,-2
200803040MIN,RS,CHA,953.0,,37,41,-4
200803040MIN,RS,CHA,973.0,,39,41,-2
200803040MIN,RS,CHA,1023.0,,39,43,-4
200803040MIN,RS,CHA,1061.0,,39,44,-5
200803040MIN,RS,CHA,1081.0,,41,44,-3
200803040MIN,RS,CHA,1148.0,,41,47,-6
200803040MIN,RS,CHA,1219.0,,44,47,-3
200803040MIN,RS,CHA,1239.0,,44,49,-5
200803040MIN,RS,CHA,1251.0,,46,49,-3
200803040MIN,RS,CHA,1304.0,,47,49,-2
200803040MIN,RS,CHA,1304.0,,48,49,-1
200803040MIN,RS,CHA,1321.0,,48,51,-3
200803040MIN,RS,CHA,1321.0,,48,52,-4
200803040MIN,RS,CHA,1367.0,,50,52,-2
200803040MIN,RS,CHA,1398.2,,50,54,-4
200803040MIN,RS,CHA,1437.6,,50,55,-5
200803040MIN,RS,CHA,1437.6,,50,56,-6
200803040MIN,RS,CHA,1460.0,,52,56,-4
200803040MIN,RS,CHA,1478.0,,52,57,-5
200803040MIN,RS,CHA,1528.0,,54,57,-3
200803040MIN,RS,CHA,1549.0,,54,59,-5
200803040MIN,RS,CHA,1593.0,,56,59,-3
200803040MIN,RS,CHA,1615.0,T,59,59,0
200803040MIN,RS,CHA,1658.0,LC,62,59,3
200803040MIN,RS,CHA,1658.0,,62,60,2
200803040MIN,RS,CHA,1707.0,LC,62,63,-1
200803040MIN,RS,CHA,1731.0,LC,64,63,1
200803040MIN,RS,CHA,1741.0,LC,64,65,-1
200803040MIN,RS,CHA,1746.0,LC,66,65,1
200803040MIN,RS,CHA,1760.0,T,66,66,0
200803040MIN,RS,CHA,1760.0,LC,66,67,-1
200803040MIN,RS,CHA,1792.0,LC,68,67,1
200803040MIN,RS,CHA,1824.0,LC,68,69,-1
200803040MIN,RS,CHA,1861.0,,68,71,-3
200803040MIN,RS,CHA,1877.0,T,71,71,0
200803040MIN,RS,CHA,1891.0,,71,74,-3
200803040MIN,RS,CHA,1915.0,,73,74,-1
200803040MIN,RS,CHA,1962.0,,73,76,-3
200803040MIN,RS,CHA,1979.0,,75,76,-1
200803040MIN,RS,CHA,2003.0,,75,79,-4
200803040MIN,RS,CHA,2079.0,,75,82,-7
200803040MIN,RS,CHA,2226.0,,75,84,-9
200803040MIN,RS,CHA,2246.0,,77,84,-7
200803040MIN,RS,CHA,2339.0,,77,86,-9
200803040MIN,RS,CHA,2339.0,,77,87,-10
200803040MIN,RS,CHA,2365.0,,77,90,-13
200803040MIN,RS,CHA,2424.0,,79,90,-11
200803040MIN,RS,CHA,2494.0,,81,90,-9
200803040MIN,RS,CHA,2517.0,,81,93,-12
200803040MIN,RS,CHA,2533.0,,82,93,-11
200803040MIN,RS,CHA,2586.0,,82,95,-13
200803040MIN,RS,CHA,2605.0,,82,96,-14
200803040MIN,RS,CHA,2626.0,,82,98,-16
200803040MIN,RS,CHA,2639.0,,85,98,-13
200803040MIN,RS,CHA,2682.0,,87,98,-11
200803040MIN,RS,CHA,2700.0,,87,99,-12
200803040MIN,RS,CHA,2700.0,,87,100,-13
200803040MIN,RS,CHA,2700.0,,87,101,-14
200803040MIN,RS,CHA,2711.0,,89,101,-12
200803040MIN,RS,CHA,2784.0,,89,102,-13
200803040MIN,RS,CHA,2814.0,,89,105,-16
200803040MIN,RS,CHA,2829.1,,89,107,-18
200803040MIN,RS,CHA,2861.7,F,89,109,-20
200803040MIN,RS,CHA,2880.0,,89,109,-20
200803050UTA,RS,UTA,0.0,,0,0,0
200803050UTA,RS,UTA,24.0,,1,0,1
200803050UTA,RS,UTA,24.0,,2,0,2
200803050UTA,RS,UTA,35.0,T,2,2,0
200803050UTA,RS,UTA,68.0,LC,2,5,-3
200803050UTA,RS,UTA,93.0,,2,7,-5
200803050UTA,RS,UTA,118.0,,4,7,-3
200803050UTA,RS,UTA,155.0,,6,7,-1
200803050UTA,RS,UTA,172.0,,6,9,-3
200803050UTA,RS,UTA,194.0,,8,9,-1
200803050UTA,RS,UTA,241.0,,8,11,-3
200803050UTA,RS,UTA,277.0,,8,13,-5
200803050UTA,RS,UTA,342.0,,11,13,-2
200803050UTA,RS,UTA,402.0,,12,13,-1
200803050UTA,RS,UTA,402.0,T,13,13,0
200803050UTA,RS,UTA,441.0,,13,15,-2
200803050UTA,RS,UTA,460.0,LC,16,15,1
200803050UTA,RS,UTA,504.0,LC,16,18,-2
200803050UTA,RS,UTA,530.0,T,18,18,0
200803050UTA,RS,UTA,561.0,,18,21,-3
200803050UTA,RS,UTA,598.0,,18,23,-5
200803050UTA,RS,UTA,635.0,,18,25,-7
200803050UTA,RS,UTA,658.0,,20,25,-5
200803050UTA,RS,UTA,668.7,,20,26,-6
200803050UTA,RS,UTA,844.0,,22,26,-4
200803050UTA,RS,UTA,874.0,,24,26,-2
200803050UTA,RS,UTA,894.0,,24,28,-4
200803050UTA,RS,UTA,925.0,,24,30,-6
200803050UTA,RS,UTA,991.0,,26,30,-4
200803050UTA,RS,UTA,1016.0,,26,31,-5
200803050UTA,RS,UTA,1029.0,,28,31,-3
200803050UTA,RS,UTA,1029.0,,29,31,-2
200803050UTA,RS,UTA,1041.0,,29,33,-4
200803050UTA,RS,UTA,1058.0,,31,33,-2
200803050UTA,RS,UTA,1076.0,,31,35,-4
200803050UTA,RS,UTA,1094.0,,31,36,-5
200803050UTA,RS,UTA,1103.0,,32,36,-4
200803050UTA,RS,UTA,1103.0,,33,36,-3
200803050UTA,RS,UTA,1116.0,,33,37,-4
200803050UTA,RS,UTA,1140.0,,33,38,-5
200803050UTA,RS,UTA,1140.0,,33,39,-6
200803050UTA,RS,UTA,1190.0,,33,41,-8
200803050UTA,RS,UTA,1220.0,,33,43,-10
200803050UTA,RS,UTA,1234.0,,35,43,-8
200803050UTA,RS,UTA,1248.0,,35,44,-9
200803050UTA,RS,UTA,1248.0,,35,45,-10
200803050UTA,RS,UTA,1277.0,,35,47,-12
200803050UTA,RS,UTA,1304.0,,35,49,-14
200803050UTA,RS,UTA,1328.0,,35,51,-16
200803050UTA,RS,UTA,1368.0,,36,51,-15
200803050UTA,RS,UTA,1368.0,,37,51,-14
200803050UTA,RS,UTA,1436.0,,38,51,-13
200803050UTA,RS,UTA,1436.0,,39,51,-12
200803050UTA,RS,UTA,1499.0,,39,53,-14
200803050UTA,RS,UTA,1499.0,,39,54,-15
200803050UTA,RS,UTA,1533.0,,39,56,-17
200803050UTA,RS,UTA,1561.0,,39,58,-19
200803050UTA,RS,UTA,1570.0,,39,60,-21
200803050UTA,RS,UTA,1592.0,,39,62,-23
200803050UTA,RS,UTA,1629.0,,39,64,-25
200803050UTA,RS,UTA,1674.0,,39,66,-27
200803050UTA,RS,UTA,1685.0,,42,66,-24
200803050UTA,RS,UTA,1709.0,,44,66,-22
200803050UTA,RS,UTA,1731.0,,44,67,-23
200803050UTA,RS,UTA,1753.0,,44,68,-24
200803050UTA,RS,UTA,1753.0,,44,69,-25
200803050UTA,RS,UTA,1814.0,,44,71,-27
200803050UTA,RS,UTA,1836.0,,46,71,-25
200803050UTA,RS,UTA,1878.0,,46,72,-26
200803050UTA,RS,UTA,1898.0,,49,72,-23
200803050UTA,RS,UTA,1916.0,,49,74,-25
200803050UTA,RS,UTA,1962.0,,49,76,-27
200803050UTA,RS,UTA,1990.0,,50,76,-26
200803050UTA,RS,UTA,2049.0,,52,76,-24
200803050UTA,RS,UTA,2069.0,,52,78,-26
200803050UTA,RS,UTA,2096.0,,55,78,-23
200803050UTA,RS,UTA,2119.5,,55,80,-25
200803050UTA,RS,UTA,2183.0,,55,82,-27
200803050UTA,RS,UTA,2199.0,,58,82,-24
200803050UTA,RS,UTA,2264.0,,60,82,-22
200803050UTA,RS,UTA,2289.0,,60,84,-24
200803050UTA,RS,UTA,2310.0,,62,84,-22
200803050UTA,RS,UTA,2389.0,,62,85,-23
200803050UTA,RS,UTA,2428.0,,64,85,-21
200803050UTA,RS,UTA,2468.0,,64,86,-22
200803050UTA,RS,UTA,2468.0,,64,87,-23
200803050UTA,RS,UTA,2487.0,,66,87,-21
200803050UTA,RS,UTA,2517.0,,68,87,-19
200803050UTA,RS,UTA,2539.0,,68,89,-21
200803050UTA,RS,UTA,2554.0,,69,89,-20
200803050UTA,RS,UTA,2566.0,,69,90,-21
200803050UTA,RS,UTA,2566.0,,69,91,-22
200803050UTA,RS,UTA,2587.0,,69,93,-24
200803050UTA,RS,UTA,2619.0,,69,95,-26
200803050UTA,RS,UTA,2637.0,,71,95,-24
200803050UTA,RS,UTA,2637.0,,72,95,-23
200803050UTA,RS,UTA,2660.0,,72,98,-26
200803050UTA,RS,UTA,2688.0,,72,100,-28
200803050UTA,RS,UTA,2688.0,,72,101,-29
200803050UTA,RS,UTA,2802.0,,72,103,-31
200803050UTA,RS,UTA,2832.9,,72,105,-33
200803050UTA,RS,UTA,2842.8,,74,105,-31
200803050UTA,RS,UTA,2865.2,,75,105,-30
200803050UTA,RS,UTA,2865.2,F,76,105,-29
200803050UTA,RS,UTA,2880.0,,76,105,-29
200803070SAC,RS,SAC,0.0,,0,0,0
200803070SAC,RS,SAC,30.0,,2,0,2
200803070SAC,RS,SAC,73.0,T,2,2,0
200803070SAC,RS,SAC,102.0,LC,2,4,-2
200803070SAC,RS,SAC,148.0,,2,7,-5
200803070SAC,RS,SAC,179.0,,2,8,-6
200803070SAC,RS,SAC,179.0,,2,9,-7
200803070SAC,RS,SAC,217.0,,4,9,-5
200803070SAC,RS,SAC,232.0,,4,11,-7
200803070SAC,RS,SAC,232.0,,4,12,-8
200803070SAC,RS,SAC,244.0,,5,12,-7
200803070SAC,RS,SAC,244.0,,6,12,-6
200803070SAC,RS,SAC,254.0,,6,14,-8
200803070SAC,RS,SAC,315.0,,8,14,-6
200803070SAC,RS,SAC,338.0,,10,14,-4
200803070SAC,RS,SAC,353.0,,10,16,-6
200803070SAC,RS,SAC,368.0,,11,16,-5
200803070SAC,RS,SAC,368.0,,12,16,-4
200803070SAC,RS,SAC,383.0,,12,18,-6
200803070SAC,RS,SAC,411.0,,12,20,-8
200803070SAC,RS,SAC,433.0,,14,20,-6
200803070SAC,RS,SAC,494.0,,16,20,-4
200803070SAC,RS,SAC,518.0,,18,20,-2
200803070SAC,RS,SAC,554.0,T,20,20,0
200803070SAC,RS,SAC,577.0,,20,22,-2
200803070SAC,RS,SAC,592.0,T,22,22,0
200803070SAC,RS,SAC,649.0,,22,24,-2
200803070SAC,RS,SAC,712.2,LC,25,24,1
200803070SAC,RS,SAC,739.0,,27,24,3
200803070SAC,RS,SAC,780.0,,29,24,5
200803070SAC,RS,SAC,804.0,,29,26,3
200803070SAC,RS,SAC,825.0,,31,26,5
200803070SAC,RS,SAC,847.0,,32,26,6
200803070SAC,RS,SAC,870.0,,32,28,4
200803070SAC,RS,SAC,885.0,,35,28,7
200803070SAC,RS,SAC,899.0,,35,29,6
200803070SAC,RS,SAC,908.0,,35,32,3
200803070SAC,RS,SAC,940.0,,37,32,5
200803070SAC,RS,SAC,1007.0,,39,32,7
200803070SAC,RS,SAC,1026.0,,39,34,5
200803070SAC,RS,SAC,1026.0,,39,35,4
200803070SAC,RS,SAC,1048.0,,40,35,5
200803070SAC,RS,SAC,1048.0,,41,35,6
200803070SAC,RS,SAC,1061.0,,41,36,5
200803070SAC,RS,SAC,1061.0,,41,37,4
200803070SAC,RS,SAC,1079.0,,43,37,6
200803070SAC,RS,SAC,1111.0,,45,37,8
200803070SAC,RS,SAC,1169.0,,45,39,6
200803070SAC,RS,SAC,1169.0,,45,40,5
200803070SAC,RS,SAC,1190.0,,48,40,8
200803070SAC,RS,SAC,1288.0,,48,42,6
200803070SAC,RS,SAC,1308.0,,50,42,8
200803070SAC,RS,SAC,1335.0,,53,42,11
200803070SAC,RS,SAC,1369.0,,55,42,13
200803070SAC,RS,SAC,1388.0,,55,43,12
200803070SAC,RS,SAC,1388.0,,55,44,11
200803070SAC,RS,SAC,1401.2,,57,44,13
200803070SAC,RS,SAC,1482.0,,57,47,10
200803070SAC,RS,SAC,1508.0,,58,47,11
200803070SAC,RS,SAC,1508.0,,59,47,12
200803070SAC,RS,SAC,1534.0,,59,48,11
200803070SAC,RS,SAC,1534.0,,59,49,10
200803070SAC,RS,SAC,1551.0,,61,49,12
200803070SAC,RS,SAC,1588.0,,61,50,11
200803070SAC,RS,SAC,1614.0,,61,52,9
200803070SAC,RS,SAC,1640.0,,61,54,7
200803070SAC,RS,SAC,1690.0,,63,54,9
200803070SAC,RS,SAC,1703.0,,63,56,7
200803070SAC,RS,SAC,1716.0,,65,56,9
200803070SAC,RS,SAC,1731.0,,65,58,7
200803070SAC,RS,SAC,1768.0,,67,58,9
200803070SAC,RS,SAC,1789.0,,67,60,7
200803070SAC,RS,SAC,1820.0,,67,61,6
200803070SAC,RS,SAC,1820.0,,67,62,5
200803070SAC,RS,SAC,1832.0,,69,62,7
200803070SAC,RS,SAC,1878.0,,71,62,9
200803070SAC,RS,SAC,1878.0,,72,62,10
200803070SAC,RS,SAC,1918.0,,72,64,8
200803070SAC,RS,SAC,1944.0,,72,65,7
200803070SAC,RS,SAC,1960.0,,74,65,9
200803070SAC,RS,SAC,1977.0,,74,66,8
200803070SAC,RS,SAC,1977.0,,74,67,7
200803070SAC,RS,SAC,2027.0,,74,69,5
200803070SAC,RS,SAC,2055.0,,76,69,7
200803070SAC,RS,SAC,2064.0,,76,70,6
200803070SAC,RS,SAC,2064.0,,76,71,5
200803070SAC,RS,SAC,2104.8,,78,71,7
200803070SAC,RS,SAC,2132.9,,80,71,9
200803070SAC,RS,SAC,2174.0,,80,73,7
200803070SAC,RS,SAC,2190.0,,82,73,9
200803070SAC,RS,SAC,2201.0,,82,75,7
200803070SAC,RS,SAC,2217.0,,84,75,9
200803070SAC,RS,SAC,2241.0,,84,76,8
200803070SAC,RS,SAC,2241.0,,84,77,7
200803070SAC,RS,SAC,2265.0,,87,77,10
200803070SAC,RS,SAC,2295.0,,87,79,8
200803070SAC,RS,SAC,2320.0,,89,79,10
200803070SAC,RS,SAC,2331.0,,89,81,8
200803070SAC,RS,SAC,2331.0,,89,82,7
200803070SAC,RS,SAC,2352.0,,91,82,9
200803070SAC,RS,SAC,2366.0,,91,85,6
200803070SAC,RS,SAC,2394.0,,93,85,8
200803070SAC,RS,SAC,2441.0,,94,85,9
200803070SAC,RS,SAC,2441.0,,95,85,10
200803070SAC,RS,SAC,2456.0,,95,86,9
200803070SAC,RS,SAC,2456.0,,95,87,8
200803070SAC,RS,SAC,2489.0,,95,88,7
200803070SAC,RS,SAC,2505.0,,97,88,9
200803070SAC,RS,SAC,2591.0,,97,91,6
200803070SAC,RS,SAC,2617.0,,99,91,8
200803070SAC,RS,SAC,2663.0,,102,91,11
200803070SAC,RS,SAC,2675.0,,102,92,10
200803070SAC,RS,SAC,2675.0,,102,93,9
200803070SAC,RS,SAC,2697.0,,104,93,11
200803070SAC,RS,SAC,2707.0,,104,94,10
200803070SAC,RS,SAC,2707.0,,104,95,9
200803070SAC,RS,SAC,2731.0,,104,96,8
200803070SAC,RS,SAC,2745.0,,105,96,9
200803070SAC,RS,SAC,2786.0,,105,97,8
200803070SAC,RS,SAC,2786.0,,105,98,7
200803070SAC,RS,SAC,2791.0,,106,98,8
200803070SAC,RS,SAC,2791.0,,107,98,9
200803070SAC,RS,SAC,2826.1,,107,99,8
200803070SAC,RS,SAC,2845.9,,109,99,10
200803070SAC,RS,SAC,2860.9,,109,101,8
200803070SAC,RS,SAC,2862.2,,110,101,9
200803070SAC,RS,SAC,2862.2,,111,101,10
200803070SAC,RS,SAC,2872.0,F,111,103,8
200803070SAC,RS,SAC,2880.0,,111,103,8
200803080LAC,RS,LAC,0.0,,0,0,0
200803080LAC,RS,LAC,73.0,,2,0,2
200803080LAC,RS,LAC,89.0,T,2,2,0
200803080LAC,RS,LAC,107.0,,4,2,2
200803080LAC,RS,LAC,138.0,T,4,4,0
200803080LAC,RS,LAC,186.0,,6,4,2
200803080LAC,RS,LAC,200.0,T,6,6,0
200803080LAC,RS,LAC,227.0,LC,6,8,-2
200803080LAC,RS,LAC,251.0,T,8,8,0
200803080LAC,RS,LAC,273.0,,8,10,-2
200803080LAC,RS,LAC,317.0,,8,12,-4
200803080LAC,RS,LAC,355.0,,8,14,-6
200803080LAC,RS,LAC,403.0,,9,14,-5
200803080LAC,RS,LAC,403.0,,10,14,-4
200803080LAC,RS,LAC,418.0,,12,14,-2
200803080LAC,RS,LAC,446.0,,12,15,-3
200803080LAC,RS,LAC,446.0,,12,16,-4
200803080LAC,RS,LAC,466.0,,12,18,-6
200803080LAC,RS,LAC,487.0,,15,18,-3
200803080LAC,RS,LAC,541.0,,17,18,-1
200803080LAC,RS,LAC,559.0,LC,19,18,1
200803080LAC,RS,LAC,581.0,T,19,19,0
200803080LAC,RS,LAC,581.0,LC,19,20,-1
200803080LAC,RS,LAC,594.0,LC,21,20,1
200803080LAC,RS,LAC,636.0,,23,20,3
200803080LAC,RS,LAC,661.7,,24,20,4
200803080LAC,RS,LAC,681.1,,24,23,1
200803080LAC,RS,LAC,719.1,,25,23,2
200803080LAC,RS,LAC,770.0,,25,24,1
200803080LAC,RS,LAC,770.0,T,25,25,0
200803080LAC,RS,LAC,831.0,LC,25,28,-3
200803080LAC,RS,LAC,849.0,,26,28,-2
200803080LAC,RS,LAC,849.0,,27,28,-1
200803080LAC,RS,LAC,907.0,,27,29,-2
200803080LAC,RS,LAC,926.0,T,29,29,0
200803080LAC,RS,LAC,945.0,,29,31,-2
200803080LAC,RS,LAC,991.0,T,31,31,0
200803080LAC,RS,LAC,1016.0,,31,34,-3
200803080LAC,RS,LAC,1058.0,,31,36,-5
200803080LAC,RS,LAC,1155.0,,31,38,-7
200803080LAC,RS,LAC,1234.0,,31,40,-9
200803080LAC,RS,LAC,1252.0,,33,40,-7
200803080LAC,RS,LAC,1279.0,,33,42,-9
200803080LAC,RS,LAC,1294.0,,35,42,-7
200803080LAC,RS,LAC,1331.0,,37,42,-5
200803080LAC,RS,LAC,1352.0,,37,44,-7
200803080LAC,RS,LAC,1371.0,,39,44,-5
200803080LAC,RS,LAC,1421.1,,39,45,-6
200803080LAC,RS,LAC,1421.1,,39,46,-7
200803080LAC,RS,LAC,1439.5,,39,47,-8
200803080LAC,RS,LAC,1460.0,,40,47,-7
200803080LAC,RS,LAC,1478.0,,40,49,-9
200803080LAC,RS,LAC,1497.0,,42,49,-7
200803080LAC,RS,LAC,1520.0,,42,51,-9
200803080LAC,RS,LAC,1537.0,,44,51,-7
200803080LAC,RS,LAC,1558.0,,46,51,-5
200803080LAC,RS,LAC,1558.0,,47,51,-4
200803080LAC,RS,LAC,1586.0,,49,51,-2
200803080LAC,RS,LAC,1609.0,,49,53,-4
200803080LAC,RS,LAC,1609.0,,49,54,-5
200803080LAC,RS,LAC,1628.0,,49,56,-7
200803080LAC,RS,LAC,1628.0,,49,57,-8
200803080LAC,RS,LAC,1652.0,,51,57,-6
200803080LAC,RS,LAC,1672.0,,51,59,-8
200803080LAC,RS,LAC,1708.0,,51,61,-10
200803080LAC,RS,LAC,1708.0,,51,62,-11
200803080LAC,RS,LAC,1779.0,,51,64,-13
200803080LAC,RS,LAC,1811.0,,53,64,-11
200803080LAC,RS,LAC,1838.0,,55,64,-9
200803080LAC,RS,LAC,1862.0,,55,65,-10
200803080LAC,RS,LAC,1862.0,,55,66,-11
200803080LAC,RS,LAC,1880.0,,58,66,-8
200803080LAC,RS,LAC,1898.0,,58,69,-11
200803080LAC,RS,LAC,1912.0,,60,69,-9
200803080LAC,RS,LAC,1925.0,,60,70,-10
200803080LAC,RS,LAC,1925.0,,60,71,-11
200803080LAC,RS,LAC,1949.0,,62,71,-9
200803080LAC,RS,LAC,1960.0,,62,72,-10
200803080LAC,RS,LAC,1960.0,,62,73,-11
200803080LAC,RS,LAC,1971.0,,63,73,-10
200803080LAC,RS,LAC,1988.0,,63,76,-13
200803080LAC,RS,LAC,2001.0,,64,76,-12
200803080LAC,RS,LAC,2001.0,,65,76,-11
200803080LAC,RS,LAC,2013.0,,65,77,-12
200803080LAC,RS,LAC,2013.0,,65,78,-13
200803080LAC,RS,LAC,2032.0,,67,78,-11
200803080LAC,RS,LAC,2053.0,,69,78,-9
200803080LAC,RS,LAC,2108.1,,71,78,-7
200803080LAC,RS,LAC,2157.6,,72,78,-6
200803080LAC,RS,LAC,2157.6,,73,78,-5
200803080LAC,RS,LAC,2227.0,,73,81,-8
200803080LAC,RS,LAC,2331.0,,75,81,-6
200803080LAC,RS,LAC,2377.0,,75,83,-8
200803080LAC,RS,LAC,2402.0,,76,83,-7
200803080LAC,RS,LAC,2402.0,,77,83,-6
200803080LAC,RS,LAC,2421.0,,77,85,-8
200803080LAC,RS,LAC,2465.0,,78,85,-7
200803080LAC,RS,LAC,2465.0,,79,85,-6
200803080LAC,RS,LAC,2507.0,,81,85,-4
200803080LAC,RS,LAC,2552.0,,83,85,-2
200803080LAC,RS,LAC,2577.0,T,85,85,0
200803080LAC,RS,LAC,2594.0,,85,87,-2
200803080LAC,RS,LAC,2609.0,T,87,87,0
200803080LAC,RS,LAC,2622.0,,87,88,-1
200803080LAC,RS,LAC,2622.0,,87,89,-2
200803080LAC,RS,LAC,2643.0,T,89,89,0
200803080LAC,RS,LAC,2684.0,LC,90,89,1
200803080LAC,RS,LAC,2684.0,,91,89,2
200803080LAC,RS,LAC,2699.0,,91,90,1
200803080LAC,RS,LAC,2699.0,T,91,91,0
200803080LAC,RS,LAC,2757.0,,93,91,2
200803080LAC,RS,LAC,2781.0,LC,93,94,-1
200803080LAC,RS,LAC,2805.0,LC,95,94,1
200803080LAC,RS,LAC,2869.5,,97,94,3
200803080LAC,RS,LAC,2877.0,,97,96,1
200803080LAC,RS,LAC,2877.6,,98,96,2
200803080LAC,RS,LAC,2877.6,F,99,96,3
200803080LAC,RS,LAC,2880.0,,99,96,3
200803110MIN,RS,POR,0.0,,0,0,0
200803110MIN,RS,POR,75.0,,0,2,-2
200803110MIN,RS,POR,90.0,T,2,2,0
200803110MIN,RS,POR,115.0,,2,4,-2
200803110MIN,RS,POR,137.0,T,4,4,0
200803110MIN,RS,POR,153.0,,4,6,-2
200803110MIN,RS,POR,171.0,T,6,6,0
200803110MIN,RS,POR,185.0,,6,8,-2
200803110MIN,RS,POR,223.0,,6,10,-4
200803110MIN,RS,POR,246.0,,8,10,-2
200803110MIN,RS,POR,283.0,T,10,10,0
200803110MIN,RS,POR,308.0,,10,12,-2
200803110MIN,RS,POR,342.0,,10,14,-4
200803110MIN,RS,POR,368.0,,13,14,-1
200803110MIN,RS,POR,435.0,LC,16,14,2
200803110MIN,RS,POR,455.0,T,16,16,0
200803110MIN,RS,POR,455.0,LC,16,17,-1
200803110MIN,RS,POR,488.0,T,17,17,0
200803110MIN,RS,POR,488.0,LC,18,17,1
200803110MIN,RS,POR,543.0,,20,17,3
200803110MIN,RS,POR,558.0,,22,17,5
200803110MIN,RS,POR,584.0,,22,20,2
200803110MIN,RS,POR,610.0,,24,20,4
200803110MIN,RS,POR,624.0,,24,22,2
200803110MIN,RS,POR,695.5,,24,23,1
200803110MIN,RS,POR,695.5,T,24,24,0
200803110MIN,RS,POR,716.2,,26,24,2
200803110MIN,RS,POR,720.0,T,26,26,0
200803110MIN,RS,POR,734.0,,28,26,2
200803110MIN,RS,POR,775.0,,28,27,1
200803110MIN,RS,POR,775.0,T,28,28,0
200803110MIN,RS,POR,802.0,,30,28,2
200803110MIN,RS,POR,816.0,T,30,30,0
200803110MIN,RS,POR,833.0,,33,30,3
200803110MIN,RS,POR,859.0,,33,32,1
200803110MIN,RS,POR,894.0,LC,33,34,-1
200803110MIN,RS,POR,917.0,LC,35,34,1
200803110MIN,RS,POR,926.0,T,35,35,0
200803110MIN,RS,POR,926.0,LC,35,36,-1
200803110MIN,RS,POR,940.0,LC,37,36,1
200803110MIN,RS,POR,965.0,LC,37,39,-2
200803110MIN,RS,POR,989.0,T,39,39,0
200803110MIN,RS,POR,1003.0,,39,41,-2
200803110MIN,RS,POR,1019.0,,40,41,-1
200803110MIN,RS,POR,1019.0,T,41,41,0
200803110MIN,RS,POR,1059.0,LC,43,41,2
200803110MIN,RS,POR,1059.0,,44,41,3
200803110MIN,RS,POR,1098.0,,46,41,5
200803110MIN,RS,POR,1144.0,,48,41,7
200803110MIN,RS,POR,1171.0,,48,43,5
200803110MIN,RS,POR,1265.0,,50,43,7
200803110MIN,RS,POR,1287.0,,50,45,5
200803110MIN,RS,POR,1331.0,,50,47,3
200803110MIN,RS,POR,1347.0,,52,47,5
200803110MIN,RS,POR,1363.0,,52,49,3
200803110MIN,RS,POR,1363.0,,52,50,2
200803110MIN,RS,POR,1380.0,,54,50,4
200803110MIN,RS,POR,1511.0,,54,52,2
200803110MIN,RS,POR,1530.0,,56,52,4
200803110MIN,RS,POR,1542.0,,56,55,1
200803110MIN,RS,POR,1560.0,,59,55,4
200803110MIN,RS,POR,1579.0,,60,55,5
200803110MIN,RS,POR,1579.0,,61,55,6
200803110MIN,RS,POR,1592.0,,61,58,3
200803110MIN,RS,POR,1609.0,,63,58,5
200803110MIN,RS,POR,1609.0,,64,58,6
200803110MIN,RS,POR,1662.0,,66,58,8
200803110MIN,RS,POR,1677.0,,66,60,6
200803110MIN,RS,POR,1697.0,,66,62,4
200803110MIN,RS,POR,1697.0,,66,63,3
200803110MIN,RS,POR,1723.0,,68,63,5
200803110MIN,RS,POR,1735.0,,68,65,3
200803110MIN,RS,POR,1805.0,,68,66,2
200803110MIN,RS,POR,1805.0,,68,67,1
200803110MIN,RS,POR,1821.0,,70,67,3
200803110MIN,RS,POR,1842.0,,70,69,1
200803110MIN,RS,POR,1915.0,T,70,70,0
200803110MIN,RS,POR,1915.0,LC,70,71,-1
200803110MIN,RS,POR,1960.0,LC,72,71,1
200803110MIN,RS,POR,2003.0,T,72,72,0
200803110MIN,RS,POR,2020.0,,74,72,2
200803110MIN,RS,POR,2055.0,,74,73,1
200803110MIN,RS,POR,2055.0,T,74,74,0
200803110MIN,RS,POR,2087.0,,76,74,2
200803110MIN,RS,POR,2110.5,LC,76,77,-1
200803110MIN,RS,POR,2155.4,LC,79,77,2
200803110MIN,RS,POR,2173.0,,79,78,1
200803110MIN,RS,POR,2244.0,,82,78,4
200803110MIN,RS,POR,2303.0,,82,81,1
200803110MIN,RS,POR,2356.0,LC,82,83,-1
200803110MIN,RS,POR,2399.0,LC,84,83,1
200803110MIN,RS,POR,2436.0,,86,83,3
200803110MIN,RS,POR,2468.0,,88,83,5
200803110MIN,RS,POR,2498.0,,88,85,3
200803110MIN,RS,POR,2514.0,,90,85,5
200803110MIN,RS,POR,2532.0,,90,87,3
200803110MIN,RS,POR,2593.0,,90,89,1
200803110MIN,RS,POR,2617.0,LC,90,91,-1
200803110MIN,RS,POR,2635.0,LC,92,91,1
200803110MIN,RS,POR,2740.0,LC,92,93,-1
200803110MIN,RS,POR,2776.0,,92,94,-2
200803110MIN,RS,POR,2800.0,,92,97,-5
200803110MIN,RS,POR,2818.0,,94,97,-3
200803110MIN,RS,POR,2835.8,,94,99,-5
200803110MIN,RS,POR,2845.7,,94,100,-6
200803110MIN,RS,POR,2845.7,,94,101,-7
200803110MIN,RS,POR,2858.4,,96,101,-5
200803110MIN,RS,POR,2859.6,,96,102,-6
200803110MIN,RS,POR,2859.6,F,96,103,-7
200803110MIN,RS,POR,2880.0,,96,103,-7
200803140SEA,RS,SEA,0.0,,0,0,0
200803140SEA,RS,SEA,73.0,,0,2,-2
200803140SEA,RS,SEA,99.0,,0,4,-4
200803140SEA,RS,SEA,99.0,,0,5,-5
200803140SEA,RS,SEA,132.0,,2,5,-3
200803140SEA,RS,SEA,139.0,,2,7,-5
200803140SEA,RS,SEA,166.0,,2,9,-7
200803140SEA,RS,SEA,177.0,,4,9,-5
200803140SEA,RS,SEA,200.0,,4,11,-7
200803140SEA,RS,SEA,226.0,,7,11,-4
200803140SEA,RS,SEA,303.0,,8,11,-3
200803140SEA,RS,SEA,335.0,,10,11,-1
200803140SEA,RS,SEA,349.0,,10,13,-3
200803140SEA,RS,SEA,367.0,,12,13,-1
200803140SEA,RS,SEA,381.0,,12,15,-3
200803140SEA,RS,SEA,391.0,,14,15,-1
200803140SEA,RS,SEA,419.0,LC,16,15,1
200803140SEA,RS,SEA,443.0,LC,16,17,-1
200803140SEA,RS,SEA,479.0,,16,19,-3
200803140SEA,RS,SEA,494.0,,18,19,-1
200803140SEA,RS,SEA,512.0,,18,21,-3
200803140SEA,RS,SEA,538.0,,20,21,-1
200803140SEA,RS,SEA,547.0,,20,23,-3
200803140SEA,RS,SEA,560.0,,22,23,-1
200803140SEA,RS,SEA,566.0,,22,25,-3
200803140SEA,RS,SEA,587.0,,24,25,-1
200803140SEA,RS,SEA,611.0,LC,26,25,1
200803140SEA,RS,SEA,632.0,T,26,26,0
200803140SEA,RS,SEA,658.0,,28,26,2
200803140SEA,RS,SEA,671.0,T,28,28,0
200803140SEA,RS,SEA,682.2,,30,28,2
200803140SEA,RS,SEA,697.9,,32,28,4
200803140SEA,RS,SEA,719.8,,32,30,2
200803140SEA,RS,SEA,763.0,T,32,32,0
200803140SEA,RS,SEA,798.0,LC,32,34,-2
200803140SEA,RS,SEA,835.0,,33,34,-1
200803140SEA,RS,SEA,835.0,T,34,34,0
200803140SEA,RS,SEA,847.0,,34,37,-3
200803140SEA,RS,SEA,870.0,,34,39,-5
200803140SEA,RS,SEA,911.0,,36,39,-3
200803140SEA,RS,SEA,963.0,,38,39,-1
200803140SEA,RS,SEA,1015.0,LC,40,39,1
200803140SEA,RS,SEA,1015.0,,41,39,2
200803140SEA,RS,SEA,1040.0,T,41,41,0
200803140SEA,RS,SEA,1087.0,LC,41,43,-2
200803140SEA,RS,SEA,1127.0,,41,45,-4
200803140SEA,RS,SEA,1150.0,,43,45,-2
200803140SEA,RS,SEA,1175.0,T,45,45,0
200803140SEA,RS,SEA,1197.0,,45,47,-2
200803140SEA,RS,SEA,1216.0,T,47,47,0
200803140SEA,RS,SEA,1239.0,,47,49,-2
200803140SEA,RS,SEA,1257.0,T,49,49,0
200803140SEA,RS,SEA,1275.0,,49,51,-2
200803140SEA,RS,SEA,1300.0,T,51,51,0
200803140SEA,RS,SEA,1309.0,,51,53,-2
200803140SEA,RS,SEA,1325.0,T,53,53,0
200803140SEA,RS,SEA,1340.0,,53,55,-2
200803140SEA,RS,SEA,1360.0,,54,55,-1
200803140SEA,RS,SEA,1360.0,T,55,55,0
200803140SEA,RS,SEA,1360.0,LC,56,55,1
200803140SEA,RS,SEA,1372.0,LC,56,57,-1
200803140SEA,RS,SEA,1407.4,T,57,57,0
200803140SEA,RS,SEA,1426.4,,57,60,-3
200803140SEA,RS,SEA,1459.0,,57,62,-5
200803140SEA,RS,SEA,1519.0,,57,64,-7
200803140SEA,RS,SEA,1543.0,,57,65,-8
200803140SEA,RS,SEA,1543.0,,57,66,-9
200803140SEA,RS,SEA,1552.0,,58,66,-8
200803140SEA,RS,SEA,1552.0,,59,66,-7
200803140SEA,RS,SEA,1581.0,,59,68,-9
200803140SEA,RS,SEA,1615.0,,61,68,-7
200803140SEA,RS,SEA,1652.0,,63,68,-5
200803140SEA,RS,SEA,1674.0,,65,68,-3
200803140SEA,RS,SEA,1685.0,,65,69,-4
200803140SEA,RS,SEA,1685.0,,65,70,-5
200803140SEA,RS,SEA,1708.0,,67,70,-3
200803140SEA,RS,SEA,1723.0,,67,72,-5
200803140SEA,RS,SEA,1723.0,,67,73,-6
200803140SEA,RS,SEA,1746.0,,67,75,-8
200803140SEA,RS,SEA,1761.0,,68,75,-7
200803140SEA,RS,SEA,1761.0,,69,75,-6
200803140SEA,RS,SEA,1772.0,,69,77,-8
200803140SEA,RS,SEA,1798.0,,72,77,-5
200803140SEA,RS,SEA,1818.0,,73,77,-4
200803140SEA,RS,SEA,1818.0,,74,77,-3
200803140SEA,RS,SEA,1844.0,,76,77,-1
200803140SEA,RS,SEA,1858.0,,76,78,-2
200803140SEA,RS,SEA,1876.0,,76,80,-4
200803140SEA,RS,SEA,1893.0,,77,80,-3
200803140SEA,RS,SEA,1893.0,,78,80,-2
200803140SEA,RS,SEA,1914.0,,79,80,-1
200803140SEA,RS,SEA,1914.0,T,80,80,0
200803140SEA,RS,SEA,1941.0,LC,81,80,1
200803140SEA,RS,SEA,1941.0,,82,80,2
200803140SEA,RS,SEA,1963.0,,83,80,3
200803140SEA,RS,SEA,1963.0,,84,80,4
200803140SEA,RS,SEA,2016.0,,84,82,2
200803140SEA,RS,SEA,2026.0,,85,82,3
200803140SEA,RS,SEA,2026.0,,86,82,4
200803140SEA,RS,SEA,2042.0,,89,82,7
200803140SEA,RS,SEA,2074.0,,92,82,10
200803140SEA,RS,SEA,2088.0,,92,83,9
200803140SEA,RS,SEA,2088.0,,92,84,8
200803140SEA,RS,SEA,2100.0,,94,84,10
200803140SEA,RS,SEA,2108.0,,94,86,8
200803140SEA,RS,SEA,2127.4,,94,88,6
200803140SEA,RS,SEA,2147.7,,97,88,9
200803140SEA,RS,SEA,2179.0,,99,88,11
200803140SEA,RS,SEA,2214.0,,101,88,13
200803140SEA,RS,SEA,2276.0,,101,89,12
200803140SEA,RS,SEA,2284.0,,101,92,9
200803140SEA,RS,SEA,2324.0,,103,92,11
200803140SEA,RS,SEA,2357.0,,105,92,13
200803140SEA,RS,SEA,2377.0,,105,95,10
200803140SEA,RS,SEA,2488.0,,105,97,8
200803140SEA,RS,SEA,2515.0,,105,99,6
200803140SEA,RS,SEA,2515.0,,105,100,5
200803140SEA,RS,SEA,2536.0,,107,100,7
200803140SEA,RS,SEA,2561.0,,107,102,5
200803140SEA,RS,SEA,2561.0,,107,103,4
200803140SEA,RS,SEA,2577.0,,109,103,6
200803140SEA,RS,SEA,2626.0,,109,105,4
200803140SEA,RS,SEA,2628.0,,110,105,5
200803140SEA,RS,SEA,2675.0,,112,105,7
200803140SEA,RS,SEA,2675.0,,113,105,8
200803140SEA,RS,SEA,2732.0,,115,105,10
200803140SEA,RS,SEA,2778.0,,115,107,8
200803140SEA,RS,SEA,2826.0,,115,108,7
200803140SEA,RS,SEA,2826.0,,115,109,6
200803140SEA,RS,SEA,2843.0,,116,109,7
200803140SEA,RS,SEA,2855.8,,118,109,9
200803140SEA,RS,SEA,2861.1,,118,112,6
200803140SEA,RS,SEA,2861.8,,119,112,7
200803140SEA,RS,SEA,2861.8,,119,113,6
200803140SEA,RS,SEA,2865.6,,120,113,7
200803140SEA,RS,SEA,2865.6,,121,113,8
200803140SEA,RS,SEA,2870.2,,121,114,7
200803140SEA,RS,SEA,2870.2,,121,115,6
200803140SEA,RS,SEA,2870.2,F,121,116,5
200803140SEA,RS,SEA,2880.0,,121,116,5
200803150POR,RS,POR,0.0,,0,0,0
200803150POR,RS,POR,47.0,,2,0,2
200803150POR,RS,POR,112.0,,3,0,3
200803150POR,RS,POR,112.0,,4,0,4
200803150POR,RS,POR,112.0,,5,0,5
200803150POR,RS,POR,130.0,,5,2,3
200803150POR,RS,POR,142.0,,7,2,5
200803150POR,RS,POR,181.0,,7,4,3
200803150POR,RS,POR,198.0,,9,4,5
200803150POR,RS,POR,226.0,,11,4,7
200803150POR,RS,POR,244.0,,11,6,5
200803150POR,RS,POR,244.0,,11,7,4
200803150POR,RS,POR,282.0,,11,9,2
200803150POR,RS,POR,306.0,,12,9,3
200803150POR,RS,POR,306.0,,13,9,4
200803150POR,RS,POR,323.0,,13,11,2
200803150POR,RS,POR,343.0,,15,11,4
200803150POR,RS,POR,363.0,,15,14,1
200803150POR,RS,POR,419.0,,17,14,3
200803150POR,RS,POR,439.0,T,17,17,0
200803150POR,RS,POR,456.0,,19,17,2
200803150POR,RS,POR,485.0,,19,18,1
200803150POR,RS,POR,485.0,T,19,19,0
200803150POR,RS,POR,504.0,,21,19,2
200803150POR,RS,POR,571.0,T,21,21,0
200803150POR,RS,POR,591.0,,23,21,2
200803150POR,RS,POR,603.0,T,23,23,0
200803150POR,RS,POR,622.0,,24,23,1
200803150POR,RS,POR,622.0,,25,23,2
200803150POR,RS,POR,655.0,,27,23,4
200803150POR,RS,POR,663.7,,27,24,3
200803150POR,RS,POR,663.7,,27,25,2
200803150POR,RS,POR,698.1,,29,25,4
200803150POR,RS,POR,717.1,,29,28,1
200803150POR,RS,POR,755.0,,31,28,3
200803150POR,RS,POR,819.0,,33,28,5
200803150POR,RS,POR,844.0,,33,30,3
200803150POR,RS,POR,883.0,,33,32,1
200803150POR,RS,POR,902.0,,35,32,3
200803150POR,RS,POR,939.0,,37,32,5
200803150POR,RS,POR,954.0,,37,34,3
200803150POR,RS,POR,1003.0,,39,34,5
200803150POR,RS,POR,1020.0,,39,37,2
200803150POR,RS,POR,1038.0,,41,37,4
200803150POR,RS,POR,1086.0,,41,39,2
200803150POR,RS,POR,1104.0,,43,39,4
200803150POR,RS,POR,1127.0,,45,39,6
200803150POR,RS,POR,1147.0,,45,42,3
200803150POR,RS,POR,1165.0,,47,42,5
200803150POR,RS,POR,1188.0,,47,44,3
200803150POR,RS,POR,1217.0,,47,46,1
200803150POR,RS,POR,1250.0,LC,47,48,-1
200803150POR,RS,POR,1258.0,LC,49,48,1
200803150POR,RS,POR,1282.0,LC,49,50,-1
200803150POR,RS,POR,1299.0,LC,51,50,1
200803150POR,RS,POR,1318.0,LC,51,52,-1
200803150POR,RS,POR,1380.0,,51,54,-3
200803150POR,RS,POR,1399.2,,53,54,-1
200803150POR,RS,POR,1462.0,,53,56,-3
200803150POR,RS,POR,1479.0,,55,56,-1
200803150POR,RS,POR,1504.0,LC,57,56,1
200803150POR,RS,POR,1552.0,,59,56,3
200803150POR,RS,POR,1587.0,,61,56,5
200803150POR,RS,POR,1603.0,,61,58,3
200803150POR,RS,POR,1638.0,T,61,61,0
200803150POR,RS,POR,1670.0,LC,61,62,-1
200803150POR,RS,POR,1670.0,,61,63,-2
200803150POR,RS,POR,1684.0,T,63,63,0
200803150POR,RS,POR,1698.0,,63,65,-2
200803150POR,RS,POR,1723.0,,63,67,-4
200803150POR,RS,POR,1723.0,,63,68,-5
200803150POR,RS,POR,1784.0,,63,70,-7
200803150POR,RS,POR,1801.0,,65,70,-5
200803150POR,RS,POR,1822.0,,65,72,-7
200803150POR,RS,POR,1864.0,,65,74,-9
200803150POR,RS,POR,1893.0,,67,74,-7
200803150POR,RS,POR,1907.0,,67,75,-8
200803150POR,RS,POR,1913.0,,67,77,-10
200803150POR,RS,POR,1938.0,,67,79,-12
200803150POR,RS,POR,1958.0,,69,79,-10
200803150POR,RS,POR,1980.0,,71,79,-8
200803150POR,RS,POR,1980.0,,72,79,-7
200803150POR,RS,POR,2066.0,,72,81,-9
200803150POR,RS,POR,2101.1,,74,81,-7
200803150POR,RS,POR,2158.5,,74,82,-8
200803150POR,RS,POR,2158.5,,74,83,-9
200803150POR,RS,POR,2179.0,,76,83,-7
200803150POR,RS,POR,2211.0,,76,85,-9
200803150POR,RS,POR,2239.0,,79,85,-6
200803150POR,RS,POR,2251.0,,79,87,-8
200803150POR,RS,POR,2251.0,,79,88,-9
200803150POR,RS,POR,2265.0,,81,88,-7
200803150POR,RS,POR,2278.0,,81,91,-10
200803150POR,RS,POR,2316.0,,83,91,-8
200803150POR,RS,POR,2343.0,,85,91,-6
200803150POR,RS,POR,2356.0,,85,93,-8
200803150POR,RS,POR,2391.0,,85,95,-10
200803150POR,RS,POR,2449.0,,85,98,-13
200803150POR,RS,POR,2499.0,,87,98,-11
200803150POR,RS,POR,2523.0,,87,100,-13
200803150POR,RS,POR,2540.0,,89,100,-11
200803150POR,RS,POR,2623.0,,90,100,-10
200803150POR,RS,POR,2623.0,,91,100,-9
200803150POR,RS,POR,2680.0,,91,102,-11
200803150POR,RS,POR,2767.0,,91,104,-13
200803150POR,RS,POR,2767.0,,91,105,-14
200803150POR,RS,POR,2789.0,,91,107,-16
200803150POR,RS,POR,2831.3,,93,107,-14
200803150POR,RS,POR,2863.2,F,96,107,-11
200803150POR,RS,POR,2880.0,,96,107,-11
200803170MIN,RS,LAC,0.0,,0,0,0
200803170MIN,RS,LAC,18.0,,2,0,2
200803170MIN,RS,LAC,90.0,,4,0,4
200803170MIN,RS,LAC,122.0,,5,0,5
200803170MIN,RS,LAC,145.0,,5,3,2
200803170MIN,RS,LAC,171.0,,7,3,4
200803170MIN,RS,LAC,188.0,,7,5,2
200803170MIN,RS,LAC,235.0,T,7,7,0
200803170MIN,RS,LAC,247.0,,8,7,1
200803170MIN,RS,LAC,247.0,,9,7,2
200803170MIN,RS,LAC,256.0,T,9,9,0
200803170MIN,RS,LAC,280.0,LC,9,10,-1
200803170MIN,RS,LAC,305.0,,9,12,-3
200803170MIN,RS,LAC,323.0,,10,12,-2
200803170MIN,RS,LAC,323.0,,11,12,-1
200803170MIN,RS,LAC,337.0,,11,14,-3
200803170MIN,RS,LAC,385.0,,13,14,-1
200803170MIN,RS,LAC,407.0,,13,17,-4
200803170MIN,RS,LAC,429.0,,15,17,-2
200803170MIN,RS,LAC,441.0,,15,18,-3
200803170MIN,RS,LAC,441.0,,15,19,-4
200803170MIN,RS,LAC,460.0,,17,19,-2
200803170MIN,RS,LAC,503.0,,17,21,-4
200803170MIN,RS,LAC,534.0,,17,23,-6
200803170MIN,RS,LAC,542.0,,18,23,-5
200803170MIN,RS,LAC,542.0,,19,23,-4
200803170MIN,RS,LAC,635.0,,21,23,-2
200803170MIN,RS,LAC,657.0,T,23,23,0
200803170MIN,RS,LAC,735.0,,23,24,-1
200803170MIN,RS,LAC,748.0,LC,25,24,1
200803170MIN,RS,LAC,781.0,LC,25,26,-1
200803170MIN,RS,LAC,882.0,LC,27,26,1
200803170MIN,RS,LAC,902.0,LC,27,28,-1
200803170MIN,RS,LAC,945.0,,27,30,-3
200803170MIN,RS,LAC,969.0,,27,32,-5
200803170MIN,RS,LAC,995.0,,29,32,-3
200803170MIN,RS,LAC,1058.0,,29,34,-5
200803170MIN,RS,LAC,1078.0,,31,34,-3
200803170MIN,RS,LAC,1132.0,,32,34,-2
200803170MIN,RS,LAC,1149.0,,32,36,-4
200803170MIN,RS,LAC,1187.0,,32,37,-5
200803170MIN,RS,LAC,1187.0,,32,38,-6
200803170MIN,RS,LAC,1203.0,,35,38,-3
200803170MIN,RS,LAC,1228.0,,37,38,-1
200803170MIN,RS,LAC,1255.0,LC,39,38,1
200803170MIN,RS,LAC,1286.0,LC,39,40,-1
200803170MIN,RS,LAC,1318.0,,39,42,-3
200803170MIN,RS,LAC,1341.0,T,42,42,0
200803170MIN,RS,LAC,1369.0,,42,44,-2
200803170MIN,RS,LAC,1386.6,T,44,44,0
200803170MIN,RS,LAC,1418.6,LC,47,44,3
200803170MIN,RS,LAC,1511.0,,49,44,5
200803170MIN,RS,LAC,1528.0,,49,45,4
200803170MIN,RS,LAC,1528.0,,49,46,3
200803170MIN,RS,LAC,1580.0,,49,48,1
200803170MIN,RS,LAC,1644.0,,50,48,2
200803170MIN,RS,LAC,1654.0,T,50,50,0
200803170MIN,RS,LAC,1675.0,,52,50,2
200803170MIN,RS,LAC,1706.0,,54,50,4
200803170MIN,RS,LAC,1718.0,,54,51,3
200803170MIN,RS,LAC,1718.0,,54,52,2
200803170MIN,RS,LAC,1774.0,,56,52,4
200803170MIN,RS,LAC,1860.0,,58,52,6
200803170MIN,RS,LAC,1893.0,,60,52,8
200803170MIN,RS,LAC,1909.0,,60,54,6
200803170MIN,RS,LAC,1928.0,,62,54,8
200803170MIN,RS,LAC,1950.0,,62,56,6
200803170MIN,RS,LAC,1950.0,,62,57,5
200803170MIN,RS,LAC,1958.0,,63,57,6
200803170MIN,RS,LAC,1958.0,,64,57,7
200803170MIN,RS,LAC,1990.0,,66,57,9
200803170MIN,RS,LAC,2023.0,,66,60,6
200803170MIN,RS,LAC,2050.0,,66,62,4
200803170MIN,RS,LAC,2089.0,,66,63,3
200803170MIN,RS,LAC,2089.0,,66,64,2
200803170MIN,RS,LAC,2101.8,,68,64,4
200803170MIN,RS,LAC,2121.1,,68,66,2
200803170MIN,RS,LAC,2178.0,,69,66,3
200803170MIN,RS,LAC,2208.0,,71,66,5
200803170MIN,RS,LAC,2242.0,,74,66,8
200803170MIN,RS,LAC,2264.0,,74,67,7
200803170MIN,RS,LAC,2264.0,,74,68,6
200803170MIN,RS,LAC,2280.0,,76,68,8
200803170MIN,RS,LAC,2346.0,,78,68,10
200803170MIN,RS,LAC,2379.0,,78,70,8
200803170MIN,RS,LAC,2382.0,,79,70,9
200803170MIN,RS,LAC,2395.0,,81,70,11
200803170MIN,RS,LAC,2442.0,,81,71,10
200803170MIN,RS,LAC,2442.0,,81,72,9
200803170MIN,RS,LAC,2467.0,,81,73,8
200803170MIN,RS,LAC,2467.0,,81,74,7
200803170MIN,RS,LAC,2478.0,,82,74,8
200803170MIN,RS,LAC,2478.0,,83,74,9
200803170MIN,RS,LAC,2512.0,,85,74,11
200803170MIN,RS,LAC,2526.0,,85,77,8
200803170MIN,RS,LAC,2546.0,,88,77,11
200803170MIN,RS,LAC,2560.0,,88,79,9
200803170MIN,RS,LAC,2591.0,,90,79,11
200803170MIN,RS,LAC,2604.0,,90,80,10
200803170MIN,RS,LAC,2604.0,,90,81,9
200803170MIN,RS,LAC,2630.0,,91,81,10
200803170MIN,RS,LAC,2644.0,,91,83,8
200803170MIN,RS,LAC,2660.0,,93,83,10
200803170MIN,RS,LAC,2688.0,,93,85,8
200803170MIN,RS,LAC,2709.0,,95,85,10
200803170MIN,RS,LAC,2727.0,,95,88,7
200803170MIN,RS,LAC,2787.0,,96,88,8
200803170MIN,RS,LAC,2820.0,,96,89,7
200803170MIN,RS,LAC,2836.9,,97,89,8
200803170MIN,RS,LAC,2843.8,,97,90,7
200803170MIN,RS,LAC,2867.5,F,99,90,9
200803170MIN,RS,LAC,2880.0,,99,90,9
200803190MIN,RS,MEM,0.0,,0,0,0
200803190MIN,RS,MEM,78.0,,0,2,-2
200803190MIN,RS,MEM,112.0,,0,4,-4
200803190MIN,RS,MEM,171.0,,0,6,-6
200803190MIN,RS,MEM,191.0,,2,6,-4
200803190MIN,RS,MEM,237.0,,2,7,-5
200803190MIN,RS,MEM,258.0,,4,7,-3
200803190MIN,RS,MEM,283.0,,4,10,-6
200803190MIN,RS,MEM,297.0,,6,10,-4
200803190MIN,RS,MEM,340.0,,6,13,-7
200803190MIN,RS,MEM,369.0,,6,15,-9
200803190MIN,RS,MEM,421.0,,6,18,-12
200803190MIN,RS,MEM,442.0,,8,18,-10
200803190MIN,RS,MEM,454.0,,8,20,-12
200803190MIN,RS,MEM,477.0,,10,20,-10
200803190MIN,RS,MEM,477.0,,11,20,-9
200803190MIN,RS,MEM,506.0,,13,20,-7
200803190MIN,RS,MEM,545.0,,15,20,-5
200803190MIN,RS,MEM,573.0,,15,22,-7
200803190MIN,RS,MEM,605.0,,15,23,-8
200803190MIN,RS,MEM,605.0,,15,24,-9
200803190MIN,RS,MEM,625.0,,17,24,-7
200803190MIN,RS,MEM,642.0,,17,26,-9
200803190MIN,RS,MEM,666.8,,17,28,-11
200803190MIN,RS,MEM,679.6,,19,28,-9
200803190MIN,RS,MEM,679.6,,20,28,-8
200803190MIN,RS,MEM,710.6,,23,28,-5
200803190MIN,RS,MEM,793.0,,23,30,-7
200803190MIN,RS,MEM,805.0,,25,30,-5
200803190MIN,RS,MEM,841.0,,25,32,-7
200803190MIN,RS,MEM,858.0,,27,32,-5
200803190MIN,RS,MEM,881.0,,27,34,-7
200803190MIN,RS,MEM,930.0,,29,34,-5
200803190MIN,RS,MEM,1015.0,,29,35,-6
200803190MIN,RS,MEM,1015.0,,29,36,-7
200803190MIN,RS,MEM,1031.0,,29,37,-8
200803190MIN,RS,MEM,1044.0,,31,37,-6
200803190MIN,RS,MEM,1053.0,,31,38,-7
200803190MIN,RS,MEM,1089.0,,31,40,-9
200803190MIN,RS,MEM,1101.0,,32,40,-8
200803190MIN,RS,MEM,1135.0,,32,41,-9
200803190MIN,RS,MEM,1135.0,,32,42,-10
200803190MIN,RS,MEM,1162.0,,32,44,-12
200803190MIN,RS,MEM,1222.0,,32,46,-14
200803190MIN,RS,MEM,1246.0,,32,48,-16
200803190MIN,RS,MEM,1318.0,,34,48,-14
200803190MIN,RS,MEM,1375.0,,34,50,-16
200803190MIN,RS,MEM,1395.2,,36,50,-14
200803190MIN,RS,MEM,1405.2,,36,52,-16
200803190MIN,RS,MEM,1420.2,,37,52,-15
200803190MIN,RS,MEM,1420.2,,38,52,-14
200803190MIN,RS,MEM,1470.0,,39,52,-13
200803190MIN,RS,MEM,1470.0,,40,52,-12
200803190MIN,RS,MEM,1506.0,,40,54,-14
200803190MIN,RS,MEM,1528.0,,41,54,-13
200803190MIN,RS,MEM,1561.0,,43,54,-11
200803190MIN,RS,MEM,1606.0,,44,54,-10
200803190MIN,RS,MEM,1606.0,,45,54,-9
200803190MIN,RS,MEM,1629.0,,47,54,-7
200803190MIN,RS,MEM,1663.0,,49,54,-5
200803190MIN,RS,MEM,1692.0,,52,54,-2
200803190MIN,RS,MEM,1718.0,,52,56,-4
200803190MIN,RS,MEM,1788.0,,54,56,-2
200803190MIN,RS,MEM,1826.0,,54,57,-3
200803190MIN,RS,MEM,1869.0,,55,57,-2
200803190MIN,RS,MEM,1901.0,T,57,57,0
200803190MIN,RS,MEM,1920.0,,57,58,-1
200803190MIN,RS,MEM,1920.0,,57,59,-2
200803190MIN,RS,MEM,1944.0,,57,60,-3
200803190MIN,RS,MEM,1976.0,,57,62,-5
200803190MIN,RS,MEM,1988.0,,59,62,-3
200803190MIN,RS,MEM,2008.0,,59,64,-5
200803190MIN,RS,MEM,2041.0,,59,65,-6
200803190MIN,RS,MEM,2041.0,,59,66,-7
200803190MIN,RS,MEM,2067.0,,59,67,-8
200803190MIN,RS,MEM,2087.0,,61,67,-6
200803190MIN,RS,MEM,2115.7,,61,68,-7
200803190MIN,RS,MEM,2134.8,,62,68,-6
200803190MIN,RS,MEM,2176.0,,64,68,-4
200803190MIN,RS,MEM,2219.0,,65,68,-3
200803190MIN,RS,MEM,2222.0,,67,68,-1
200803190MIN,RS,MEM,2308.0,,67,70,-3
200803190MIN,RS,MEM,2325.0,,69,70,-1
200803190MIN,RS,MEM,2377.0,,69,71,-2
200803190MIN,RS,MEM,2377.0,,69,72,-3
200803190MIN,RS,MEM,2406.0,,69,74,-5
200803190MIN,RS,MEM,2426.0,,71,74,-3
200803190MIN,RS,MEM,2453.0,,72,74,-2
200803190MIN,RS,MEM,2468.0,,72,75,-3
200803190MIN,RS,MEM,2468.0,,72,76,-4
200803190MIN,RS,MEM,2489.0,,73,76,-3
200803190MIN,RS,MEM,2489.0,,74,76,-2
200803190MIN,RS,MEM,2504.0,,74,78,-4
200803190MIN,RS,MEM,2522.0,,77,78,-1
200803190MIN,RS,MEM,2560.0,LC,79,78,1
200803190MIN,RS,MEM,2584.0,LC,79,80,-1
200803190MIN,RS,MEM,2607.0,LC,81,80,1
200803190MIN,RS,MEM,2607.0,,82,80,2
200803190MIN,RS,MEM,2624.0,T,82,82,0
200803190MIN,RS,MEM,2644.0,,84,82,2
200803190MIN,RS,MEM,2723.0,,85,82,3
200803190MIN,RS,MEM,2723.0,,86,82,4
200803190MIN,RS,MEM,2808.0,,86,85,1
200803190MIN,RS,MEM,2827.2,,88,85,3
200803190MIN,RS,MEM,2844.5,,89,85,4
200803190MIN,RS,MEM,2844.5,,90,85,5
200803190MIN,RS,MEM,2850.8,,91,85,6
200803190MIN,RS,MEM,2850.8,,92,85,7
200803190MIN,RS,MEM,2854.4,,92,87,5
200803190MIN,RS,MEM,2855.1,,93,87,6
200803190MIN,RS,MEM,2861.3,,93,89,4
200803190MIN,RS,MEM,2862.2,,94,89,5
200803190MIN,RS,MEM,2862.2,,95,89,6
200803190MIN,RS,MEM,2873.5,,95,91,4
200803190MIN,RS,MEM,2874.1,,96,91,5
200803190MIN,RS,MEM,2879.3,,96,94,2
200803190MIN,RS,MEM,2879.8,,97,94,3
200803190MIN,RS,MEM,2879.8,F,98,94,4
200803190MIN,RS,MEM,2880.0,,98,94,4
200803210IND,RS,IND,0.0,,0,0,0
200803210IND,RS,IND,18.0,,2,0,2
200803210IND,RS,IND,39.0,T,2,2,0
200803210IND,RS,IND,58.0,,4,2,2
200803210IND,RS,IND,103.0,T,4,4,0
200803210IND,RS,IND,122.0,LC,4,6,-2
200803210IND,RS,IND,142.0,,4,7,-3
200803210IND,RS,IND,142.0,,4,8,-4
200803210IND,RS,IND,159.0,,4,10,-6
200803210IND,RS,IND,172.0,,6,10,-4
200803210IND,RS,IND,228.0,,9,10,-1
200803210IND,RS,IND,247.0,,9,12,-3
200803210IND,RS,IND,265.0,,11,12,-1
200803210IND,RS,IND,279.0,,11,15,-4
200803210IND,RS,IND,304.0,,13,15,-2
200803210IND,RS,IND,374.0,T,15,15,0
200803210IND,RS,IND,374.0,LC,16,15,1
200803210IND,RS,IND,401.0,,18,15,3
200803210IND,RS,IND,401.0,,19,15,4
200803210IND,RS,IND,420.0,,19,18,1
200803210IND,RS,IND,449.0,T,19,19,0
200803210IND,RS,IND,469.0,,22,19,3
200803210IND,RS,IND,500.0,,22,20,2
200803210IND,RS,IND,500.0,,22,21,1
200803210IND,RS,IND,546.0,LC,22,23,-1
200803210IND,RS,IND,561.0,LC,25,23,2
200803210IND,RS,IND,576.0,T,25,25,0
200803210IND,RS,IND,605.0,LC,25,27,-2
200803210IND,RS,IND,646.0,,25,30,-5
200803210IND,RS,IND,665.7,,27,30,-3
200803210IND,RS,IND,679.3,,27,32,-5
200803210IND,RS,IND,713.4,,27,35,-8
200803210IND,RS,IND,778.0,,27,38,-11
200803210IND,RS,IND,810.0,,27,40,-13
200803210IND,RS,IND,860.0,,29,40,-11
200803210IND,RS,IND,892.0,,31,40,-9
200803210IND,RS,IND,914.0,,31,41,-10
200803210IND,RS,IND,914.0,,31,42,-11
200803210IND,RS,IND,942.0,,33,42,-9
200803210IND,RS,IND,969.0,,34,42,-8
200803210IND,RS,IND,985.0,,34,45,-11
200803210IND,RS,IND,999.0,,36,45,-9
200803210IND,RS,IND,1014.0,,36,46,-10
200803210IND,RS,IND,1014.0,,36,47,-11
200803210IND,RS,IND,1076.0,,36,50,-14
200803210IND,RS,IND,1104.0,,36,52,-16
200803210IND,RS,IND,1119.0,,38,52,-14
200803210IND,RS,IND,1142.0,,38,53,-15
200803210IND,RS,IND,1142.0,,38,54,-16
200803210IND,RS,IND,1188.0,,40,54,-14
200803210IND,RS,IND,1188.0,,41,54,-13
200803210IND,RS,IND,1203.0,,41,55,-14
200803210IND,RS,IND,1203.0,,41,56,-15
200803210IND,RS,IND,1220.0,,44,56,-12
200803210IND,RS,IND,1233.0,,44,58,-14
200803210IND,RS,IND,1233.0,,44,59,-15
200803210IND,RS,IND,1317.0,,44,61,-17
200803210IND,RS,IND,1356.0,,46,61,-15
200803210IND,RS,IND,1406.1,,46,63,-17
200803210IND,RS,IND,1437.3,,46,66,-20
200803210IND,RS,IND,1439.7,,47,66,-19
200803210IND,RS,IND,1439.7,,48,66,-18
200803210IND,RS,IND,1439.7,,49,66,-17
200803210IND,RS,IND,1459.0,,51,66,-15
200803210IND,RS,IND,1552.0,,53,66,-13
200803210IND,RS,IND,1582.0,,53,69,-16
200803210IND,RS,IND,1620.0,,53,72,-19
200803210IND,RS,IND,1636.0,,55,72,-17
200803210IND,RS,IND,1645.0,,55,74,-19
200803210IND,RS,IND,1656.0,,57,74,-17
200803210IND,RS,IND,1665.0,,57,76,-19
200803210IND,RS,IND,1672.0,,59,76,-17
200803210IND,RS,IND,1684.0,,59,79,-20
200803210IND,RS,IND,1700.0,,61,79,-18
200803210IND,RS,IND,1735.0,,61,81,-20
200803210IND,RS,IND,1778.0,,64,81,-17
200803210IND,RS,IND,1800.0,,66,81,-15
200803210IND,RS,IND,1824.0,,68,81,-13
200803210IND,RS,IND,1843.0,,68,83,-15
200803210IND,RS,IND,1892.0,,68,85,-17
200803210IND,RS,IND,1908.0,,70,85,-15
200803210IND,RS,IND,1933.0,,72,85,-13
200803210IND,RS,IND,1960.0,,72,87,-15
200803210IND,RS,IND,1983.0,,72,88,-16
200803210IND,RS,IND,2004.0,,72,90,-18
200803210IND,RS,IND,2017.0,,73,90,-17
200803210IND,RS,IND,2032.0,,73,93,-20
200803210IND,RS,IND,2068.0,,75,93,-18
200803210IND,RS,IND,2068.0,,76,93,-17
200803210IND,RS,IND,2109.3,,79,93,-14
200803210IND,RS,IND,2138.0,,82,93,-11
200803210IND,RS,IND,2173.0,,84,93,-9
200803210IND,RS,IND,2221.0,,84,95,-11
200803210IND,RS,IND,2234.0,,86,95,-9
200803210IND,RS,IND,2251.0,,86,96,-10
200803210IND,RS,IND,2258.0,,87,96,-9
200803210IND,RS,IND,2258.0,,88,96,-8
200803210IND,RS,IND,2297.0,,88,98,-10
200803210IND,RS,IND,2352.0,,88,101,-13
200803210IND,RS,IND,2396.0,,88,103,-15
200803210IND,RS,IND,2431.0,,90,103,-13
200803210IND,RS,IND,2458.0,,90,104,-14
200803210IND,RS,IND,2494.0,,90,105,-15
200803210IND,RS,IND,2494.0,,90,106,-16
200803210IND,RS,IND,2503.0,,92,106,-14
200803210IND,RS,IND,2526.0,,92,109,-17
200803210IND,RS,IND,2544.0,,94,109,-15
200803210IND,RS,IND,2559.0,,94,112,-18
200803210IND,RS,IND,2577.0,,96,112,-16
200803210IND,RS,IND,2594.0,,96,113,-17
200803210IND,RS,IND,2605.0,,97,113,-16
200803210IND,RS,IND,2614.0,,99,113,-14
200803210IND,RS,IND,2629.0,,99,114,-15
200803210IND,RS,IND,2636.0,,101,114,-13
200803210IND,RS,IND,2650.0,,101,115,-14
200803210IND,RS,IND,2650.0,,101,116,-15
200803210IND,RS,IND,2661.0,,103,116,-13
200803210IND,RS,IND,2737.0,,103,119,-16
200803210IND,RS,IND,2737.0,,103,120,-17
200803210IND,RS,IND,2748.0,,106,120,-14
200803210IND,RS,IND,2796.0,,108,120,-12
200803210IND,RS,IND,2816.0,,108,122,-14
200803210IND,RS,IND,2827.4,,111,122,-11
200803210IND,RS,IND,2855.2,,113,122,-9
200803210IND,RS,IND,2880.0,,113,124,-11
200803210IND,RS,IND,2880.0,F,113,124,-11
200803220MIN,RS,NYK,0.0,,0,0,0
200803220MIN,RS,NYK,18.0,,2,0,2
200803220MIN,RS,NYK,52.0,,4,0,4
200803220MIN,RS,NYK,78.0,,4,2,2
200803220MIN,RS,NYK,98.0,,6,2,4
200803220MIN,RS,NYK,131.0,,7,2,5
200803220MIN,RS,NYK,131.0,,8,2,6
200803220MIN,RS,NYK,147.0,,8,4,4
200803220MIN,RS,NYK,161.0,,10,4,6
200803220MIN,RS,NYK,203.0,,11,4,7
200803220MIN,RS,NYK,203.0,,12,4,8
200803220MIN,RS,NYK,217.0,,14,4,10
200803220MIN,RS,NYK,241.0,,14,6,8
200803220MIN,RS,NYK,265.0,,14,9,5
200803220MIN,RS,NYK,306.0,,16,9,7
200803220MIN,RS,NYK,321.0,,16,11,5
200803220MIN,RS,NYK,334.0,,18,11,7
200803220MIN,RS,NYK,357.0,,20,11,9
200803220MIN,RS,NYK,380.0,,22,11,11
200803220MIN,RS,NYK,409.0,,25,11,14
200803220MIN,RS,NYK,430.0,,25,13,12
200803220MIN,RS,NYK,486.0,,27,13,14
200803220MIN,RS,NYK,509.0,,27,16,11
200803220MIN,RS,NYK,523.0,,29,16,13
200803220MIN,RS,NYK,543.0,,29,18,11
200803220MIN,RS,NYK,565.0,,31,18,13
200803220MIN,RS,NYK,581.0,,31,20,11
200803220MIN,RS,NYK,599.0,,33,20,13
200803220MIN,RS,NYK,616.0,,35,20,15
200803220MIN,RS,NYK,637.0,,36,20,16
200803220MIN,RS,NYK,637.0,,37,20,17
200803220MIN,RS,NYK,671.1,,40,20,20
200803220MIN,RS,NYK,681.3,,40,22,18
200803220MIN,RS,NYK,690.4,,42,22,20
200803220MIN,RS,NYK,718.0,,42,24,18
200803220MIN,RS,NYK,739.0,,42,26,16
200803220MIN,RS,NYK,739.0,,42,27,15
200803220MIN,RS,NYK,757.0,,44,27,17
200803220MIN,RS,NYK,780.0,,44,29,15
200803220MIN,RS,NYK,836.0,,44,32,12
200803220MIN,RS,NYK,864.0,,44,34,10
200803220MIN,RS,NYK,881.0,,45,34,11
200803220MIN,RS,NYK,925.0,,46,34,12
200803220MIN,RS,NYK,925.0,,47,34,13
200803220MIN,RS,NYK,944.0,,47,36,11
200803220MIN,RS,NYK,969.0,,50,36,14
200803220MIN,RS,NYK,986.0,,50,38,12
200803220MIN,RS,NYK,1007.0,,52,38,14
200803220MIN,RS,NYK,1027.0,,52,41,11
200803220MIN,RS,NYK,1049.0,,52,42,10
200803220MIN,RS,NYK,1049.0,,52,43,9
200803220MIN,RS,NYK,1087.0,,52,46,6
200803220MIN,RS,NYK,1104.0,,54,46,8
200803220MIN,RS,NYK,1165.0,,56,46,10
200803220MIN,RS,NYK,1211.0,,58,46,12
200803220MIN,RS,NYK,1233.0,,58,48,10
200803220MIN,RS,NYK,1266.0,,60,48,12
200803220MIN,RS,NYK,1285.0,,60,50,10
200803220MIN,RS,NYK,1322.0,,62,50,12
200803220MIN,RS,NYK,1350.0,,62,52,10
200803220MIN,RS,NYK,1376.0,,63,52,11
200803220MIN,RS,NYK,1376.0,,64,52,12
200803220MIN,RS,NYK,1395.1,,66,52,14
200803220MIN,RS,NYK,1411.6,,66,54,12
200803220MIN,RS,NYK,1433.2,,69,54,15
200803220MIN,RS,NYK,1437.4,,69,55,14
200803220MIN,RS,NYK,1437.4,,69,56,13
200803220MIN,RS,NYK,1466.0,,71,56,15
200803220MIN,RS,NYK,1479.0,,71,59,12
200803220MIN,RS,NYK,1505.0,,73,59,14
200803220MIN,RS,NYK,1525.0,,75,59,16
200803220MIN,RS,NYK,1550.0,,75,61,14
200803220MIN,RS,NYK,1577.0,,77,61,16
200803220MIN,RS,NYK,1633.0,,77,63,14
200803220MIN,RS,NYK,1649.0,,79,63,16
200803220MIN,RS,NYK,1668.0,,79,64,15
200803220MIN,RS,NYK,1668.0,,79,65,14
200803220MIN,RS,NYK,1695.0,,81,65,16
200803220MIN,RS,NYK,1713.0,,81,67,14
200803220MIN,RS,NYK,1737.0,,81,69,12
200803220MIN,RS,NYK,1756.0,,83,69,14
200803220MIN,RS,NYK,1780.0,,85,69,16
200803220MIN,RS,NYK,1838.0,,85,70,15
200803220MIN,RS,NYK,1838.0,,85,71,14
200803220MIN,RS,NYK,1874.0,,86,71,15
200803220MIN,RS,NYK,1874.0,,87,71,16
200803220MIN,RS,NYK,1917.0,,87,73,14
200803220MIN,RS,NYK,1973.0,,87,74,13
200803220MIN,RS,NYK,1973.0,,87,75,12
200803220MIN,RS,NYK,1998.0,,89,75,14
200803220MIN,RS,NYK,1998.0,,90,75,15
200803220MIN,RS,NYK,2054.0,,92,75,17
200803220MIN,RS,NYK,2084.0,,94,75,19
200803220MIN,RS,NYK,2108.9,,94,77,17
200803220MIN,RS,NYK,2223.0,,96,77,19
200803220MIN,RS,NYK,2253.0,,98,77,21
200803220MIN,RS,NYK,2270.0,,98,79,19
200803220MIN,RS,NYK,2303.0,,99,79,20
200803220MIN,RS,NYK,2303.0,,100,79,21
200803220MIN,RS,NYK,2327.0,,100,82,18
200803220MIN,RS,NYK,2361.0,,100,84,16
200803220MIN,RS,NYK,2381.0,,102,84,18
200803220MIN,RS,NYK,2423.0,,102,86,16
200803220MIN,RS,NYK,2432.0,,103,86,17
200803220MIN,RS,NYK,2432.0,,104,86,18
200803220MIN,RS,NYK,2477.0,,105,86,19
200803220MIN,RS,NYK,2541.0,,108,86,22
200803220MIN,RS,NYK,2582.0,,109,86,23
200803220MIN,RS,NYK,2598.0,,109,88,21
200803220MIN,RS,NYK,2638.0,,109,90,19
200803220MIN,RS,NYK,2638.0,,109,91,18
200803220MIN,RS,NYK,2711.0,,110,91,19
200803220MIN,RS,NYK,2829.3,,111,91,20
200803220MIN,RS,NYK,2829.3,,112,91,21
200803220MIN,RS,NYK,2857.6,,113,91,22
200803220MIN,RS,NYK,2857.6,,114,91,23
200803220MIN,RS,NYK,2863.2,F,114,93,21
200803220MIN,RS,NYK,2880.0,,114,93,21
200803260HOU,RS,HOU,0.0,,0,0,0
200803260HOU,RS,HOU,105.0,,0,2,-2
200803260HOU,RS,HOU,151.0,T,2,2,0
200803260HOU,RS,HOU,168.0,,2,4,-2
200803260HOU,RS,HOU,180.0,T,4,4,0
200803260HOU,RS,HOU,232.0,LC,5,4,1
200803260HOU,RS,HOU,248.0,LC,5,6,-1
200803260HOU,RS,HOU,263.0,LC,8,6,2
200803260HOU,RS,HOU,287.0,T,8,8,0
200803260HOU,RS,HOU,307.0,,10,8,2
200803260HOU,RS,HOU,351.0,T,10,10,0
200803260HOU,RS,HOU,412.0,,12,10,2
200803260HOU,RS,HOU,442.0,LC,12,13,-1
200803260HOU,RS,HOU,462.0,LC,14,13,1
200803260HOU,RS,HOU,480.0,LC,14,15,-1
200803260HOU,RS,HOU,515.0,,14,17,-3
200803260HOU,RS,HOU,537.0,,16,17,-1
200803260HOU,RS,HOU,579.0,,16,19,-3
200803260HOU,RS,HOU,595.0,T,19,19,0
200803260HOU,RS,HOU,645.0,,19,21,-2
200803260HOU,RS,HOU,660.0,T,21,21,0
200803260HOU,RS,HOU,684.8,LC,23,21,2
200803260HOU,RS,HOU,711.5,LC,23,24,-1
200803260HOU,RS,HOU,737.0,,23,26,-3
200803260HOU,RS,HOU,788.0,,23,28,-5
200803260HOU,RS,HOU,806.0,,25,28,-3
200803260HOU,RS,HOU,846.0,T,28,28,0
200803260HOU,RS,HOU,910.0,,28,30,-2
200803260HOU,RS,HOU,939.0,,28,32,-4
200803260HOU,RS,HOU,996.0,,28,34,-6
200803260HOU,RS,HOU,1041.0,,31,34,-3
200803260HOU,RS,HOU,1061.0,,31,37,-6
200803260HOU,RS,HOU,1084.0,,31,39,-8
200803260HOU,RS,HOU,1098.0,,33,39,-6
200803260HOU,RS,HOU,1113.0,,33,41,-8
200803260HOU,RS,HOU,1131.0,,35,41,-6
200803260HOU,RS,HOU,1158.0,,37,41,-4
200803260HOU,RS,HOU,1210.0,,37,42,-5
200803260HOU,RS,HOU,1236.0,,38,42,-4
200803260HOU,RS,HOU,1259.0,,38,44,-6
200803260HOU,RS,HOU,1298.0,,40,44,-4
200803260HOU,RS,HOU,1342.0,,40,45,-5
200803260HOU,RS,HOU,1342.0,,40,46,-6
200803260HOU,RS,HOU,1402.5,,42,46,-4
200803260HOU,RS,HOU,1472.0,,44,46,-2
200803260HOU,RS,HOU,1493.0,,44,48,-4
200803260HOU,RS,HOU,1560.0,,44,49,-5
200803260HOU,RS,HOU,1611.0,,45,49,-4
200803260HOU,RS,HOU,1627.0,,45,51,-6
200803260HOU,RS,HOU,1657.0,,45,53,-8
200803260HOU,RS,HOU,1679.0,,48,53,-5
200803260HOU,RS,HOU,1704.0,,50,53,-3
200803260HOU,RS,HOU,1730.0,,50,55,-5
200803260HOU,RS,HOU,1750.0,,50,57,-7
200803260HOU,RS,HOU,1750.0,,50,58,-8
200803260HOU,RS,HOU,1776.0,,50,59,-9
200803260HOU,RS,HOU,1776.0,,50,60,-10
200803260HOU,RS,HOU,1797.0,,52,60,-8
200803260HOU,RS,HOU,1862.0,,52,62,-10
200803260HOU,RS,HOU,1880.0,,54,62,-8
200803260HOU,RS,HOU,1951.0,,55,62,-7
200803260HOU,RS,HOU,1951.0,,56,62,-6
200803260HOU,RS,HOU,2024.0,,56,65,-9
200803260HOU,RS,HOU,2036.0,,57,65,-8
200803260HOU,RS,HOU,2060.0,,58,65,-7
200803260HOU,RS,HOU,2060.0,,59,65,-6
200803260HOU,RS,HOU,2077.0,,59,67,-8
200803260HOU,RS,HOU,2100.0,,59,68,-9
200803260HOU,RS,HOU,2110.5,,60,68,-8
200803260HOU,RS,HOU,2126.0,,60,69,-9
200803260HOU,RS,HOU,2173.0,,62,69,-7
200803260HOU,RS,HOU,2193.0,,62,71,-9
200803260HOU,RS,HOU,2193.0,,62,72,-10
200803260HOU,RS,HOU,2203.0,,64,72,-8
200803260HOU,RS,HOU,2231.0,,66,72,-6
200803260HOU,RS,HOU,2263.0,,68,72,-4
200803260HOU,RS,HOU,2307.0,,70,72,-2
200803260HOU,RS,HOU,2323.0,,70,74,-4
200803260HOU,RS,HOU,2347.0,,71,74,-3
200803260HOU,RS,HOU,2347.0,,72,74,-2
200803260HOU,RS,HOU,2358.0,,72,76,-4
200803260HOU,RS,HOU,2380.0,,72,78,-6
200803260HOU,RS,HOU,2399.0,,74,78,-4
200803260HOU,RS,HOU,2418.0,,74,80,-6
200803260HOU,RS,HOU,2466.0,,74,81,-7
200803260HOU,RS,HOU,2466.0,,74,82,-8
200803260HOU,RS,HOU,2507.0,,74,84,-10
200803260HOU,RS,HOU,2538.0,,74,86,-12
200803260HOU,RS,HOU,2557.0,,76,86,-10
200803260HOU,RS,HOU,2618.0,,76,88,-12
200803260HOU,RS,HOU,2659.0,,78,88,-10
200803260HOU,RS,HOU,2659.0,,79,88,-9
200803260HOU,RS,HOU,2670.0,,79,90,-11
200803260HOU,RS,HOU,2689.0,,82,90,-8
200803260HOU,RS,HOU,2726.0,,82,92,-10
200803260HOU,RS,HOU,2726.0,,82,93,-11
200803260HOU,RS,HOU,2737.0,,84,93,-9
200803260HOU,RS,HOU,2785.0,,85,93,-8
200803260HOU,RS,HOU,2785.0,,86,93,-7
200803260HOU,RS,HOU,2805.0,,86,95,-9
200803260HOU,RS,HOU,2870.3,F,86,97,-11
200803260HOU,RS,HOU,2880.0,,86,97,-11
200803280SAS,RS,SAS,0.0,,0,0,0
200803280SAS,RS,SAS,108.0,,0,1,-1
200803280SAS,RS,SAS,108.0,,0,2,-2
200803280SAS,RS,SAS,119.0,T,2,2,0
200803280SAS,RS,SAS,133.0,,2,4,-2
200803280SAS,RS,SAS,175.0,,2,6,-4
200803280SAS,RS,SAS,229.0,,4,6,-2
200803280SAS,RS,SAS,266.0,T,6,6,0
200803280SAS,RS,SAS,306.0,LC,9,6,3
200803280SAS,RS,SAS,331.0,,9,8,1
200803280SAS,RS,SAS,345.0,,11,8,3
200803280SAS,RS,SAS,383.0,,13,8,5
200803280SAS,RS,SAS,409.0,,13,10,3
200803280SAS,RS,SAS,425.0,,15,10,5
200803280SAS,RS,SAS,454.0,,15,12,3
200803280SAS,RS,SAS,515.0,,15,14,1
200803280SAS,RS,SAS,561.0,,17,14,3
200803280SAS,RS,SAS,772.0,,17,16,1
200803280SAS,RS,SAS,803.0,LC,17,19,-2
200803280SAS,RS,SAS,838.0,,17,21,-4
200803280SAS,RS,SAS,880.0,,19,21,-2
200803280SAS,RS,SAS,901.0,T,21,21,0
200803280SAS,RS,SAS,924.0,,21,23,-2
200803280SAS,RS,SAS,953.0,,21,26,-5
200803280SAS,RS,SAS,1011.0,,23,26,-3
200803280SAS,RS,SAS,1035.0,,23,28,-5
200803280SAS,RS,SAS,1049.0,,25,28,-3
200803280SAS,RS,SAS,1072.0,,25,30,-5
200803280SAS,RS,SAS,1104.0,,25,32,-7
200803280SAS,RS,SAS,1132.0,,25,35,-10
200803280SAS,RS,SAS,1181.0,,28,35,-7
200803280SAS,RS,SAS,1225.0,,28,37,-9
200803280SAS,RS,SAS,1255.0,,28,38,-10
200803280SAS,RS,SAS,1255.0,,28,39,-11
200803280SAS,RS,SAS,1277.0,,29,39,-10
200803280SAS,RS,SAS,1277.0,,30,39,-9
200803280SAS,RS,SAS,1313.0,,32,39,-7
200803280SAS,RS,SAS,1331.0,,32,41,-9
200803280SAS,RS,SAS,1363.0,,32,44,-12
200803280SAS,RS,SAS,1385.2,,32,46,-14
200803280SAS,RS,SAS,1400.1,,34,46,-12
200803280SAS,RS,SAS,1408.9,,34,49,-15
200803280SAS,RS,SAS,1488.0,,34,51,-17
200803280SAS,RS,SAS,1564.0,,37,51,-14
200803280SAS,RS,SAS,1578.0,,37,53,-16
200803280SAS,RS,SAS,1623.0,,37,55,-18
200803280SAS,RS,SAS,1641.0,,37,57,-20
200803280SAS,RS,SAS,1676.0,,39,57,-18
200803280SAS,RS,SAS,1700.0,,39,59,-20
200803280SAS,RS,SAS,1725.0,,42,59,-17
200803280SAS,RS,SAS,1757.0,,42,61,-19
200803280SAS,RS,SAS,1791.0,,44,61,-17
200803280SAS,RS,SAS,1835.0,,46,61,-15
200803280SAS,RS,SAS,1889.0,,48,61,-13
200803280SAS,RS,SAS,1916.0,,49,61,-12
200803280SAS,RS,SAS,1930.0,,51,61,-10
200803280SAS,RS,SAS,1956.0,,54,61,-7
200803280SAS,RS,SAS,1972.0,,54,62,-8
200803280SAS,RS,SAS,1972.0,,54,63,-9
200803280SAS,RS,SAS,1990.0,,56,63,-7
200803280SAS,RS,SAS,2032.0,,58,63,-5
200803280SAS,RS,SAS,2108.2,,59,63,-4
200803280SAS,RS,SAS,2108.2,,60,63,-3
200803280SAS,RS,SAS,2122.0,,60,66,-6
200803280SAS,RS,SAS,2132.0,,62,66,-4
200803280SAS,RS,SAS,2155.8,,62,67,-5
200803280SAS,RS,SAS,2155.8,,62,68,-6
200803280SAS,RS,SAS,2171.0,,62,69,-7
200803280SAS,RS,SAS,2171.0,,62,70,-8
200803280SAS,RS,SAS,2186.0,,64,70,-6
200803280SAS,RS,SAS,2227.0,,66,70,-4
200803280SAS,RS,SAS,2241.0,,66,72,-6
200803280SAS,RS,SAS,2262.0,,68,72,-4
200803280SAS,RS,SAS,2295.0,,68,74,-6
200803280SAS,RS,SAS,2314.0,,70,74,-4
200803280SAS,RS,SAS,2329.0,,70,76,-6
200803280SAS,RS,SAS,2365.0,,70,77,-7
200803280SAS,RS,SAS,2395.0,,70,80,-10
200803280SAS,RS,SAS,2428.0,,70,83,-13
200803280SAS,RS,SAS,2451.0,,72,83,-11
200803280SAS,RS,SAS,2471.0,,72,85,-13
200803280SAS,RS,SAS,2506.0,,72,88,-16
200803280SAS,RS,SAS,2527.0,,74,88,-14
200803280SAS,RS,SAS,2541.0,,74,89,-15
200803280SAS,RS,SAS,2541.0,,74,90,-16
200803280SAS,RS,SAS,2555.0,,76,90,-14
200803280SAS,RS,SAS,2576.0,,76,91,-15
200803280SAS,RS,SAS,2624.0,,78,91,-13
200803280SAS,RS,SAS,2646.0,,78,93,-15
200803280SAS,RS,SAS,2674.0,,78,95,-17
200803280SAS,RS,SAS,2726.0,,80,95,-15
200803280SAS,RS,SAS,2773.0,,80,97,-17
200803280SAS,RS,SAS,2792.0,,81,97,-16
200803280SAS,RS,SAS,2792.0,,82,97,-15
200803280SAS,RS,SAS,2815.0,,84,97,-13
200803280SAS,RS,SAS,2834.4,F,84,99,-15
200803280SAS,RS,SAS,2880.0,,84,99,-15
200803300MIN,RS,UTA,0.0,,0,0,0
200803300MIN,RS,UTA,17.0,,0,2,-2
200803300MIN,RS,UTA,130.0,,0,4,-4
200803300MIN,RS,UTA,146.0,,2,4,-2
200803300MIN,RS,UTA,182.0,,2,6,-4
200803300MIN,RS,UTA,234.0,,5,6,-1
200803300MIN,RS,UTA,257.0,,5,8,-3
200803300MIN,RS,UTA,270.0,,7,8,-1
200803300MIN,RS,UTA,270.0,T,8,8,0
200803300MIN,RS,UTA,295.0,LC,10,8,2
200803300MIN,RS,UTA,315.0,T,10,10,0
200803300MIN,RS,UTA,333.0,,12,10,2
200803300MIN,RS,UTA,350.0,T,12,12,0
200803300MIN,RS,UTA,373.0,LC,12,14,-2
200803300MIN,RS,UTA,391.0,T,14,14,0
200803300MIN,RS,UTA,410.0,,14,17,-3
200803300MIN,RS,UTA,437.0,,14,18,-4
200803300MIN,RS,UTA,437.0,,14,19,-5
200803300MIN,RS,UTA,449.0,,16,19,-3
200803300MIN,RS,UTA,584.0,,18,19,-1
200803300MIN,RS,UTA,663.6,,18,21,-3
200803300MIN,RS,UTA,682.8,,19,21,-2
200803300MIN,RS,UTA,682.8,,20,21,-1
200803300MIN,RS,UTA,716.6,,20,23,-3
200803300MIN,RS,UTA,735.0,,22,23,-1
200803300MIN,RS,UTA,758.0,LC,24,23,1
200803300MIN,RS,UTA,778.0,LC,24,25,-1
200803300MIN,RS,UTA,800.0,,24,27,-3
200803300MIN,RS,UTA,822.0,,24,29,-5
200803300MIN,RS,UTA,849.0,,27,29,-2
200803300MIN,RS,UTA,957.0,,27,30,-3
200803300MIN,RS,UTA,1039.0,,29,30,-1
200803300MIN,RS,UTA,1075.0,LC,31,30,1
200803300MIN,RS,UTA,1090.0,T,31,31,0
200803300MIN,RS,UTA,1090.0,LC,31,32,-1
200803300MIN,RS,UTA,1152.0,T,32,32,0
200803300MIN,RS,UTA,1152.0,LC,33,32,1
200803300MIN,RS,UTA,1197.0,,34,32,2
200803300MIN,RS,UTA,1197.0,,35,32,3
200803300MIN,RS,UTA,1208.0,,35,34,1
200803300MIN,RS,UTA,1244.0,LC,35,36,-1
200803300MIN,RS,UTA,1280.0,LC,37,36,1
200803300MIN,RS,UTA,1298.0,T,37,37,0
200803300MIN,RS,UTA,1298.0,LC,37,38,-1
200803300MIN,RS,UTA,1313.0,T,38,38,0
200803300MIN,RS,UTA,1313.0,LC,39,38,1
200803300MIN,RS,UTA,1329.0,LC,39,40,-1
200803300MIN,RS,UTA,1380.0,LC,41,40,1
200803300MIN,RS,UTA,1404.1,T,41,41,0
200803300MIN,RS,UTA,1404.1,LC,41,42,-1
200803300MIN,RS,UTA,1428.4,LC,43,42,1
200803300MIN,RS,UTA,1438.2,T,43,43,0
200803300MIN,RS,UTA,1438.2,LC,43,44,-1
200803300MIN,RS,UTA,1461.0,T,44,44,0
200803300MIN,RS,UTA,1472.0,,44,45,-1
200803300MIN,RS,UTA,1472.0,,44,46,-2
200803300MIN,RS,UTA,1490.0,T,46,46,0
200803300MIN,RS,UTA,1506.0,,46,48,-2
200803300MIN,RS,UTA,1530.0,,47,48,-1
200803300MIN,RS,UTA,1542.0,,47,50,-3
200803300MIN,RS,UTA,1566.0,,47,52,-5
200803300MIN,RS,UTA,1585.0,,49,52,-3
200803300MIN,RS,UTA,1596.0,,49,54,-5
200803300MIN,RS,UTA,1607.0,,51,54,-3
200803300MIN,RS,UTA,1617.0,,51,55,-4
200803300MIN,RS,UTA,1639.0,,53,55,-2
200803300MIN,RS,UTA,1663.0,,53,57,-4
200803300MIN,RS,UTA,1686.0,,53,59,-6
200803300MIN,RS,UTA,1726.0,,55,59,-4
200803300MIN,RS,UTA,1761.0,,57,59,-2
200803300MIN,RS,UTA,1789.0,T,59,59,0
200803300MIN,RS,UTA,1835.0,LC,61,59,2
200803300MIN,RS,UTA,1851.0,T,61,61,0
200803300MIN,RS,UTA,1871.0,LC,61,62,-1
200803300MIN,RS,UTA,1873.0,,61,64,-3
200803300MIN,RS,UTA,1891.0,,63,64,-1
200803300MIN,RS,UTA,1907.0,,63,65,-2
200803300MIN,RS,UTA,1907.0,,63,66,-3
200803300MIN,RS,UTA,1921.0,,65,66,-1
200803300MIN,RS,UTA,1966.0,LC,67,66,1
200803300MIN,RS,UTA,1980.0,LC,67,68,-1
200803300MIN,RS,UTA,2015.0,,67,70,-3
200803300MIN,RS,UTA,2030.0,,69,70,-1
200803300MIN,RS,UTA,2050.0,,69,72,-3
200803300MIN,RS,UTA,2073.0,,71,72,-1
200803300MIN,RS,UTA,2092.0,,71,74,-3
200803300MIN,RS,UTA,2122.9,,72,74,-2
200803300MIN,RS,UTA,2130.4,,73,74,-1
200803300MIN,RS,UTA,2130.4,T,74,74,0
200803300MIN,RS,UTA,2159.0,LC,76,74,2
200803300MIN,RS,UTA,2173.0,T,76,76,0
200803300MIN,RS,UTA,2198.0,,78,76,2
200803300MIN,RS,UTA,2221.0,,78,77,1
200803300MIN,RS,UTA,2221.0,T,78,78,0
200803300MIN,RS,UTA,2234.0,,80,78,2
200803300MIN,RS,UTA,2259.0,,81,78,3
200803300MIN,RS,UTA,2259.0,,82,78,4
200803300MIN,RS,UTA,2286.0,,84,78,6
200803300MIN,RS,UTA,2286.0,,85,78,7
200803300MIN,RS,UTA,2306.0,,85,80,5
200803300MIN,RS,UTA,2335.0,,87,80,7
200803300MIN,RS,UTA,2367.0,,89,80,9
200803300MIN,RS,UTA,2383.0,,89,82,7
200803300MIN,RS,UTA,2419.0,,89,84,5
200803300MIN,RS,UTA,2435.0,,90,84,6
200803300MIN,RS,UTA,2495.0,,90,86,4
200803300MIN,RS,UTA,2518.0,,91,86,5
200803300MIN,RS,UTA,2535.0,,91,88,3
200803300MIN,RS,UTA,2554.0,,93,88,5
200803300MIN,RS,UTA,2576.0,,93,90,3
200803300MIN,RS,UTA,2597.0,,95,90,5
200803300MIN,RS,UTA,2616.0,,95,92,3
200803300MIN,RS,UTA,2665.0,,97,92,5
200803300MIN,RS,UTA,2708.0,,98,92,6
200803300MIN,RS,UTA,2720.0,,98,94,4
200803300MIN,RS,UTA,2740.0,,101,94,7
200803300MIN,RS,UTA,2762.0,,101,96,5
200803300MIN,RS,UTA,2795.0,,101,98,3
200803300MIN,RS,UTA,2835.8,,103,98,5
200803300MIN,RS,UTA,2835.8,,104,98,6
200803300MIN,RS,UTA,2841.3,,104,100,4
200803300MIN,RS,UTA,2863.9,,106,100,6
200803300MIN,RS,UTA,2868.5,,107,100,7
200803300MIN,RS,UTA,2868.5,,108,100,8
200803300MIN,RS,UTA,2877.3,,108,102,6
200803300MIN,RS,UTA,2877.3,,108,103,5
200803300MIN,RS,UTA,2878.5,F,110,103,7
200803300MIN,RS,UTA,2880.0,,110,103,7
200804010MIN,RS,DET,0.0,,0,0,0
200804010MIN,RS,DET,36.0,,2,0,2
200804010MIN,RS,DET,70.0,,4,0,4
200804010MIN,RS,DET,142.0,,6,0,6
200804010MIN,RS,DET,142.0,,7,0,7
200804010MIN,RS,DET,164.0,,7,3,4
200804010MIN,RS,DET,191.0,,9,3,6
200804010MIN,RS,DET,217.0,,9,5,4
200804010MIN,RS,DET,237.0,,11,5,6
200804010MIN,RS,DET,261.0,,11,6,5
200804010MIN,RS,DET,279.0,,13,6,7
200804010MIN,RS,DET,308.0,,15,6,9
200804010MIN,RS,DET,330.0,,15,9,6
200804010MIN,RS,DET,373.0,,17,9,8
200804010MIN,RS,DET,389.0,,17,11,6
200804010MIN,RS,DET,415.0,,19,11,8
200804010MIN,RS,DET,448.0,,20,11,9
200804010MIN,RS,DET,486.0,,20,13,7
200804010MIN,RS,DET,515.0,,22,13,9
200804010MIN,RS,DET,548.0,,24,13,11
200804010MIN,RS,DET,574.0,,25,13,12
200804010MIN,RS,DET,574.0,,26,13,13
200804010MIN,RS,DET,626.0,,26,14,12
200804010MIN,RS,DET,626.0,,26,15,11
200804010MIN,RS,DET,651.0,,28,15,13
200804010MIN,RS,DET,667.3,,28,16,12
200804010MIN,RS,DET,679.1,,30,16,14
200804010MIN,RS,DET,690.2,,30,18,12
200804010MIN,RS,DET,737.0,,30,20,10
200804010MIN,RS,DET,754.0,,33,20,13
200804010MIN,RS,DET,845.0,,34,20,14
200804010MIN,RS,DET,845.0,,35,20,15
200804010MIN,RS,DET,879.0,,37,20,17
200804010MIN,RS,DET,911.0,,39,20,19
200804010MIN,RS,DET,960.0,,41,20,21
200804010MIN,RS,DET,985.0,,41,22,19
200804010MIN,RS,DET,1030.0,,43,22,21
200804010MIN,RS,DET,1054.0,,43,25,18
200804010MIN,RS,DET,1064.0,,44,25,19
200804010MIN,RS,DET,1064.0,,45,25,20
200804010MIN,RS,DET,1085.0,,45,28,17
200804010MIN,RS,DET,1102.0,,47,28,19
200804010MIN,RS,DET,1145.0,,47,30,17
200804010MIN,RS,DET,1168.0,,48,30,18
200804010MIN,RS,DET,1168.0,,49,30,19
200804010MIN,RS,DET,1250.0,,49,31,18
200804010MIN,RS,DET,1250.0,,49,32,17
200804010MIN,RS,DET,1281.0,,49,34,15
200804010MIN,RS,DET,1321.0,,49,36,13
200804010MIN,RS,DET,1347.0,,49,38,11
200804010MIN,RS,DET,1371.0,,49,39,10
200804010MIN,RS,DET,1371.0,,49,40,9
200804010MIN,RS,DET,1398.7,,49,42,7
200804010MIN,RS,DET,1435.1,,49,43,6
200804010MIN,RS,DET,1435.1,,49,44,5
200804010MIN,RS,DET,1457.0,,51,44,7
200804010MIN,RS,DET,1457.0,,52,44,8
200804010MIN,RS,DET,1487.0,,54,44,10
200804010MIN,RS,DET,1487.0,,55,44,11
200804010MIN,RS,DET,1504.0,,55,46,9
200804010MIN,RS,DET,1504.0,,55,47,8
200804010MIN,RS,DET,1514.0,,57,47,10
200804010MIN,RS,DET,1536.0,,57,49,8
200804010MIN,RS,DET,1569.0,,57,51,6
200804010MIN,RS,DET,1585.0,,59,51,8
200804010MIN,RS,DET,1670.0,,59,53,6
200804010MIN,RS,DET,1707.0,,59,55,4
200804010MIN,RS,DET,1724.0,,60,55,5
200804010MIN,RS,DET,1724.0,,61,55,6
200804010MIN,RS,DET,1775.0,,61,57,4
200804010MIN,RS,DET,1822.0,,61,58,3
200804010MIN,RS,DET,1881.0,,63,58,5
200804010MIN,RS,DET,1954.0,,65,58,7
200804010MIN,RS,DET,1987.0,,68,58,10
200804010MIN,RS,DET,2014.0,,68,60,8
200804010MIN,RS,DET,2035.0,,69,60,9
200804010MIN,RS,DET,2035.0,,70,60,10
200804010MIN,RS,DET,2047.0,,70,62,8
200804010MIN,RS,DET,2047.0,,70,63,7
200804010MIN,RS,DET,2108.0,,71,63,8
200804010MIN,RS,DET,2108.0,,72,63,9
200804010MIN,RS,DET,2122.6,,72,65,7
200804010MIN,RS,DET,2178.0,,72,67,5
200804010MIN,RS,DET,2213.0,,72,69,3
200804010MIN,RS,DET,2281.0,,72,71,1
200804010MIN,RS,DET,2281.0,T,72,72,0
200804010MIN,RS,DET,2303.0,,75,72,3
200804010MIN,RS,DET,2350.0,,77,72,5
200804010MIN,RS,DET,2350.0,,78,72,6
200804010MIN,RS,DET,2364.0,,78,74,4
200804010MIN,RS,DET,2416.0,,78,76,2
200804010MIN,RS,DET,2470.0,,78,77,1
200804010MIN,RS,DET,2486.0,,80,77,3
200804010MIN,RS,DET,2534.0,,80,79,1
200804010MIN,RS,DET,2534.0,T,80,80,0
200804010MIN,RS,DET,2551.0,,82,80,2
200804010MIN,RS,DET,2551.0,,83,80,3
200804010MIN,RS,DET,2611.0,,83,81,2
200804010MIN,RS,DET,2611.0,,83,82,1
200804010MIN,RS,DET,2630.0,T,83,83,0
200804010MIN,RS,DET,2630.0,LC,83,84,-1
200804010MIN,RS,DET,2663.0,,83,86,-3
200804010MIN,RS,DET,2689.0,,84,86,-2
200804010MIN,RS,DET,2689.0,,85,86,-1
200804010MIN,RS,DET,2727.0,LC,88,86,2
200804010MIN,RS,DET,2756.0,,88,87,1
200804010MIN,RS,DET,2756.0,T,88,88,0
200804010MIN,RS,DET,2834.7,LC,88,90,-2
200804010MIN,RS,DET,2845.0,,88,91,-3
200804010MIN,RS,DET,2848.4,,90,91,-1
200804010MIN,RS,DET,2864.4,,90,92,-2
200804010MIN,RS,DET,2869.9,,90,93,-3
200804010MIN,RS,DET,2869.9,F,90,94,-4
200804010MIN,RS,DET,2880.0,,90,94,-4
200804020UTA,RS,UTA,0.0,,0,0,0
200804020UTA,RS,UTA,23.0,,2,0,2
200804020UTA,RS,UTA,45.0,T,2,2,0
200804020UTA,RS,UTA,97.0,,4,2,2
200804020UTA,RS,UTA,110.0,T,4,4,0
200804020UTA,RS,UTA,142.0,,6,4,2
200804020UTA,RS,UTA,142.0,,7,4,3
200804020UTA,RS,UTA,155.0,,7,6,1
200804020UTA,RS,UTA,173.0,,9,6,3
200804020UTA,RS,UTA,200.0,,9,8,1
200804020UTA,RS,UTA,209.0,,10,8,2
200804020UTA,RS,UTA,209.0,,11,8,3
200804020UTA,RS,UTA,223.0,,11,10,1
200804020UTA,RS,UTA,275.0,LC,11,12,-1
200804020UTA,RS,UTA,307.0,,11,14,-3
200804020UTA,RS,UTA,327.0,T,14,14,0
200804020UTA,RS,UTA,367.0,,14,16,-2
200804020UTA,RS,UTA,401.0,T,16,16,0
200804020UTA,RS,UTA,415.0,,16,17,-1
200804020UTA,RS,UTA,415.0,,16,18,-2
200804020UTA,RS,UTA,453.0,T,18,18,0
200804020UTA,RS,UTA,471.0,,18,21,-3
200804020UTA,RS,UTA,496.0,,20,21,-1
200804020UTA,RS,UTA,518.0,,20,23,-3
200804020UTA,RS,UTA,544.0,,22,23,-1
200804020UTA,RS,UTA,603.0,LC,24,23,1
200804020UTA,RS,UTA,625.0,LC,24,25,-1
200804020UTA,RS,UTA,640.0,LC,27,25,2
200804020UTA,RS,UTA,665.4,T,27,27,0
200804020UTA,RS,UTA,689.1,LC,27,29,-2
200804020UTA,RS,UTA,774.0,,28,29,-1
200804020UTA,RS,UTA,774.0,T,29,29,0
200804020UTA,RS,UTA,802.0,LC,31,29,2
200804020UTA,RS,UTA,827.0,LC,31,32,-1
200804020UTA,RS,UTA,844.0,LC,34,32,2
200804020UTA,RS,UTA,869.0,T,34,34,0
200804020UTA,RS,UTA,906.0,LC,34,36,-2
200804020UTA,RS,UTA,932.0,,34,39,-5
200804020UTA,RS,UTA,951.0,,37,39,-2
200804020UTA,RS,UTA,1018.0,T,39,39,0
200804020UTA,RS,UTA,1037.0,,39,42,-3
200804020UTA,RS,UTA,1086.0,,41,42,-1
200804020UTA,RS,UTA,1099.0,,41,43,-2
200804020UTA,RS,UTA,1099.0,,41,44,-3
200804020UTA,RS,UTA,1148.0,,42,44,-2
200804020UTA,RS,UTA,1148.0,,43,44,-1
200804020UTA,RS,UTA,1204.0,,43,47,-4
200804020UTA,RS,UTA,1229.0,,46,47,-1
200804020UTA,RS,UTA,1248.0,,46,49,-3
200804020UTA,RS,UTA,1334.0,,46,51,-5
200804020UTA,RS,UTA,1359.0,,48,51,-3
200804020UTA,RS,UTA,1403.7,,50,51,-1
200804020UTA,RS,UTA,1429.6,,50,52,-2
200804020UTA,RS,UTA,1429.6,,50,53,-3
200804020UTA,RS,UTA,1454.0,,50,55,-5
200804020UTA,RS,UTA,1475.0,,52,55,-3
200804020UTA,RS,UTA,1511.0,,52,57,-5
200804020UTA,RS,UTA,1532.0,,54,57,-3
200804020UTA,RS,UTA,1550.0,,54,59,-5
200804020UTA,RS,UTA,1562.0,,56,59,-3
200804020UTA,RS,UTA,1576.0,,56,62,-6
200804020UTA,RS,UTA,1604.0,,56,65,-9
200804020UTA,RS,UTA,1643.0,,56,67,-11
200804020UTA,RS,UTA,1696.0,,59,67,-8
200804020UTA,RS,UTA,1718.0,,59,70,-11
200804020UTA,RS,UTA,1742.0,,61,70,-9
200804020UTA,RS,UTA,1753.0,,61,73,-12
200804020UTA,RS,UTA,1807.0,,61,75,-14
200804020UTA,RS,UTA,1843.0,,61,77,-16
200804020UTA,RS,UTA,1883.0,,61,79,-18
200804020UTA,RS,UTA,1898.0,,63,79,-16
200804020UTA,RS,UTA,1911.0,,63,82,-19
200804020UTA,RS,UTA,1927.0,,65,82,-17
200804020UTA,RS,UTA,2007.0,,65,84,-19
200804020UTA,RS,UTA,2007.0,,65,85,-20
200804020UTA,RS,UTA,2021.0,,67,85,-18
200804020UTA,RS,UTA,2041.0,,67,87,-20
200804020UTA,RS,UTA,2041.0,,67,88,-21
200804020UTA,RS,UTA,2064.0,,68,88,-20
200804020UTA,RS,UTA,2064.0,,69,88,-19
200804020UTA,RS,UTA,2087.0,,70,88,-18
200804020UTA,RS,UTA,2087.0,,71,88,-17
200804020UTA,RS,UTA,2110.5,,71,91,-20
200804020UTA,RS,UTA,2155.9,,72,91,-19
200804020UTA,RS,UTA,2188.0,,72,93,-21
200804020UTA,RS,UTA,2188.0,,72,94,-22
200804020UTA,RS,UTA,2210.0,,72,96,-24
200804020UTA,RS,UTA,2236.0,,74,96,-22
200804020UTA,RS,UTA,2284.0,,77,96,-19
200804020UTA,RS,UTA,2372.0,,77,98,-21
200804020UTA,RS,UTA,2402.0,,78,98,-20
200804020UTA,RS,UTA,2431.0,,78,99,-21
200804020UTA,RS,UTA,2431.0,,78,100,-22
200804020UTA,RS,UTA,2453.0,,80,100,-20
200804020UTA,RS,UTA,2481.0,,80,101,-21
200804020UTA,RS,UTA,2481.0,,80,102,-22
200804020UTA,RS,UTA,2506.0,,81,102,-21
200804020UTA,RS,UTA,2542.0,,81,104,-23
200804020UTA,RS,UTA,2567.0,,81,105,-24
200804020UTA,RS,UTA,2581.0,,83,105,-22
200804020UTA,RS,UTA,2581.0,,84,105,-21
200804020UTA,RS,UTA,2594.0,,84,108,-24
200804020UTA,RS,UTA,2614.0,,85,108,-23
200804020UTA,RS,UTA,2614.0,,86,108,-22
200804020UTA,RS,UTA,2625.0,,87,108,-21
200804020UTA,RS,UTA,2625.0,,88,108,-20
200804020UTA,RS,UTA,2652.0,,88,109,-21
200804020UTA,RS,UTA,2652.0,,88,110,-22
200804020UTA,RS,UTA,2672.0,,89,110,-21
200804020UTA,RS,UTA,2678.0,,90,110,-20
200804020UTA,RS,UTA,2678.0,,91,110,-19
200804020UTA,RS,UTA,2685.0,,91,112,-21
200804020UTA,RS,UTA,2739.0,,93,112,-19
200804020UTA,RS,UTA,2739.0,,94,112,-18
200804020UTA,RS,UTA,2744.0,,94,113,-19
200804020UTA,RS,UTA,2811.0,,94,115,-21
200804020UTA,RS,UTA,2828.1,,96,115,-19
200804020UTA,RS,UTA,2848.7,,96,117,-21
200804020UTA,RS,UTA,2864.4,,98,117,-19
200804020UTA,RS,UTA,2871.1,F,100,117,-17
200804020UTA,RS,UTA,2880.0,,100,117,-17
200804040PHO,RS,PHO,0.0,,0,0,0
200804040PHO,RS,PHO,15.0,,0,2,-2
200804040PHO,RS,PHO,65.0,,0,3,-3
200804040PHO,RS,PHO,72.0,,0,5,-5
200804040PHO,RS,PHO,98.0,,0,7,-7
200804040PHO,RS,PHO,115.0,,1,7,-6
200804040PHO,RS,PHO,141.0,,3,7,-4
200804040PHO,RS,PHO,156.0,,3,8,-5
200804040PHO,RS,PHO,190.0,,3,10,-7
200804040PHO,RS,PHO,211.0,,5,10,-5
200804040PHO,RS,PHO,218.0,,5,12,-7
200804040PHO,RS,PHO,229.0,,7,12,-5
200804040PHO,RS,PHO,258.0,,10,12,-2
200804040PHO,RS,PHO,265.0,,10,14,-4
200804040PHO,RS,PHO,301.0,,10,17,-7
200804040PHO,RS,PHO,339.0,,10,19,-9
200804040PHO,RS,PHO,352.0,,12,19,-7
200804040PHO,RS,PHO,366.0,,12,22,-10
200804040PHO,RS,PHO,398.0,,12,24,-12
200804040PHO,RS,PHO,449.0,,12,27,-15
200804040PHO,RS,PHO,506.0,,12,29,-17
200804040PHO,RS,PHO,532.0,,12,31,-19
200804040PHO,RS,PHO,590.0,,12,32,-20
200804040PHO,RS,PHO,590.0,,12,33,-21
200804040PHO,RS,PHO,649.0,,13,33,-20
200804040PHO,RS,PHO,660.0,,13,34,-21
200804040PHO,RS,PHO,680.7,,13,35,-22
200804040PHO,RS,PHO,680.7,,13,36,-23
200804040PHO,RS,PHO,696.6,,15,36,-21
200804040PHO,RS,PHO,734.0,,17,36,-19
200804040PHO,RS,PHO,749.0,,17,38,-21
200804040PHO,RS,PHO,760.0,,19,38,-19
200804040PHO,RS,PHO,796.0,,21,38,-17
200804040PHO,RS,PHO,815.0,,21,40,-19
200804040PHO,RS,PHO,844.0,,21,42,-21
200804040PHO,RS,PHO,855.0,,23,42,-19
200804040PHO,RS,PHO,861.0,,23,43,-20
200804040PHO,RS,PHO,871.0,,25,43,-18
200804040PHO,RS,PHO,893.0,,25,45,-20
200804040PHO,RS,PHO,925.0,,27,45,-18
200804040PHO,RS,PHO,1020.0,,28,45,-17
200804040PHO,RS,PHO,1035.0,,28,48,-20
200804040PHO,RS,PHO,1047.0,,30,48,-18
200804040PHO,RS,PHO,1107.0,,32,48,-16
200804040PHO,RS,PHO,1125.0,,32,50,-18
200804040PHO,RS,PHO,1146.0,,34,50,-16
200804040PHO,RS,PHO,1166.0,,36,50,-14
200804040PHO,RS,PHO,1182.0,,36,52,-16
200804040PHO,RS,PHO,1227.0,,36,54,-18
200804040PHO,RS,PHO,1256.0,,36,56,-20
200804040PHO,RS,PHO,1266.0,,39,56,-17
200804040PHO,RS,PHO,1324.0,,39,58,-19
200804040PHO,RS,PHO,1339.0,,41,58,-17
200804040PHO,RS,PHO,1350.0,,41,59,-18
200804040PHO,RS,PHO,1397.4,,41,60,-19
200804040PHO,RS,PHO,1397.4,,41,61,-20
200804040PHO,RS,PHO,1430.2,,41,62,-21
200804040PHO,RS,PHO,1452.0,,43,62,-19
200804040PHO,RS,PHO,1494.0,,45,62,-17
200804040PHO,RS,PHO,1520.0,,47,62,-15
200804040PHO,RS,PHO,1583.0,,49,62,-13
200804040PHO,RS,PHO,1666.0,,49,64,-15
200804040PHO,RS,PHO,1726.0,,49,65,-16
200804040PHO,RS,PHO,1726.0,,49,66,-17
200804040PHO,RS,PHO,1742.0,,51,66,-15
200804040PHO,RS,PHO,1752.0,,51,68,-17
200804040PHO,RS,PHO,1787.0,,51,70,-19
200804040PHO,RS,PHO,1787.0,,51,71,-20
200804040PHO,RS,PHO,1801.0,,52,71,-19
200804040PHO,RS,PHO,1816.0,,52,73,-21
200804040PHO,RS,PHO,1853.0,,54,73,-19
200804040PHO,RS,PHO,1879.0,,54,75,-21
200804040PHO,RS,PHO,1879.0,,54,76,-22
200804040PHO,RS,PHO,1892.0,,56,76,-20
200804040PHO,RS,PHO,1919.0,,58,76,-18
200804040PHO,RS,PHO,1933.0,,58,78,-20
200804040PHO,RS,PHO,1961.0,,60,78,-18
200804040PHO,RS,PHO,1985.0,,60,81,-21
200804040PHO,RS,PHO,2016.0,,62,81,-19
200804040PHO,RS,PHO,2028.0,,62,84,-22
200804040PHO,RS,PHO,2072.0,,62,86,-24
200804040PHO,RS,PHO,2122.7,,64,86,-22
200804040PHO,RS,PHO,2182.0,,64,89,-25
200804040PHO,RS,PHO,2219.0,,64,91,-27
200804040PHO,RS,PHO,2257.0,,64,92,-28
200804040PHO,RS,PHO,2281.0,,66,92,-26
200804040PHO,RS,PHO,2333.0,,66,93,-27
200804040PHO,RS,PHO,2333.0,,66,94,-28
200804040PHO,RS,PHO,2369.0,,68,94,-26
200804040PHO,RS,PHO,2384.0,,68,97,-29
200804040PHO,RS,PHO,2412.0,,71,97,-26
200804040PHO,RS,PHO,2428.0,,71,99,-28
200804040PHO,RS,PHO,2454.0,,73,99,-26
200804040PHO,RS,PHO,2492.0,,73,100,-27
200804040PHO,RS,PHO,2492.0,,73,101,-28
200804040PHO,RS,PHO,2521.0,,73,104,-31
200804040PHO,RS,PHO,2528.0,,75,104,-29
200804040PHO,RS,PHO,2528.0,,76,104,-28
200804040PHO,RS,PHO,2545.0,,76,106,-30
200804040PHO,RS,PHO,2571.0,,76,108,-32
200804040PHO,RS,PHO,2620.0,,78,108,-30
200804040PHO,RS,PHO,2635.0,,78,110,-32
200804040PHO,RS,PHO,2652.0,,80,110,-30
200804040PHO,RS,PHO,2730.0,,82,110,-28
200804040PHO,RS,PHO,2774.0,,82,112,-30
200804040PHO,RS,PHO,2789.0,,83,112,-29
200804040PHO,RS,PHO,2789.0,,84,112,-28
200804040PHO,RS,PHO,2807.0,,84,114,-30
200804040PHO,RS,PHO,2822.4,,84,115,-31
200804040PHO,RS,PHO,2836.9,,86,115,-29
200804040PHO,RS,PHO,2845.6,,86,117,-31
200804040PHO,RS,PHO,2866.4,F,88,117,-29
200804040PHO,RS,PHO,2880.0,,88,117,-29
200804060MIN,RS,MEM,0.0,,0,0,0
200804060MIN,RS,MEM,108.0,,0,2,-2
200804060MIN,RS,MEM,143.0,,0,4,-4
200804060MIN,RS,MEM,167.0,,1,4,-3
200804060MIN,RS,MEM,167.0,,2,4,-2
200804060MIN,RS,MEM,186.0,,2,6,-4
200804060MIN,RS,MEM,199.0,,4,6,-2
200804060MIN,RS,MEM,203.0,,4,7,-3
200804060MIN,RS,MEM,216.0,,6,7,-1
200804060MIN,RS,MEM,227.0,,6,9,-3
200804060MIN,RS,MEM,252.0,,6,10,-4
200804060MIN,RS,MEM,252.0,,6,11,-5
200804060MIN,RS,MEM,281.0,,6,12,-6
200804060MIN,RS,MEM,281.0,,6,13,-7
200804060MIN,RS,MEM,304.0,,6,15,-9
200804060MIN,RS,MEM,317.0,,8,15,-7
200804060MIN,RS,MEM,336.0,,8,17,-9
200804060MIN,RS,MEM,429.0,,8,19,-11
200804060MIN,RS,MEM,460.0,,8,21,-13
200804060MIN,RS,MEM,494.0,,10,21,-11
200804060MIN,RS,MEM,516.0,,12,21,-9
200804060MIN,RS,MEM,553.0,,12,23,-11
200804060MIN,RS,MEM,569.0,,14,23,-9
200804060MIN,RS,MEM,591.0,,14,25,-11
200804060MIN,RS,MEM,607.0,,16,25,-9
200804060MIN,RS,MEM,659.0,,16,26,-10
200804060MIN,RS,MEM,659.0,,16,27,-11
200804060MIN,RS,MEM,692.9,,19,27,-8
200804060MIN,RS,MEM,752.0,,21,27,-6
200804060MIN,RS,MEM,774.0,,23,27,-4
200804060MIN,RS,MEM,786.0,,23,28,-5
200804060MIN,RS,MEM,786.0,,23,29,-6
200804060MIN,RS,MEM,800.0,,25,29,-4
200804060MIN,RS,MEM,834.0,,27,29,-2
200804060MIN,RS,MEM,850.0,,27,31,-4
200804060MIN,RS,MEM,947.0,,29,31,-2
200804060MIN,RS,MEM,964.0,,29,33,-4
200804060MIN,RS,MEM,964.0,,29,34,-5
200804060MIN,RS,MEM,977.0,,31,34,-3
200804060MIN,RS,MEM,986.0,,31,37,-6
200804060MIN,RS,MEM,1002.0,,34,37,-3
200804060MIN,RS,MEM,1024.0,,36,37,-1
200804060MIN,RS,MEM,1074.0,LC,38,37,1
200804060MIN,RS,MEM,1083.0,LC,38,39,-1
200804060MIN,RS,MEM,1114.0,,38,42,-4
200804060MIN,RS,MEM,1125.0,,40,42,-2
200804060MIN,RS,MEM,1141.0,,40,43,-3
200804060MIN,RS,MEM,1158.0,,42,43,-1
200804060MIN,RS,MEM,1172.0,LC,44,43,1
200804060MIN,RS,MEM,1172.0,,45,43,2
200804060MIN,RS,MEM,1192.0,,47,43,4
200804060MIN,RS,MEM,1244.0,,47,44,3
200804060MIN,RS,MEM,1244.0,,47,45,2
200804060MIN,RS,MEM,1283.0,LC,47,48,-1
200804060MIN,RS,MEM,1303.0,LC,49,48,1
200804060MIN,RS,MEM,1324.0,,51,48,3
200804060MIN,RS,MEM,1357.0,,53,48,5
200804060MIN,RS,MEM,1374.0,,53,51,2
200804060MIN,RS,MEM,1398.1,LC,53,54,-1
200804060MIN,RS,MEM,1416.1,LC,55,54,1
200804060MIN,RS,MEM,1462.0,LC,55,56,-1
200804060MIN,RS,MEM,1482.0,LC,57,56,1
200804060MIN,RS,MEM,1504.0,LC,57,59,-2
200804060MIN,RS,MEM,1586.0,T,59,59,0
200804060MIN,RS,MEM,1604.0,LC,60,59,1
200804060MIN,RS,MEM,1604.0,,61,59,2
200804060MIN,RS,MEM,1611.0,T,61,61,0
200804060MIN,RS,MEM,1625.0,,62,61,1
200804060MIN,RS,MEM,1650.0,LC,62,63,-1
200804060MIN,RS,MEM,1650.0,,62,64,-2
200804060MIN,RS,MEM,1673.0,,62,66,-4
200804060MIN,RS,MEM,1696.0,,64,66,-2
200804060MIN,RS,MEM,1709.0,,64,68,-4
200804060MIN,RS,MEM,1767.0,,64,69,-5
200804060MIN,RS,MEM,1819.0,,64,72,-8
200804060MIN,RS,MEM,1837.0,,66,72,-6
200804060MIN,RS,MEM,1837.0,,67,72,-5
200804060MIN,RS,MEM,1853.0,,69,72,-3
200804060MIN,RS,MEM,1909.0,,70,72,-2
200804060MIN,RS,MEM,1934.0,T,72,72,0
200804060MIN,RS,MEM,1969.0,LC,74,72,2
200804060MIN,RS,MEM,2003.0,,76,72,4
200804060MIN,RS,MEM,2026.0,,76,73,3
200804060MIN,RS,MEM,2026.0,,76,74,2
200804060MIN,RS,MEM,2039.0,,77,74,3
200804060MIN,RS,MEM,2053.0,,77,75,2
200804060MIN,RS,MEM,2053.0,,77,76,1
200804060MIN,RS,MEM,2073.0,,79,76,3
200804060MIN,RS,MEM,2096.0,,79,77,2
200804060MIN,RS,MEM,2096.0,,79,78,1
200804060MIN,RS,MEM,2106.0,,81,78,3
200804060MIN,RS,MEM,2115.1,,81,79,2
200804060MIN,RS,MEM,2138.8,,81,80,1
200804060MIN,RS,MEM,2138.8,T,81,81,0
200804060MIN,RS,MEM,2190.0,LC,81,82,-1
200804060MIN,RS,MEM,2190.0,,81,83,-2
200804060MIN,RS,MEM,2204.0,T,83,83,0
200804060MIN,RS,MEM,2223.0,LC,84,83,1
200804060MIN,RS,MEM,2305.0,,86,83,3
200804060MIN,RS,MEM,2322.0,,88,83,5
200804060MIN,RS,MEM,2336.0,,88,85,3
200804060MIN,RS,MEM,2363.0,T,88,88,0
200804060MIN,RS,MEM,2378.0,,90,88,2
200804060MIN,RS,MEM,2408.0,,93,88,5
200804060MIN,RS,MEM,2441.0,,93,90,3
200804060MIN,RS,MEM,2481.0,,93,92,1
200804060MIN,RS,MEM,2531.0,,95,92,3
200804060MIN,RS,MEM,2544.0,,95,94,1
200804060MIN,RS,MEM,2544.0,T,95,95,0
200804060MIN,RS,MEM,2581.0,LC,95,97,-2
200804060MIN,RS,MEM,2581.0,,95,98,-3
200804060MIN,RS,MEM,2599.0,,97,98,-1
200804060MIN,RS,MEM,2623.0,,97,100,-3
200804060MIN,RS,MEM,2647.0,,97,102,-5
200804060MIN,RS,MEM,2671.0,,98,102,-4
200804060MIN,RS,MEM,2671.0,,99,102,-3
200804060MIN,RS,MEM,2691.0,,99,104,-5
200804060MIN,RS,MEM,2719.0,,99,106,-7
200804060MIN,RS,MEM,2736.0,,101,106,-5
200804060MIN,RS,MEM,2754.0,,101,108,-7
200804060MIN,RS,MEM,2814.0,,101,110,-9
200804060MIN,RS,MEM,2844.5,F,101,113,-12
200804060MIN,RS,MEM,2880.0,,101,113,-12
200804080CHA,RS,CHA,0.0,,0,0,0
200804080CHA,RS,CHA,42.0,,0,2,-2
200804080CHA,RS,CHA,63.0,T,2,2,0
200804080CHA,RS,CHA,85.0,,2,4,-2
200804080CHA,RS,CHA,108.0,,2,6,-4
200804080CHA,RS,CHA,142.0,,2,8,-6
200804080CHA,RS,CHA,173.0,,4,8,-4
200804080CHA,RS,CHA,193.0,,4,10,-6
200804080CHA,RS,CHA,209.0,,6,10,-4
200804080CHA,RS,CHA,240.0,,8,10,-2
200804080CHA,RS,CHA,258.0,,8,12,-4
200804080CHA,RS,CHA,280.0,,8,14,-6
200804080CHA,RS,CHA,309.0,,8,16,-8
200804080CHA,RS,CHA,330.0,,10,16,-6
200804080CHA,RS,CHA,340.0,,10,18,-8
200804080CHA,RS,CHA,340.0,,10,19,-9
200804080CHA,RS,CHA,373.0,,12,19,-7
200804080CHA,RS,CHA,381.0,,12,20,-8
200804080CHA,RS,CHA,381.0,,12,21,-9
200804080CHA,RS,CHA,436.0,,12,23,-11
200804080CHA,RS,CHA,480.0,,12,25,-13
200804080CHA,RS,CHA,514.0,,12,26,-14
200804080CHA,RS,CHA,514.0,,12,27,-15
200804080CHA,RS,CHA,536.0,,12,28,-16
200804080CHA,RS,CHA,557.0,,13,28,-15
200804080CHA,RS,CHA,572.0,,13,29,-16
200804080CHA,RS,CHA,572.0,,13,30,-17
200804080CHA,RS,CHA,628.0,,15,30,-15
200804080CHA,RS,CHA,641.0,,15,32,-17
200804080CHA,RS,CHA,707.1,,17,32,-15
200804080CHA,RS,CHA,730.0,,17,34,-17
200804080CHA,RS,CHA,750.0,,19,34,-15
200804080CHA,RS,CHA,776.0,,20,34,-14
200804080CHA,RS,CHA,802.0,,23,34,-11
200804080CHA,RS,CHA,811.0,,23,37,-14
200804080CHA,RS,CHA,822.0,,26,37,-11
200804080CHA,RS,CHA,850.0,,26,39,-13
200804080CHA,RS,CHA,873.0,,28,39,-11
200804080CHA,RS,CHA,889.0,,28,41,-13
200804080CHA,RS,CHA,928.0,,28,44,-16
200804080CHA,RS,CHA,991.0,,28,46,-18
200804080CHA,RS,CHA,1005.0,,30,46,-16
200804080CHA,RS,CHA,1015.0,,30,48,-18
200804080CHA,RS,CHA,1024.0,,32,48,-16
200804080CHA,RS,CHA,1024.0,,33,48,-15
200804080CHA,RS,CHA,1078.0,,35,48,-13
200804080CHA,RS,CHA,1095.0,,35,50,-15
200804080CHA,RS,CHA,1111.0,,37,50,-13
200804080CHA,RS,CHA,1150.0,,39,50,-11
200804080CHA,RS,CHA,1166.0,,39,52,-13
200804080CHA,RS,CHA,1196.0,,41,52,-11
200804080CHA,RS,CHA,1260.0,,41,54,-13
200804080CHA,RS,CHA,1317.0,,43,54,-11
200804080CHA,RS,CHA,1338.0,,45,54,-9
200804080CHA,RS,CHA,1371.0,,47,54,-7
200804080CHA,RS,CHA,1392.3,,47,57,-10
200804080CHA,RS,CHA,1432.7,,47,59,-12
200804080CHA,RS,CHA,1455.0,,47,61,-14
200804080CHA,RS,CHA,1473.0,,49,61,-12
200804080CHA,RS,CHA,1484.0,,49,64,-15
200804080CHA,RS,CHA,1502.0,,51,64,-13
200804080CHA,RS,CHA,1526.0,,53,64,-11
200804080CHA,RS,CHA,1560.0,,53,66,-13
200804080CHA,RS,CHA,1579.0,,55,66,-11
200804080CHA,RS,CHA,1604.0,,57,66,-9
200804080CHA,RS,CHA,1629.0,,57,69,-12
200804080CHA,RS,CHA,1646.0,,59,69,-10
200804080CHA,RS,CHA,1669.0,,60,69,-9
200804080CHA,RS,CHA,1669.0,,61,69,-8
200804080CHA,RS,CHA,1684.0,,61,71,-10
200804080CHA,RS,CHA,1699.0,,63,71,-8
200804080CHA,RS,CHA,1705.0,,64,71,-7
200804080CHA,RS,CHA,1705.0,,65,71,-6
200804080CHA,RS,CHA,1732.0,,67,71,-4
200804080CHA,RS,CHA,1754.0,,67,74,-7
200804080CHA,RS,CHA,1794.0,,67,75,-8
200804080CHA,RS,CHA,1794.0,,67,76,-9
200804080CHA,RS,CHA,1824.0,,67,77,-10
200804080CHA,RS,CHA,1852.0,,67,78,-11
200804080CHA,RS,CHA,1852.0,,67,79,-12
200804080CHA,RS,CHA,1869.0,,67,80,-13
200804080CHA,RS,CHA,1869.0,,67,81,-14
200804080CHA,RS,CHA,1888.0,,69,81,-12
200804080CHA,RS,CHA,1901.0,,69,83,-14
200804080CHA,RS,CHA,1926.0,,71,83,-12
200804080CHA,RS,CHA,1940.0,,71,85,-14
200804080CHA,RS,CHA,1951.0,,73,85,-12
200804080CHA,RS,CHA,1951.0,,74,85,-11
200804080CHA,RS,CHA,1992.0,,74,86,-12
200804080CHA,RS,CHA,1992.0,,74,87,-13
200804080CHA,RS,CHA,2011.0,,76,87,-11
200804080CHA,RS,CHA,2011.0,,77,87,-10
200804080CHA,RS,CHA,2029.0,,77,89,-12
200804080CHA,RS,CHA,2039.0,,79,89,-10
200804080CHA,RS,CHA,2058.0,,79,91,-12
200804080CHA,RS,CHA,2082.0,,81,91,-10
200804080CHA,RS,CHA,2097.0,,81,94,-13
200804080CHA,RS,CHA,2126.9,,83,94,-11
200804080CHA,RS,CHA,2156.1,,84,94,-10
200804080CHA,RS,CHA,2156.1,,85,94,-9
200804080CHA,RS,CHA,2176.0,,88,94,-6
200804080CHA,RS,CHA,2199.0,,88,97,-9
200804080CHA,RS,CHA,2226.0,,90,97,-7
200804080CHA,RS,CHA,2245.0,,90,99,-9
200804080CHA,RS,CHA,2258.0,,93,99,-6
200804080CHA,RS,CHA,2304.0,,93,100,-7
200804080CHA,RS,CHA,2315.0,,96,100,-4
200804080CHA,RS,CHA,2351.0,,96,101,-5
200804080CHA,RS,CHA,2351.0,,96,102,-6
200804080CHA,RS,CHA,2368.0,,98,102,-4
200804080CHA,RS,CHA,2388.0,,98,104,-6
200804080CHA,RS,CHA,2414.0,,100,104,-4
200804080CHA,RS,CHA,2439.0,,102,104,-2
200804080CHA,RS,CHA,2462.0,,102,106,-4
200804080CHA,RS,CHA,2485.0,,104,106,-2
200804080CHA,RS,CHA,2505.0,,104,107,-3
200804080CHA,RS,CHA,2505.0,,104,108,-4
200804080CHA,RS,CHA,2525.0,,106,108,-2
200804080CHA,RS,CHA,2535.0,,106,109,-3
200804080CHA,RS,CHA,2535.0,,106,110,-4
200804080CHA,RS,CHA,2555.0,,106,111,-5
200804080CHA,RS,CHA,2590.0,,106,113,-7
200804080CHA,RS,CHA,2610.0,,108,113,-5
200804080CHA,RS,CHA,2610.0,,109,113,-4
200804080CHA,RS,CHA,2638.0,,111,113,-2
200804080CHA,RS,CHA,2657.0,,111,116,-5
200804080CHA,RS,CHA,2731.0,,113,116,-3
200804080CHA,RS,CHA,2756.0,,113,118,-5
200804080CHA,RS,CHA,2803.0,,114,118,-4
200804080CHA,RS,CHA,2803.0,,115,118,-3
200804080CHA,RS,CHA,2820.0,,115,120,-5
200804080CHA,RS,CHA,2826.0,,117,120,-3
200804080CHA,RS,CHA,2864.8,,119,120,-1
200804080CHA,RS,CHA,2879.0,F,119,121,-2
200804080CHA,RS,CHA,2880.0,,119,121,-2
200804090MIN,RS,NOH,0.0,,0,0,0
200804090MIN,RS,NOH,23.0,,2,0,2
200804090MIN,RS,NOH,84.0,,2,1,1
200804090MIN,RS,NOH,133.0,,5,1,4
200804090MIN,RS,NOH,151.0,,5,4,1
200804090MIN,RS,NOH,174.0,LC,5,6,-1
200804090MIN,RS,NOH,188.0,LC,7,6,1
200804090MIN,RS,NOH,225.0,LC,7,8,-1
200804090MIN,RS,NOH,243.0,LC,9,8,1
200804090MIN,RS,NOH,270.0,LC,9,10,-1
200804090MIN,RS,NOH,286.0,LC,12,10,2
200804090MIN,RS,NOH,304.0,LC,12,13,-1
200804090MIN,RS,NOH,321.0,LC,14,13,1
200804090MIN,RS,NOH,355.0,,16,13,3
200804090MIN,RS,NOH,397.0,,16,14,2
200804090MIN,RS,NOH,397.0,,16,15,1
200804090MIN,RS,NOH,411.0,,19,15,4
200804090MIN,RS,NOH,430.0,,19,18,1
200804090MIN,RS,NOH,469.0,LC,19,20,-1
200804090MIN,RS,NOH,489.0,LC,21,20,1
200804090MIN,RS,NOH,504.0,LC,21,22,-1
200804090MIN,RS,NOH,520.0,,21,23,-2
200804090MIN,RS,NOH,520.0,,21,24,-3
200804090MIN,RS,NOH,536.0,,23,24,-1
200804090MIN,RS,NOH,547.0,,23,26,-3
200804090MIN,RS,NOH,569.0,,25,26,-1
200804090MIN,RS,NOH,583.0,,25,28,-3
200804090MIN,RS,NOH,666.9,T,28,28,0
200804090MIN,RS,NOH,715.3,LC,30,28,2
200804090MIN,RS,NOH,734.0,T,30,30,0
200804090MIN,RS,NOH,755.0,,33,30,3
200804090MIN,RS,NOH,784.0,T,33,33,0
200804090MIN,RS,NOH,800.0,,35,33,2
200804090MIN,RS,NOH,874.0,T,35,35,0
200804090MIN,RS,NOH,892.0,,38,35,3
200804090MIN,RS,NOH,915.0,,38,37,1
200804090MIN,RS,NOH,986.0,,40,37,3
200804090MIN,RS,NOH,1053.0,,40,39,1
200804090MIN,RS,NOH,1067.0,T,40,40,0
200804090MIN,RS,NOH,1160.0,LC,40,42,-2
200804090MIN,RS,NOH,1224.0,,40,44,-4
200804090MIN,RS,NOH,1262.0,,40,45,-5
200804090MIN,RS,NOH,1315.0,,42,45,-3
200804090MIN,RS,NOH,1361.0,,44,45,-1
200804090MIN,RS,NOH,1403.0,LC,46,45,1
200804090MIN,RS,NOH,1406.9,LC,46,47,-1
200804090MIN,RS,NOH,1406.9,,46,48,-2
200804090MIN,RS,NOH,1458.0,,46,50,-4
200804090MIN,RS,NOH,1477.0,,48,50,-2
200804090MIN,RS,NOH,1492.0,,48,52,-4
200804090MIN,RS,NOH,1522.0,,48,53,-5
200804090MIN,RS,NOH,1522.0,,48,54,-6
200804090MIN,RS,NOH,1566.0,,50,54,-4
200804090MIN,RS,NOH,1588.0,,50,56,-6
200804090MIN,RS,NOH,1606.0,,52,56,-4
200804090MIN,RS,NOH,1617.0,,52,58,-6
200804090MIN,RS,NOH,1662.0,,54,58,-4
200804090MIN,RS,NOH,1672.0,,54,60,-6
200804090MIN,RS,NOH,1672.0,,54,61,-7
200804090MIN,RS,NOH,1685.0,,56,61,-5
200804090MIN,RS,NOH,1704.0,,56,64,-8
200804090MIN,RS,NOH,1730.0,,59,64,-5
200804090MIN,RS,NOH,1746.0,,59,67,-8
200804090MIN,RS,NOH,1770.0,,62,67,-5
200804090MIN,RS,NOH,1802.0,,62,69,-7
200804090MIN,RS,NOH,1836.0,,62,71,-9
200804090MIN,RS,NOH,1888.0,,62,73,-11
200804090MIN,RS,NOH,1916.0,,62,76,-14
200804090MIN,RS,NOH,1934.0,,64,76,-12
200804090MIN,RS,NOH,1954.0,,64,78,-14
200804090MIN,RS,NOH,1982.0,,67,78,-11
200804090MIN,RS,NOH,2015.0,,68,78,-10
200804090MIN,RS,NOH,2015.0,,69,78,-9
200804090MIN,RS,NOH,2033.0,,69,80,-11
200804090MIN,RS,NOH,2048.0,,71,80,-9
200804090MIN,RS,NOH,2052.0,,71,82,-11
200804090MIN,RS,NOH,2079.0,,71,84,-13
200804090MIN,RS,NOH,2095.0,,73,84,-11
200804090MIN,RS,NOH,2109.6,,73,86,-13
200804090MIN,RS,NOH,2159.4,,73,89,-16
200804090MIN,RS,NOH,2182.0,,73,91,-18
200804090MIN,RS,NOH,2201.0,,74,91,-17
200804090MIN,RS,NOH,2201.0,,75,91,-16
200804090MIN,RS,NOH,2225.0,,75,93,-18
200804090MIN,RS,NOH,2304.0,,78,93,-15
200804090MIN,RS,NOH,2411.0,,80,93,-13
200804090MIN,RS,NOH,2441.0,,82,93,-11
200804090MIN,RS,NOH,2458.0,,82,95,-13
200804090MIN,RS,NOH,2492.0,,82,97,-15
200804090MIN,RS,NOH,2531.0,,82,100,-18
200804090MIN,RS,NOH,2553.0,,82,103,-21
200804090MIN,RS,NOH,2578.0,,82,105,-23
200804090MIN,RS,NOH,2611.0,,82,108,-26
200804090MIN,RS,NOH,2624.0,,84,108,-24
200804090MIN,RS,NOH,2637.0,,84,109,-25
200804090MIN,RS,NOH,2637.0,,84,110,-26
200804090MIN,RS,NOH,2659.0,,84,111,-27
200804090MIN,RS,NOH,2683.0,,84,112,-28
200804090MIN,RS,NOH,2708.0,,84,114,-30
200804090MIN,RS,NOH,2736.0,,84,116,-32
200804090MIN,RS,NOH,2760.0,,84,117,-33
200804090MIN,RS,NOH,2760.0,,84,118,-34
200804090MIN,RS,NOH,2776.0,,86,118,-32
200804090MIN,RS,NOH,2803.0,,87,118,-31
200804090MIN,RS,NOH,2803.0,,88,118,-30
200804090MIN,RS,NOH,2816.0,,88,120,-32
200804090MIN,RS,NOH,2850.7,,89,120,-31
200804090MIN,RS,NOH,2850.7,,90,120,-30
200804090MIN,RS,NOH,2864.1,F,90,122,-32
200804090MIN,RS,NOH,2880.0,,90,122,-32
200804110ORL,RS,ORL,0.0,,0,0,0
200804110ORL,RS,ORL,16.0,,0,2,-2
200804110ORL,RS,ORL,35.0,T,2,2,0
200804110ORL,RS,ORL,50.0,,2,4,-2
200804110ORL,RS,ORL,88.0,,2,7,-5
200804110ORL,RS,ORL,124.0,,2,10,-8
200804110ORL,RS,ORL,149.0,,4,10,-6
200804110ORL,RS,ORL,198.0,,5,10,-5
200804110ORL,RS,ORL,198.0,,6,10,-4
200804110ORL,RS,ORL,217.0,,6,12,-6
200804110ORL,RS,ORL,249.0,,6,14,-8
200804110ORL,RS,ORL,275.0,,8,14,-6
200804110ORL,RS,ORL,293.0,,8,17,-9
200804110ORL,RS,ORL,316.0,,10,17,-7
200804110ORL,RS,ORL,336.0,,10,20,-10
200804110ORL,RS,ORL,353.0,,13,20,-7
200804110ORL,RS,ORL,363.0,,13,21,-8
200804110ORL,RS,ORL,375.0,,16,21,-5
200804110ORL,RS,ORL,399.0,,16,23,-7
200804110ORL,RS,ORL,426.0,,18,23,-5
200804110ORL,RS,ORL,460.0,,20,23,-3
200804110ORL,RS,ORL,494.0,,21,23,-2
200804110ORL,RS,ORL,494.0,,22,23,-1
200804110ORL,RS,ORL,513.0,,22,25,-3
200804110ORL,RS,ORL,530.0,T,25,25,0
200804110ORL,RS,ORL,554.0,,25,27,-2
200804110ORL,RS,ORL,608.0,,25,28,-3
200804110ORL,RS,ORL,608.0,,25,29,-4
200804110ORL,RS,ORL,622.0,,27,29,-2
200804110ORL,RS,ORL,655.0,,27,31,-4
200804110ORL,RS,ORL,678.5,,28,31,-3
200804110ORL,RS,ORL,678.5,,29,31,-2
200804110ORL,RS,ORL,689.0,,29,34,-5
200804110ORL,RS,ORL,708.1,,31,34,-3
200804110ORL,RS,ORL,719.5,,31,37,-6
200804110ORL,RS,ORL,732.0,,33,37,-4
200804110ORL,RS,ORL,759.0,,33,39,-6
200804110ORL,RS,ORL,799.0,,33,42,-9
200804110ORL,RS,ORL,823.0,,33,44,-11
200804110ORL,RS,ORL,859.0,,33,45,-12
200804110ORL,RS,ORL,926.0,,36,45,-9
200804110ORL,RS,ORL,937.0,,36,47,-11
200804110ORL,RS,ORL,963.0,,36,49,-13
200804110ORL,RS,ORL,982.0,,38,49,-11
200804110ORL,RS,ORL,1000.0,,38,51,-13
200804110ORL,RS,ORL,1025.0,,39,51,-12
200804110ORL,RS,ORL,1025.0,,40,51,-11
200804110ORL,RS,ORL,1039.0,,40,54,-14
200804110ORL,RS,ORL,1097.0,,42,54,-12
200804110ORL,RS,ORL,1139.0,,44,54,-10
200804110ORL,RS,ORL,1154.0,,44,56,-12
200804110ORL,RS,ORL,1177.0,,46,56,-10
200804110ORL,RS,ORL,1310.0,,48,56,-8
200804110ORL,RS,ORL,1330.0,,48,57,-9
200804110ORL,RS,ORL,1330.0,,48,58,-10
200804110ORL,RS,ORL,1351.0,,50,58,-8
200804110ORL,RS,ORL,1371.0,,50,60,-10
200804110ORL,RS,ORL,1384.6,,52,60,-8
200804110ORL,RS,ORL,1399.6,,54,60,-6
200804110ORL,RS,ORL,1420.0,,54,63,-9
200804110ORL,RS,ORL,1490.0,,56,63,-7
200804110ORL,RS,ORL,1572.0,,56,65,-9
200804110ORL,RS,ORL,1607.0,,56,68,-12
200804110ORL,RS,ORL,1625.0,,56,70,-14
200804110ORL,RS,ORL,1642.0,,58,70,-12
200804110ORL,RS,ORL,1670.0,,60,70,-10
200804110ORL,RS,ORL,1702.0,,60,72,-12
200804110ORL,RS,ORL,1759.0,,61,72,-11
200804110ORL,RS,ORL,1759.0,,62,72,-10
200804110ORL,RS,ORL,1819.0,,63,72,-9
200804110ORL,RS,ORL,1850.0,,65,72,-7
200804110ORL,RS,ORL,1892.0,,65,74,-9
200804110ORL,RS,ORL,1922.0,,68,74,-6
200804110ORL,RS,ORL,1981.0,,69,74,-5
200804110ORL,RS,ORL,1981.0,,70,74,-4
200804110ORL,RS,ORL,2003.0,,70,76,-6
200804110ORL,RS,ORL,2055.0,,72,76,-4
200804110ORL,RS,ORL,2076.0,,72,77,-5
200804110ORL,RS,ORL,2108.3,,72,78,-6
200804110ORL,RS,ORL,2108.3,,72,79,-7
200804110ORL,RS,ORL,2137.3,,72,81,-9
200804110ORL,RS,ORL,2157.9,,74,81,-7
200804110ORL,RS,ORL,2179.0,,74,83,-9
200804110ORL,RS,ORL,2218.0,,76,83,-7
200804110ORL,RS,ORL,2233.0,,76,84,-8
200804110ORL,RS,ORL,2233.0,,76,85,-9
200804110ORL,RS,ORL,2244.0,,78,85,-7
200804110ORL,RS,ORL,2267.0,,78,87,-9
200804110ORL,RS,ORL,2305.0,,81,87,-6
200804110ORL,RS,ORL,2317.0,,81,89,-8
200804110ORL,RS,ORL,2333.0,,84,89,-5
200804110ORL,RS,ORL,2355.0,,84,91,-7
200804110ORL,RS,ORL,2373.0,,86,91,-5
200804110ORL,RS,ORL,2406.0,,88,91,-3
200804110ORL,RS,ORL,2427.0,,88,93,-5
200804110ORL,RS,ORL,2469.0,,88,96,-8
200804110ORL,RS,ORL,2601.0,,90,96,-6
200804110ORL,RS,ORL,2617.0,,90,99,-9
200804110ORL,RS,ORL,2675.0,,92,99,-7
200804110ORL,RS,ORL,2708.0,,95,99,-4
200804110ORL,RS,ORL,2746.0,,96,99,-3
200804110ORL,RS,ORL,2746.0,,97,99,-2
200804110ORL,RS,ORL,2793.0,,97,101,-4
200804110ORL,RS,ORL,2803.0,,100,101,-1
200804110ORL,RS,ORL,2877.1,T,101,101,0
200804110ORL,RS,ORL,2877.1,F,102,101,1
200804110ORL,RS,ORL,2880.0,,102,101,1
200804120MEM,RS,MEM,0.0,,0,0,0
200804120MEM,RS,MEM,35.0,,3,0,3
200804120MEM,RS,MEM,57.0,,3,2,1
200804120MEM,RS,MEM,83.0,LC,3,5,-2
200804120MEM,RS,MEM,97.0,,4,5,-1
200804120MEM,RS,MEM,97.0,T,5,5,0
200804120MEM,RS,MEM,119.0,LC,7,5,2
200804120MEM,RS,MEM,119.0,,8,5,3
200804120MEM,RS,MEM,144.0,,8,7,1
200804120MEM,RS,MEM,144.0,T,8,8,0
200804120MEM,RS,MEM,174.0,,10,8,2
200804120MEM,RS,MEM,189.0,,10,9,1
200804120MEM,RS,MEM,189.0,T,10,10,0
200804120MEM,RS,MEM,232.0,,12,10,2
200804120MEM,RS,MEM,247.0,,14,10,4
200804120MEM,RS,MEM,294.0,,14,12,2
200804120MEM,RS,MEM,317.0,T,14,14,0
200804120MEM,RS,MEM,338.0,,16,14,2
200804120MEM,RS,MEM,366.0,,18,14,4
200804120MEM,RS,MEM,366.0,,19,14,5
200804120MEM,RS,MEM,400.0,,21,14,7
200804120MEM,RS,MEM,408.0,,21,16,5
200804120MEM,RS,MEM,414.0,,22,16,6
200804120MEM,RS,MEM,414.0,,23,16,7
200804120MEM,RS,MEM,433.0,,25,16,9
200804120MEM,RS,MEM,479.0,,27,16,11
200804120MEM,RS,MEM,504.0,,29,16,13
200804120MEM,RS,MEM,517.0,,29,18,11
200804120MEM,RS,MEM,537.0,,32,18,14
200804120MEM,RS,MEM,554.0,,32,20,12
200804120MEM,RS,MEM,579.0,,34,20,14
200804120MEM,RS,MEM,584.0,,34,21,13
200804120MEM,RS,MEM,595.0,,36,21,15
200804120MEM,RS,MEM,607.0,,36,22,14
200804120MEM,RS,MEM,622.0,,38,22,16
200804120MEM,RS,MEM,652.0,,39,22,17
200804120MEM,RS,MEM,674.1,,39,24,15
200804120MEM,RS,MEM,674.1,,39,25,14
200804120MEM,RS,MEM,690.5,,41,25,16
200804120MEM,RS,MEM,718.9,,43,25,18
200804120MEM,RS,MEM,765.0,,43,27,16
200804120MEM,RS,MEM,800.0,,43,28,15
200804120MEM,RS,MEM,820.0,,43,29,14
200804120MEM,RS,MEM,833.0,,45,29,16
200804120MEM,RS,MEM,876.0,,45,31,14
200804120MEM,RS,MEM,926.0,,45,33,12
200804120MEM,RS,MEM,947.0,,47,33,14
200804120MEM,RS,MEM,961.0,,47,36,11
200804120MEM,RS,MEM,981.0,,47,38,9
200804120MEM,RS,MEM,1003.0,,49,38,11
200804120MEM,RS,MEM,1064.0,,49,39,10
200804120MEM,RS,MEM,1081.0,,51,39,12
200804120MEM,RS,MEM,1106.0,,54,39,15
200804120MEM,RS,MEM,1120.0,,54,40,14
200804120MEM,RS,MEM,1147.0,,54,43,11
200804120MEM,RS,MEM,1165.0,,56,43,13
200804120MEM,RS,MEM,1178.0,,56,44,12
200804120MEM,RS,MEM,1210.0,,56,46,10
200804120MEM,RS,MEM,1270.0,,56,48,8
200804120MEM,RS,MEM,1292.0,,58,48,10
200804120MEM,RS,MEM,1309.0,,58,50,8
200804120MEM,RS,MEM,1330.0,,58,52,6
200804120MEM,RS,MEM,1345.0,,60,52,8
200804120MEM,RS,MEM,1364.0,,60,53,7
200804120MEM,RS,MEM,1397.1,,61,53,8
200804120MEM,RS,MEM,1397.1,,62,53,9
200804120MEM,RS,MEM,1409.7,,62,55,7
200804120MEM,RS,MEM,1489.0,,62,56,6
200804120MEM,RS,MEM,1509.0,,64,56,8
200804120MEM,RS,MEM,1522.0,,64,57,7
200804120MEM,RS,MEM,1522.0,,64,58,6
200804120MEM,RS,MEM,1534.0,,66,58,8
200804120MEM,RS,MEM,1549.0,,66,60,6
200804120MEM,RS,MEM,1560.0,,67,60,7
200804120MEM,RS,MEM,1592.0,,69,60,9
200804120MEM,RS,MEM,1612.0,,71,60,11
200804120MEM,RS,MEM,1690.0,,74,60,14
200804120MEM,RS,MEM,1711.0,,76,60,16
200804120MEM,RS,MEM,1728.0,,76,63,13
200804120MEM,RS,MEM,1751.0,,78,63,15
200804120MEM,RS,MEM,1767.0,,80,63,17
200804120MEM,RS,MEM,1807.0,,80,65,15
200804120MEM,RS,MEM,1882.0,,80,68,12
200804120MEM,RS,MEM,1903.0,,80,70,10
200804120MEM,RS,MEM,1951.0,,82,70,12
200804120MEM,RS,MEM,1951.0,,83,70,13
200804120MEM,RS,MEM,1981.0,,85,70,15
200804120MEM,RS,MEM,1988.0,,85,71,14
200804120MEM,RS,MEM,1988.0,,85,72,13
200804120MEM,RS,MEM,2011.0,,87,72,15
200804120MEM,RS,MEM,2049.0,,87,74,13
200804120MEM,RS,MEM,2124.1,,87,76,11
200804120MEM,RS,MEM,2124.1,,87,77,10
200804120MEM,RS,MEM,2132.8,,89,77,12
200804120MEM,RS,MEM,2187.0,,91,77,14
200804120MEM,RS,MEM,2211.0,,93,77,16
200804120MEM,RS,MEM,2216.0,,93,78,15
200804120MEM,RS,MEM,2216.0,,93,79,14
200804120MEM,RS,MEM,2270.0,,96,79,17
200804120MEM,RS,MEM,2284.0,,96,80,16
200804120MEM,RS,MEM,2292.0,,96,82,14
200804120MEM,RS,MEM,2309.0,,98,82,16
200804120MEM,RS,MEM,2319.0,,98,83,15
200804120MEM,RS,MEM,2319.0,,98,84,14
200804120MEM,RS,MEM,2345.0,,98,85,13
200804120MEM,RS,MEM,2345.0,,98,86,12
200804120MEM,RS,MEM,2399.0,,98,88,10
200804120MEM,RS,MEM,2432.0,,98,89,9
200804120MEM,RS,MEM,2446.0,,100,89,11
200804120MEM,RS,MEM,2482.0,,102,89,13
200804120MEM,RS,MEM,2551.0,,102,91,11
200804120MEM,RS,MEM,2578.0,,104,91,13
200804120MEM,RS,MEM,2615.0,,104,93,11
200804120MEM,RS,MEM,2640.0,,106,93,13
200804120MEM,RS,MEM,2662.0,,106,95,11
200804120MEM,RS,MEM,2739.0,,108,95,13
200804120MEM,RS,MEM,2758.0,,108,97,11
200804120MEM,RS,MEM,2775.0,,110,97,13
200804120MEM,RS,MEM,2790.0,,110,100,10
200804120MEM,RS,MEM,2810.0,,112,100,12
200804120MEM,RS,MEM,2839.8,,114,100,14
200804120MEM,RS,MEM,2850.0,,114,102,12
200804120MEM,RS,MEM,2878.4,F,114,105,9
200804120MEM,RS,MEM,2880.0,,114,105,9
200804150DET,RS,DET,0.0,,0,0,0
200804150DET,RS,DET,14.0,,0,2,-2
200804150DET,RS,DET,76.0,,1,2,-1
200804150DET,RS,DET,111.0,,1,4,-3
200804150DET,RS,DET,145.0,,1,6,-5
200804150DET,RS,DET,160.0,,3,6,-3
200804150DET,RS,DET,182.0,,3,8,-5
200804150DET,RS,DET,204.0,,5,8,-3
200804150DET,RS,DET,236.0,,7,8,-1
200804150DET,RS,DET,259.0,,7,9,-2
200804150DET,RS,DET,284.0,,7,10,-3
200804150DET,RS,DET,284.0,,7,11,-4
200804150DET,RS,DET,330.0,,9,11,-2
200804150DET,RS,DET,361.0,T,11,11,0
200804150DET,RS,DET,442.0,,11,13,-2
200804150DET,RS,DET,442.0,,11,14,-3
200804150DET,RS,DET,488.0,,11,16,-5
200804150DET,RS,DET,555.0,,13,16,-3
200804150DET,RS,DET,572.0,,13,18,-5
200804150DET,RS,DET,572.0,,13,19,-6
200804150DET,RS,DET,585.0,,15,19,-4
200804150DET,RS,DET,604.0,,15,21,-6
200804150DET,RS,DET,631.0,,18,21,-3
200804150DET,RS,DET,668.6,,20,21,-1
200804150DET,RS,DET,687.7,,20,24,-4
200804150DET,RS,DET,697.4,,23,24,-1
200804150DET,RS,DET,743.0,LC,25,24,1
200804150DET,RS,DET,920.0,LC,25,27,-2
200804150DET,RS,DET,940.0,T,27,27,0
200804150DET,RS,DET,966.0,,27,30,-3
200804150DET,RS,DET,1000.0,,29,30,-1
200804150DET,RS,DET,1011.0,,29,32,-3
200804150DET,RS,DET,1027.0,,31,32,-1
200804150DET,RS,DET,1043.0,,31,34,-3
200804150DET,RS,DET,1075.0,,31,35,-4
200804150DET,RS,DET,1075.0,,31,36,-5
200804150DET,RS,DET,1090.0,,33,36,-3
200804150DET,RS,DET,1109.0,,33,38,-5
200804150DET,RS,DET,1119.0,,35,38,-3
200804150DET,RS,DET,1119.0,,36,38,-2
200804150DET,RS,DET,1138.0,,36,40,-4
200804150DET,RS,DET,1185.0,,37,40,-3
200804150DET,RS,DET,1185.0,,38,40,-2
200804150DET,RS,DET,1209.0,T,40,40,0
200804150DET,RS,DET,1228.0,,40,42,-2
200804150DET,RS,DET,1248.0,,40,44,-4
200804150DET,RS,DET,1293.0,,42,44,-2
200804150DET,RS,DET,1325.0,,42,46,-4
200804150DET,RS,DET,1358.0,,42,48,-6
200804150DET,RS,DET,1368.0,,43,48,-5
200804150DET,RS,DET,1394.2,,43,50,-7
200804150DET,RS,DET,1436.5,,43,52,-9
200804150DET,RS,DET,1466.0,,43,53,-10
200804150DET,RS,DET,1466.0,,43,54,-11
200804150DET,RS,DET,1490.0,,43,56,-13
200804150DET,RS,DET,1514.0,,45,56,-11
200804150DET,RS,DET,1555.0,,47,56,-9
200804150DET,RS,DET,1578.0,,47,58,-11
200804150DET,RS,DET,1608.0,,47,59,-12
200804150DET,RS,DET,1608.0,,47,60,-13
200804150DET,RS,DET,1630.0,,49,60,-11
200804150DET,RS,DET,1643.0,,49,61,-12
200804150DET,RS,DET,1643.0,,49,62,-13
200804150DET,RS,DET,1676.0,,51,62,-11
200804150DET,RS,DET,1687.0,,51,64,-13
200804150DET,RS,DET,1710.0,,54,64,-10
200804150DET,RS,DET,1738.0,,54,66,-12
200804150DET,RS,DET,1757.0,,57,66,-9
200804150DET,RS,DET,1782.0,,58,66,-8
200804150DET,RS,DET,1782.0,,59,66,-7
200804150DET,RS,DET,1794.0,,59,68,-9
200804150DET,RS,DET,1811.0,,61,68,-7
200804150DET,RS,DET,1829.0,,61,70,-9
200804150DET,RS,DET,1829.0,,61,71,-10
200804150DET,RS,DET,1854.0,,61,74,-13
200804150DET,RS,DET,1907.0,,63,74,-11
200804150DET,RS,DET,1929.0,,63,77,-14
200804150DET,RS,DET,1964.0,,66,77,-11
200804150DET,RS,DET,1992.0,,66,78,-12
200804150DET,RS,DET,1992.0,,66,79,-13
200804150DET,RS,DET,2012.0,,68,79,-11
200804150DET,RS,DET,2044.0,,70,79,-9
200804150DET,RS,DET,2052.0,,70,81,-11
200804150DET,RS,DET,2074.0,,72,81,-9
200804150DET,RS,DET,2099.0,,72,83,-11
200804150DET,RS,DET,2130.9,,72,85,-13
200804150DET,RS,DET,2156.4,,72,86,-14
200804150DET,RS,DET,2172.0,,72,88,-16
200804150DET,RS,DET,2185.0,,74,88,-14
200804150DET,RS,DET,2212.0,,75,88,-13
200804150DET,RS,DET,2228.0,,75,90,-15
200804150DET,RS,DET,2232.0,,76,90,-14
200804150DET,RS,DET,2232.0,,77,90,-13
200804150DET,RS,DET,2275.0,,79,90,-11
200804150DET,RS,DET,2302.0,,79,92,-13
200804150DET,RS,DET,2319.0,,81,92,-11
200804150DET,RS,DET,2322.0,,81,93,-12
200804150DET,RS,DET,2344.0,,81,96,-15
200804150DET,RS,DET,2406.0,,83,96,-13
200804150DET,RS,DET,2429.0,,83,97,-14
200804150DET,RS,DET,2429.0,,83,98,-15
200804150DET,RS,DET,2447.0,,86,98,-12
200804150DET,RS,DET,2465.0,,88,98,-10
200804150DET,RS,DET,2564.0,,90,98,-8
200804150DET,RS,DET,2585.0,,90,99,-9
200804150DET,RS,DET,2595.0,,92,99,-7
200804150DET,RS,DET,2619.0,,92,101,-9
200804150DET,RS,DET,2630.0,,94,101,-7
200804150DET,RS,DET,2654.0,,95,101,-6
200804150DET,RS,DET,2654.0,,96,101,-5
200804150DET,RS,DET,2679.0,,96,104,-8
200804150DET,RS,DET,2697.0,,97,104,-7
200804150DET,RS,DET,2730.0,,97,105,-8
200804150DET,RS,DET,2772.0,,97,107,-10
200804150DET,RS,DET,2783.0,,98,107,-9
200804150DET,RS,DET,2791.0,,98,109,-11
200804150DET,RS,DET,2809.0,,98,110,-12
200804150DET,RS,DET,2809.0,,98,111,-13
200804150DET,RS,DET,2823.7,,100,111,-11
200804150DET,RS,DET,2827.4,,103,111,-8
200804150DET,RS,DET,2834.3,,103,112,-9
200804150DET,RS,DET,2834.3,,103,113,-10
200804150DET,RS,DET,2859.4,,103,114,-11
200804150DET,RS,DET,2859.4,F,103,115,-12
200804150DET,RS,DET,2880.0,,103,115,-12
200804160MIN,RS,MIL,0.0,,0,0,0
200804160MIN,RS,MIL,27.0,,0,1,-1
200804160MIN,RS,MIL,27.0,,0,2,-2
200804160MIN,RS,MIL,50.0,,0,4,-4
200804160MIN,RS,MIL,69.0,,2,4,-2
200804160MIN,RS,MIL,119.0,T,4,4,0
200804160MIN,RS,MIL,140.0,LC,6,4,2
200804160MIN,RS,MIL,172.0,,9,4,5
200804160MIN,RS,MIL,197.0,,9,6,3
200804160MIN,RS,MIL,212.0,,11,6,5
200804160MIN,RS,MIL,267.0,,13,6,7
200804160MIN,RS,MIL,296.0,,15,6,9
200804160MIN,RS,MIL,311.0,,15,8,7
200804160MIN,RS,MIL,333.0,,17,8,9
200804160MIN,RS,MIL,366.0,,17,10,7
200804160MIN,RS,MIL,397.0,,19,10,9
200804160MIN,RS,MIL,423.0,,19,12,7
200804160MIN,RS,MIL,433.0,,21,12,9
200804160MIN,RS,MIL,450.0,,21,14,7
200804160MIN,RS,MIL,469.0,,21,16,5
200804160MIN,RS,MIL,500.0,,24,16,8
200804160MIN,RS,MIL,522.0,,24,18,6
200804160MIN,RS,MIL,541.0,,26,18,8
200804160MIN,RS,MIL,600.0,,26,20,6
200804160MIN,RS,MIL,621.0,,27,20,7
200804160MIN,RS,MIL,621.0,,28,20,8
200804160MIN,RS,MIL,634.0,,28,22,6
200804160MIN,RS,MIL,664.1,,28,24,4
200804160MIN,RS,MIL,678.9,,30,24,6
200804160MIN,RS,MIL,718.5,,32,24,8
200804160MIN,RS,MIL,741.0,,32,26,6
200804160MIN,RS,MIL,821.0,,32,27,5
200804160MIN,RS,MIL,835.0,,34,27,7
200804160MIN,RS,MIL,874.0,,34,29,5
200804160MIN,RS,MIL,906.0,,35,29,6
200804160MIN,RS,MIL,906.0,,36,29,7
200804160MIN,RS,MIL,964.0,,36,31,5
200804160MIN,RS,MIL,1019.0,,36,33,3
200804160MIN,RS,MIL,1055.0,,36,35,1
200804160MIN,RS,MIL,1074.0,,39,35,4
200804160MIN,RS,MIL,1135.0,,39,37,2
200804160MIN,RS,MIL,1194.0,T,39,39,0
200804160MIN,RS,MIL,1222.0,LC,39,41,-2
200804160MIN,RS,MIL,1266.0,,39,43,-4
200804160MIN,RS,MIL,1305.0,,39,44,-5
200804160MIN,RS,MIL,1305.0,,39,45,-6
200804160MIN,RS,MIL,1337.0,,39,47,-8
200804160MIN,RS,MIL,1356.0,,41,47,-6
200804160MIN,RS,MIL,1385.8,,41,48,-7
200804160MIN,RS,MIL,1405.6,,43,48,-5
200804160MIN,RS,MIL,1418.6,,43,49,-6
200804160MIN,RS,MIL,1418.6,,43,50,-7
200804160MIN,RS,MIL,1437.4,,45,50,-5
200804160MIN,RS,MIL,1440.0,,45,53,-8
200804160MIN,RS,MIL,1479.0,,45,55,-10
200804160MIN,RS,MIL,1502.0,,47,55,-8
200804160MIN,RS,MIL,1523.0,,47,57,-10
200804160MIN,RS,MIL,1523.0,,47,58,-11
200804160MIN,RS,MIL,1576.0,,48,58,-10
200804160MIN,RS,MIL,1576.0,,49,58,-9
200804160MIN,RS,MIL,1588.0,,49,60,-11
200804160MIN,RS,MIL,1588.0,,49,61,-12
200804160MIN,RS,MIL,1621.0,,49,63,-14
200804160MIN,RS,MIL,1647.0,,49,65,-16
200804160MIN,RS,MIL,1664.0,,50,65,-15
200804160MIN,RS,MIL,1736.0,,52,65,-13
200804160MIN,RS,MIL,1759.0,,52,67,-15
200804160MIN,RS,MIL,1782.0,,55,67,-12
200804160MIN,RS,MIL,1822.0,,56,67,-11
200804160MIN,RS,MIL,1865.0,,57,67,-10
200804160MIN,RS,MIL,1884.0,,57,69,-12
200804160MIN,RS,MIL,1916.0,,59,69,-10
200804160MIN,RS,MIL,1942.0,,59,71,-12
200804160MIN,RS,MIL,1959.0,,61,71,-10
200804160MIN,RS,MIL,1988.0,,63,71,-8
200804160MIN,RS,MIL,1997.0,,63,72,-9
200804160MIN,RS,MIL,2017.0,,64,72,-8
200804160MIN,RS,MIL,2017.0,,65,72,-7
200804160MIN,RS,MIL,2104.4,,65,73,-8
200804160MIN,RS,MIL,2104.4,,65,74,-9
200804160MIN,RS,MIL,2126.4,,66,74,-8
200804160MIN,RS,MIL,2126.4,,67,74,-7
200804160MIN,RS,MIL,2184.0,,69,74,-5
200804160MIN,RS,MIL,2232.0,,69,76,-7
200804160MIN,RS,MIL,2248.0,,72,76,-4
200804160MIN,RS,MIL,2266.0,,74,76,-2
200804160MIN,RS,MIL,2273.0,,75,76,-1
200804160MIN,RS,MIL,2288.0,,75,78,-3
200804160MIN,RS,MIL,2326.0,,76,78,-2
200804160MIN,RS,MIL,2326.0,,77,78,-1
200804160MIN,RS,MIL,2336.0,,77,80,-3
200804160MIN,RS,MIL,2362.0,,77,83,-6
200804160MIN,RS,MIL,2416.0,,79,83,-4
200804160MIN,RS,MIL,2447.0,,81,83,-2
200804160MIN,RS,MIL,2539.0,T,83,83,0
200804160MIN,RS,MIL,2558.0,,83,85,-2
200804160MIN,RS,MIL,2588.0,,83,88,-5
200804160MIN,RS,MIL,2601.0,,84,88,-4
200804160MIN,RS,MIL,2601.0,,85,88,-3
200804160MIN,RS,MIL,2614.0,,85,90,-5
200804160MIN,RS,MIL,2636.0,,88,90,-2
200804160MIN,RS,MIL,2686.0,,88,92,-4
200804160MIN,RS,MIL,2712.0,,90,92,-2
200804160MIN,RS,MIL,2796.0,,90,94,-4
200804160MIN,RS,MIL,2824.9,,92,94,-2
200804160MIN,RS,MIL,2853.3,,93,94,-1
200804160MIN,RS,MIL,2853.3,T,94,94,0
200804160MIN,RS,MIL,2924.0,LC,96,94,2
200804160MIN,RS,MIL,2937.0,T,96,96,0
200804160MIN,RS,MIL,2937.0,LC,96,97,-1
200804160MIN,RS,MIL,2952.0,LC,98,97,1
200804160MIN,RS,MIL,2973.0,,100,97,3
200804160MIN,RS,MIL,3019.0,,103,97,6
200804160MIN,RS,MIL,3033.0,,103,99,4
200804160MIN,RS,MIL,3049.0,,106,99,7
200804160MIN,RS,MIL,3084.0,,108,99,9
200804160MIN,RS,MIL,3126.9,,108,101,7
200804160MIN,RS,MIL,3144.5,F,110,101,9
200804160MIN,RS,MIL,3180.0,,110,101,9
